0.032964165140755265 0.04388228982954983 0.11937875131590729 0.052528697717274364 0.029389040905648645 0.09433390360559185 0.03123198718640661 0.02300829782879273 0.028937839830261703 0.5443450266398162 
0.01946481650226197 0.28104514532396313 0.025636313701083432 0.03187331042470669 0.022937814808922853 0.021895622851087915 0.028646870981151755 0.19621375592119258 0.05789161851239391 0.3143947309732194 
0.07279459526516198 0.056808277885593284 0.09139347025605293 0.07189323510571745 0.1991672282376114 0.056808277885593256 0.28071008170749695 0.05680827788559328 0.05680827788559323 0.05680827788559328 
0.027737468298128044 0.22340898824881741 0.016867561615358104 0.0266462065994515 0.01686756161535801 0.44463498703117016 0.020406872696009534 0.08620522723446856 0.10027062675475877 0.03695449990643773 
0.06166688888450706 0.034663944373326885 0.06020078936691345 0.026933245740138913 0.03308658217362744 0.05127917081914556 0.37376682754878215 0.03370041568556012 0.026933245740139056 0.2977688896678662 
0.10584834848042668 0.048618048813610905 0.048618048813610884 0.04861804881361094 0.06140309268384923 0.061548559196702636 0.4000722173508688 0.04861804881361099 0.048618048813610884 0.12803753822012576 
0.2325030202369328 0.022486052217530313 0.02375672727026112 0.08212065909277413 0.25689841854303863 0.013849150314011958 0.2030123288797727 0.03887923820604491 0.10051891648126812 0.025975488758306662 
0.04386926994363718 0.0543570896726754 0.0552804301022329 0.13797970601307 0.04386926994363718 0.043869269943637226 0.08620176662339289 0.043869269943637185 0.37346877835747555 0.11723514945660579 
0.057241425318552856 0.11146280772291331 0.057241425318552856 0.07408646666156692 0.28492853754538433 0.05724142531855282 0.05724142531855285 0.13545900333081945 0.107856058146558 0.057241425318552856 
0.5997393049606249 0.030995033730502622 0.037877555546737995 0.030995033730502563 0.030995033730502584 0.0493778410953102 0.06401683956819253 0.04574826586685379 0.07926005804028731 0.03099503373050262 
0.016348430652815483 0.0450057564634381 0.03431822572442246 0.024676704461913276 0.019963367708869605 0.027263384891320394 0.024582881543656586 0.04093033022638477 0.030556564600770164 0.7363543537264445 
0.08016884710068367 0.028893725406454348 0.04334111957077135 0.024759874900215112 0.10594078719026806 0.07523746618258323 0.508214875536108 0.05268197079512654 0.020465591258850908 0.060295742058927994 
0.12257576706957608 0.06924366949091731 0.06924366949091731 0.11509499166997184 0.06924366949091731 0.08377303018233052 0.2485648334412081 0.06924366949091731 0.06924366949091731 0.0837730301823305 
0.029498959101764814 0.37898135210354045 0.10565530768752682 0.029498959101764935 0.03864906736485802 0.0560961319332543 0.045562235590604606 0.042054126534429206 0.23712869810880233 0.03687516247343695 
0.07390782773277106 0.09883341301238951 0.28073851116828835 0.05966657825612514 0.09032362910414497 0.05966657825612499 0.059666578256125126 0.072541699183868 0.14498860677401829 0.05966657825612516 
0.11255602730292162 0.08813828484330692 0.03554940402518084 0.23123546479475685 0.024315146531020706 0.03209403640386803 0.04599186713696697 0.27244412333402557 0.016525196553072222 0.14115044907484553 
0.04088603156434868 0.04569775137840367 0.027255551324039003 0.05753800249213986 0.03424463368306007 0.034317880638278495 0.03313687600371044 0.118352665413563 0.5697147143099389 0.03885589319245486 
0.02238492642429099 0.018057454708349567 0.02235443622536708 0.05264110014192054 0.09201752007149183 0.021846440395493518 0.02860848062931813 0.49818979051953005 0.02195397299064808 0.22194587789355272 
0.06557271957305733 0.02266254290134148 0.023439346896972076 0.07148109754642487 0.2517084976269019 0.018423039526911426 0.46305844875321434 0.01842303952691162 0.037776405571839415 0.02745486207641847 
0.07953782100279651 0.13184100492860884 0.023720057172072047 0.01912330922516806 0.033500447707814164 0.37098190008827775 0.1627057135660758 0.05515928891071575 0.022110941638607308 0.10131951575984746 
0.0361984807219484 0.2647882936124585 0.014576240681135208 0.2346092955087779 0.1828854184591593 0.11515529996447783 0.03473839491741197 0.06958719834174423 0.018060980335732196 0.02940039745704495 
0.07883291483732878 0.051439844814804986 0.07074785688212816 0.1769363566051468 0.03688098769087834 0.046552073442923794 0.03657673917086254 0.029383973292808525 0.05941908364614471 0.4132301696169653 
0.440184666928555 0.051266292056710766 0.023220081631302687 0.12368103423266492 0.013010693383156902 0.0641403885268007 0.1397754403048435 0.015740719945860446 0.013010693383156954 0.11596998960695071 
0.05438077645869415 0.02685590979445383 0.47743476604839113 0.04024316261030543 0.21803156392926287 0.035271569275063266 0.0717397496820284 0.02097484117055251 0.02603450655450634 0.029033154476729155 
0.02544311493193201 0.35346735305860955 0.024571215217034984 0.06481597236061072 0.2857417341827322 0.019922892529782216 0.057343914049422115 0.037138668803730165 0.10130433688896445 0.030250797977207696 
0.4784294805142714 0.04673576427003354 0.026448595007293678 0.10964131211289209 0.07230008717352103 0.05955246397288382 0.05263783044012214 0.039109247925061624 0.021861424460809704 0.09328379412312385 
0.06722069012245031 0.3162323539499622 0.015280688054831527 0.02333006732886995 0.02668885882204779 0.043650987656018894 0.04058750491416369 0.03524388632891532 0.30148122720994547 0.1302837356127688 
0.07668874076829202 0.07710634813928656 0.28229412422330663 0.06181327845091843 0.08796952508176233 0.07881482583280136 0.06181327845091853 0.07478352431938666 0.07825241212865992 0.12046394260466993 
0.037936979859817685 0.02220366544382411 0.021072511797103007 0.08826651445625185 0.33518300613903906 0.01737815152653533 0.3864154669333071 0.02568451565537526 0.032428426281354616 0.03343076190742319 
0.06902175905539784 0.04995071044508634 0.09338050467077333 0.09657355107045021 0.1102522420364992 0.1062384713338302 0.07444855145601813 0.06722484681618096 0.06283940658720624 0.2700699565285589 
0.052063498689553234 0.05206349868955312 0.10508224821356997 0.052063498689553206 0.08269458743359137 0.06590307885032129 0.3797522035598695 0.0682127684967143 0.09010111868771224 0.052063498689553254 
0.0334218832299447 0.03522569359345208 0.6372684864570064 0.027064690581359234 0.0538072640726123 0.04160557115002536 0.05179268372877357 0.027064690581359182 0.04892312010994244 0.043825916495508405 
0.01658627088272553 0.020251683386461702 0.20474979657123815 0.016755283177721625 0.019702843616459548 0.013481312995586074 0.03052646795225332 0.2201063189107363 0.040504317879622 0.41733570462711467 
0.1329644499537912 0.0873889048318246 0.07830018249551186 0.061354059144392604 0.0613540591443926 0.10605962232238227 0.07940936886279071 0.061354059144392604 0.22454993007008095 0.1072653640304472 
0.27869975636196487 0.04682551936529024 0.04550626147064669 0.0447585529049345 0.043000681504804565 0.0399220280797452 0.07313011028020858 0.33576154767073124 0.058237100104181906 0.03415844225748536 
0.021675821744860914 0.1483589881390056 0.04330990295588243 0.04141094775090254 0.40817572221690823 0.15188203650217616 0.023383105340710458 0.07722152690085579 0.03221026499075557 0.05237168345795126 
0.03613612656035262 0.038398168178078396 0.024185704110177255 0.07928789502466824 0.07299394566726457 0.051168608422576145 0.024185704110177265 0.0873647576954836 0.07977334735684927 0.5065057428743666 
0.03380913093681247 0.03919624759751522 0.08295467899853427 0.21274520001284447 0.06710594241321793 0.06196759610164245 0.03358514063315442 0.30180327808422663 0.027662875634188684 0.13916990958783396 
0.12097327154614053 0.03441479217207791 0.028456589615466425 0.05170190307823999 0.057423936042721134 0.027067479547087367 0.5850012200556145 0.020275342804485084 0.03041502613638277 0.04427043900174376 
0.010859272473565093 0.020183797496447733 0.08978344905171615 0.07997024799389617 0.011406242725408132 0.01766822370923593 0.1734567704842924 0.041588751552205545 0.02061440736062101 0.5344688371525607 
0.04741208983379748 0.039189069216904134 0.07666712564726542 0.04965338538944909 0.13772823798249698 0.40995811439716073 0.05034911699237215 0.03918906921690412 0.06990801554448693 0.07994577577921928 
0.027330263669611728 0.08719466953211442 0.027330263669611898 0.11156624221553971 0.03416418558302608 0.0420660050802244 0.04990544887783583 0.051214514122739536 0.541898143579609 0.027330263669611683 
0.05262927475110572 0.02611655166966614 0.08028716115003466 0.07918467387822953 0.09405153848611382 0.08602265809880794 0.032687190217120674 0.06546670930854083 0.031596573193861735 0.4519576692464961 
0.06126467663237298 0.061264676632373075 0.06126467663237318 0.13271150912505483 0.08601974306065263 0.06126467663237305 0.061264676632373 0.0612646766323731 0.09393403972580815 0.31974664829423327 
0.06034333067585934 0.23913346937607208 0.3849604372132453 0.025350549097980617 0.03620649697548537 0.041726453525694256 0.025350549097980585 0.04927706477825107 0.03744514765174365 0.10020650160767412 
0.02045834950781013 0.021120702127600623 0.014182330039988948 0.04988992706556718 0.35166231505491696 0.020398383588836676 0.42718093648044353 0.03832492439390753 0.029870941693673814 0.02691119004724387 
0.1040009108570392 0.07561066885594707 0.060933869565256156 0.13528381525705177 0.09016919706934766 0.1447298975518903 0.060933869565256156 0.09165124563024978 0.060933869565256184 0.1757526560827068 
0.04220855996122394 0.05752123797300873 0.022171696539340657 0.07835144646691365 0.13122091711018374 0.4713272854834404 0.037146840758210356 0.03410611034585041 0.08882531316969453 0.03712059219207776 
0.07346492205368539 0.05978003732343583 0.07325455466069336 0.05978003732343595 0.05978003732343589 0.1007869576145744 0.12501166425099713 0.22247750634135233 0.07415060094939087 0.1515136821589952 
0.03592422056791376 0.519057566011906 0.10522830206463839 0.0207843032327903 0.024607119140506253 0.05585495889015382 0.03934070781119132 0.1411612306576967 0.041210680807301114 0.016830910815959776 
0.18430587564168283 0.1526930301602978 0.06282944894598787 0.20238405886301383 0.0654893380102825 0.05085506115484458 0.06582071938029092 0.05085506115484464 0.08108193974157779 0.08368546694717396 
0.3305888285739944 0.034020918981478264 0.020351609322751357 0.1494879343167227 0.049810111609368435 0.05575586768271839 0.0320332070948986 0.0508858522762485 0.2602560829157489 0.0168095872259702 
0.0768721497044355 0.0256416646891954 0.01473742346535191 0.18082646126459148 0.14940030011277425 0.09714703150465898 0.2019696629510591 0.1361301975203236 0.01872435508143393 0.09855075370617067 
0.17876272114579597 0.05463412366231075 0.04708719537985167 0.11528703194418603 0.10006539487677758 0.16671316570679845 0.16746728795001345 0.05065248595279775 0.03766826116976826 0.08166233221170575 
0.05151076979612203 0.032570322844498976 0.04034150982984077 0.34408091966655624 0.04002245421674159 0.04078423306983549 0.2757214882017884 0.051543116134490224 0.09085486339562783 0.032570322844498976 
0.09925005705971791 0.052280979498711876 0.09863967524574968 0.12486067941764964 0.05228097949871203 0.05228097949871204 0.10893624823800023 0.10697186315031576 0.07300735672020281 0.23149118167223096 
0.024158002572414593 0.03530023418642116 0.09765344325812583 0.06023315770018949 0.032761501046928036 0.053969289695537194 0.036968852493059035 0.042982633910575434 0.028370507094093226 0.5876023780426934 
0.12002102883598224 0.07804149230681046 0.10039909460294733 0.06450619355787052 0.08274452535875781 0.06450619355787053 0.0645061935578692 0.08239573085916164 0.22892686352776875 0.11395268383496056 
0.0600206133076893 0.07297212950117006 0.060020613307689305 0.11088231303257179 0.09680833894158017 0.06002061330768928 0.28547498932464827 0.104668048341238 0.07660954167869913 0.07252279925702912 
0.07679489961959508 0.1570340686500955 0.11976660812525541 0.21146083986576159 0.06026778125864437 0.060267781258644355 0.08335674813673735 0.0743947240223255 0.09638876780428846 0.060267781258644335 
0.06145388177869084 0.03530112771611612 0.3089381872315397 0.02446399322189054 0.15634898678975456 0.02147650090802007 0.03097305398460274 0.01651152835747145 0.03188660077836787 0.31264613923349666 
0.09333088134547833 0.11817018359960624 0.08250262575531424 0.023965234432174288 0.06025043848244786 0.3410320154864038 0.10419759395494615 0.10988152730507919 0.042704265206350366 0.023965234432174222 
0.032256249901765864 0.49406742586654395 0.21807612576325405 0.03857835173318148 0.04329286286656924 0.05786853895705018 0.020868231924162584 0.04233441949219079 0.020868231924162615 0.0317895615710963 
0.4270999727288258 0.09084271923806105 0.021192279117835115 0.06594286612022095 0.12200368645481328 0.014201047773810415 0.12334704163911074 0.05506383640285085 0.025239347029453987 0.05506720349501411 
0.33287539832062724 0.06315813487947469 0.03523982241663262 0.16689695831951867 0.035178650588116755 0.04943937851139612 0.09306734791440961 0.02443720342745793 0.15180125086299176 0.04790585475937528 
0.04328886677205311 0.03462971888979236 0.03462971888979229 0.06586114185984429 0.10152984393015901 0.12825080415906107 0.2356152526499009 0.0346297188897924 0.052860077303108974 0.2687048566564881 
0.015461037230690668 0.1289233059034113 0.012080986864840867 0.027197987524518397 0.07145536149933132 0.016677289776029582 0.5269218696492876 0.07666507173778404 0.018901448204751335 0.10571564160930529 
0.16902897557254815 0.1268665319695838 0.04785568512211234 0.12060992993968035 0.020051462983740578 0.01320375006285841 0.013240327924259629 0.19015549894101122 0.1803900555818846 0.11859778190228075 
0.016938024271188293 0.016938024271188398 0.04530992650540608 0.031867670481424 0.027897403738143176 0.024901224923147093 0.026898227064315505 0.05998011573169454 0.029118423020398528 0.7201509599930911 
0.0350286494717491 0.053980258383381934 0.03502864947174905 0.035028649471749294 0.4291742210237051 0.1824456677393641 0.051064589988305105 0.04440908834213493 0.09881157663610389 0.03502864947174911 
0.09841514860096026 0.14454728027606056 0.07976462354525234 0.172443296697518 0.06660930341491111 0.10209551310412154 0.10108360599954652 0.06650068474183361 0.0881670177688357 0.08037352585096277 
0.06705659128742425 0.06800563536426919 0.09576098536149048 0.06600408222128369 0.11531573156312627 0.053224884541111434 0.06847780588898458 0.18517383088866288 0.20145152681170342 0.07952892607194277 
0.055342027004294685 0.10794701269501636 0.06934276618861814 0.24110699413267428 0.05534202700429471 0.0677929662426891 0.05534202700429471 0.05534202700429473 0.05534202700429469 0.2371001257195352 
0.01668848585519016 0.06586401016513006 0.013794081416722746 0.04636792462573239 0.027477568114502023 0.019561768238829314 0.6649384866945928 0.07371360366521129 0.028254566466849138 0.04333950475724115 
0.42496699846282204 0.023960633727811476 0.01980066104828072 0.08788283936376073 0.13472045761979357 0.01562894542097754 0.14888934161466008 0.04975996266088012 0.05260041968039693 0.041789740400614846 
0.028893076809015216 0.2916659391746285 0.01927012296219722 0.12140664941646767 0.025164136719129482 0.05948413253263343 0.06391898824440977 0.038570714854179504 0.06905213639211692 0.28257410289522367 
0.05062296619489621 0.05062296619489615 0.05062296619489619 0.47387076354557 0.06547269398192444 0.05062296619489621 0.0794813970994797 0.050622966194896195 0.06430138746429356 0.0637589269342214 
0.031009122276480717 0.5894696164554044 0.044583551775508254 0.0232602675026242 0.01813082065884991 0.06002815642704021 0.01813082065884995 0.029887209091060407 0.045122685791596624 0.14037774936254552 
0.13455645203922628 0.14435515013411998 0.04095436533276169 0.15062579620427474 0.14008102267645242 0.09242421441884001 0.1995320663682718 0.02678682922237284 0.017822638799577482 0.052861464804074436 
0.0430786353166129 0.05305036074493964 0.043078635316613045 0.23718079667328928 0.043078635316613 0.10427944811136464 0.04307863531661299 0.17766172007539727 0.06998998035746518 0.18552315277109763 
0.03903017142072072 0.05201425184342465 0.10028067876979298 0.04245671336281971 0.03126608037328107 0.04406343515034373 0.03751203263861614 0.059788371091912325 0.05437668043763622 0.5392115849114355 
0.031695548476819525 0.04363898232817003 0.046170044329068 0.40863517048997045 0.042156275918411895 0.03274925103096994 0.04377408294631647 0.1722900053364721 0.06648914925241929 0.11240148989134696 
0.0994633359709373 0.10277083151192279 0.1047083116744215 0.1157458220492972 0.0804248767237583 0.06473263452975302 0.1424532781016869 0.12893277285199226 0.08093097521477764 0.07983716137145336 
0.12995145023569799 0.07539208906031408 0.1913722418278078 0.07539208906031408 0.07539208906031411 0.07539208906031408 0.07539208906031408 0.07539208906031408 0.09166053099241128 0.1346632425821984 
0.03233657001211718 0.02660714565988763 0.07812280567437695 0.04915160157789667 0.08675338094061454 0.5054791378724818 0.06978378708129711 0.021629721709710795 0.04314276237724073 0.08699308709425495 
0.06063000122705864 0.0796687808577146 0.07778302338109803 0.119031534533774 0.060630001227058423 0.21891567530494374 0.15320385102164952 0.06063000122705842 0.09220051122859073 0.07730661999105558 
0.1230014572954873 0.09083760763379901 0.08362857051197904 0.11191471103206117 0.0819315124776109 0.08855639250370669 0.06772153948046254 0.06772153948046233 0.06772153948046233 0.21696513010396287 
0.10314611542734858 0.03022709812046026 0.021379859216073056 0.02819801535699793 0.19401989480476847 0.25584004604027744 0.21970021156724143 0.05493933006020992 0.06655612861452653 0.025993300792082882 
0.033509288461531624 0.05524389487135748 0.03279296073032886 0.03473390953369842 0.0668838892503025 0.023106346392369578 0.09675632659680196 0.05398928112827057 0.4689089324216215 0.1340751706137155 
0.09642981482244149 0.07809280504478362 0.03559714931483214 0.03559714931483214 0.3985443939861165 0.10122590120549624 0.07061892665297195 0.062329975922148916 0.062470602610975486 0.05909328112538117 
0.07547600895106539 0.0754760089510654 0.09255690511295822 0.12930239806709815 0.09131309796816615 0.09258645083066086 0.10251731192266544 0.18981980029418946 0.07547600895106542 0.07547600895106568 
0.10380787125012217 0.09866212856003463 0.11423705798581522 0.08047699396980028 0.09858159505861497 0.08047699396980025 0.08047699396980028 0.09784267940955602 0.1649606918566572 0.08047699396980028 
0.03103553388444211 0.039043579461387194 0.0529819177842549 0.06301061505847215 0.09325105310358563 0.031035533884442204 0.051015491879361864 0.3498745111919317 0.053613983486655824 0.23513778026546434 
0.06853108569745497 0.08304639491413637 0.076598159007754 0.052468838777840116 0.22174287841702342 0.052468838777839755 0.14227263426805795 0.09036560150403641 0.07548582584211164 0.137019742793742 
0.02758077044833506 0.04530918880514679 0.02369899293470373 0.01846583740434658 0.3188858157456027 0.027067853866972802 0.34853698827601215 0.1121353170696018 0.03891617535824019 0.03940306009105807 
0.057220080912977964 0.047295989680190505 0.3468253168909959 0.04729598968019057 0.16373257036045882 0.10345086504121893 0.0472959896801905 0.05722008091297793 0.08236712716059431 0.04729598968019053 
0.02931955948479051 0.05601119427826085 0.031077292897883194 0.02940948634189343 0.07807386512464372 0.03024321380743855 0.03326013526001128 0.6063428891088768 0.07139820491244081 0.03486415878368381 
0.012803712711170562 0.012803712711172168 0.012803712711170537 0.08605270302858697 0.04274724002366648 0.016005276147502336 0.0284960075139277 0.5635284670315768 0.16098041470127525 0.06377875341997422 
0.09228455021943788 0.31313924587399145 0.03565289571297227 0.11817857668379898 0.06988160176521299 0.07163054716602663 0.08897718535273472 0.04220719703804527 0.10806289136562786 0.05998530882212898 
0.0697191575675053 0.08434828965780596 0.09057009074928363 0.20103393300624536 0.06971915756750527 0.09000499829854192 0.11792449802752189 0.06971915756750528 0.06971915756750531 0.13724155999057666 
0.052953288306136104 0.14158286914104998 0.05295328830613535 0.06406444736591271 0.052953288306135445 0.3316357667269457 0.1051293654346929 0.05295328830613492 0.09282110980073446 0.05295328830613537 
0.0725999029982023 0.09119133928906326 0.0725999029982023 0.07259990299820239 0.10279035766338936 0.0725999029982023 0.07259990299820233 0.15980239026023174 0.17707489497606502 0.10614150282024054 
0.01952371477071151 0.266725939618997 0.02993738110736868 0.01276976397792797 0.02071183988530447 0.015449236457413952 0.02149221384415024 0.50677177591802 0.01276976397792807 0.09384837044218367 
0.4097409919064243 0.2311259405432246 0.03049749299924836 0.03049749299924836 0.046556057843595865 0.04871172324297109 0.08958947973725537 0.04588656272058267 0.030497492999248303 0.03689676500819427 
0.430284560858611 0.02828523028632241 0.034852306995300716 0.1294182424369118 0.07900751301653325 0.06092653269605416 0.09632339446037977 0.06419306926331741 0.04842391970019242 0.02828523028632249 
0.03499050870665374 0.2360528637652951 0.0382084177971606 0.08156919595677674 0.024947060624475638 0.03168111841130518 0.058870806350942294 0.031169966718671702 0.42198263499773603 0.04052742667097856 
0.022932826312688503 0.1139793369589752 0.026878606259104747 0.03681728460980383 0.09533793836396548 0.027779974861308294 0.533804275828263 0.07527900265241647 0.022794425384077555 0.04439632876943664 
0.04998508892787512 0.06248384117913884 0.0873602105072637 0.1390371141192575 0.1859965109997615 0.08250991400652384 0.06046546858900398 0.09843529750447924 0.18374146523882393 0.049985088927875204 
0.09875561383071672 0.3301471003324003 0.023609086918011408 0.15621686489607828 0.02082476373862854 0.058520280812767146 0.0245222174082815 0.04040766161708536 0.221186451787863 0.02580995865815822 
0.028432216166408023 0.24319126275596437 0.0279524281596989 0.11202842460490867 0.04179868410144232 0.037567414865618695 0.19415164488765838 0.03812121573732571 0.208966009964341 0.06779069875665765 
0.027808713330218886 0.6322617845091301 0.0692125661683044 0.04020244219300694 0.027932525831381047 0.028994351958474877 0.027486015330751352 0.02695343388214878 0.059753418153013514 0.05939474864358212 
0.48146457612452204 0.1026925051140015 0.03745931011045928 0.07590605192603538 0.046616536805214145 0.06536668028011788 0.059744854323614906 0.0558308650951295 0.037459310110459255 0.037459310110459235 
0.0458971335426715 0.02085131306753683 0.017080070775874683 0.10515820564317459 0.4895985925088075 0.017080070775874687 0.20820144456121023 0.027984926018714266 0.036069885214521695 0.03207835789156594 
0.019447996269004716 0.02839123976728085 0.018606139467572527 0.02234881727379069 0.023503758623875222 0.026886583294239434 0.5551495333967157 0.04615590990802599 0.03746078494483315 0.2220492370546543 
0.07323785992187924 0.07323785992187924 0.09324447342788372 0.07323785992187924 0.07323785992187927 0.16980905688932887 0.1632000951632454 0.07323785992187924 0.07323785992187923 0.13431921498826666 
0.20357534349576056 0.0491286718617703 0.03460408614904795 0.2185775492598264 0.07072870011091473 0.05835741240763087 0.1665943973103699 0.0547523185139314 0.042250835642967735 0.10143068524779052 
0.03975656186432882 0.1609292713288976 0.22227972919911945 0.016552947973552747 0.07202626946385242 0.021487571683490032 0.03851237653372937 0.025355608859250693 0.05959097016479337 0.3435086929289825 
0.2515266587969846 0.06474715006478636 0.06474715006478594 0.11436409113270263 0.08210653064748313 0.09166912856929774 0.07833300858367516 0.06474715006478597 0.06474715006478593 0.12301198201071176 
0.05667535688230791 0.10778980247918785 0.0685675155231153 0.08992748760215434 0.10244482340125333 0.05667535688230795 0.056675356882307994 0.06890501869315242 0.08890734798095275 0.30343193367327553 
0.0778872397663031 0.07647485307408518 0.08936883899615575 0.0863134647654516 0.06321126786393036 0.06321126786393041 0.08487420924283469 0.06321126786393039 0.06321126786393036 0.3322363226994548 
0.024751413133911635 0.6881574007672724 0.04034551513856821 0.01975038033620067 0.04927033728953904 0.01975038033620067 0.029654524778949927 0.03858808426115191 0.024285292742235176 0.06544667121597067 
0.15012627464880055 0.11801808694780574 0.029789144127300996 0.03804644853899796 0.022813794401623285 0.08925583100839769 0.04137636023440806 0.03994215187077404 0.02466005325934149 0.4459718549625484 
0.01598689670280494 0.04088241505995564 0.03686443717801513 0.05503905460095492 0.015986896702804895 0.015986896702804832 0.022023769353016878 0.2403405685005331 0.03836680474951826 0.5185222604496192 
0.05154074407221386 0.09929253573051183 0.07322033793959354 0.051540744072213866 0.08088601327002752 0.3285424471567845 0.051540744072213866 0.1486315221579604 0.06326416745627816 0.05154074407221384 
0.3583988356976715 0.0340655686644148 0.026117840010885914 0.012040336343805524 0.014892800778574779 0.1670723974927425 0.13935257816868427 0.014566753428157565 0.012040336343805505 0.22145255307124706 
0.09934315232515203 0.06394297250957144 0.25738590147626045 0.06394297250957141 0.06394297250957141 0.13659635213306215 0.12301675900809689 0.06394297250957143 0.06394297250957141 0.06394297250957144 
0.07027945819466416 0.4705039729604443 0.251300028280896 0.024287971754576858 0.019977201853293478 0.027409051744258162 0.03208634842160911 0.03332030420170221 0.04578789295840784 0.02504776963014016 
0.07840211637364108 0.028951656445947827 0.4609687877034308 0.0631522187492196 0.09382142932959654 0.057486044935574514 0.08729831961873331 0.0215998353195724 0.055897705237517865 0.05242188628672685 
0.026579379205833198 0.6024663717583574 0.039893294593893354 0.03293029017914249 0.0354427730054983 0.03230472247237019 0.03668797708021915 0.02886964845295432 0.039884498292613986 0.12494104495911157 
0.06751321298979855 0.08448478184845144 0.06751321298979855 0.08355400906679812 0.08470034801078545 0.0941364893851477 0.2780496741899548 0.06751321298979847 0.10502184553966006 0.06751321298979855 
0.20911556402456716 0.1345683905091435 0.06793570023512638 0.02626343011663302 0.05027766866782621 0.0253402035223278 0.036499684355632944 0.36450279023756293 0.04168114782568172 0.04381542050549756 
0.06442148577606983 0.06442148577606988 0.06442148577606989 0.0967080881158701 0.2454754815366715 0.07832264189987719 0.1470923260001948 0.06442148577606985 0.09677650900487535 0.07793901033822548 
0.07345749612554986 0.07345749612554983 0.09111599332862377 0.09348738076296285 0.07345749612554989 0.12078666574276316 0.10041786445830289 0.09036150929050707 0.12587483815341305 0.1575832598867802 
0.5596327845311949 0.034947775164409174 0.034947775164409126 0.03494777516440913 0.052605153143189504 0.050519267914464504 0.10038442574296166 0.042280847407103056 0.0441757185276501 0.045558477240155736 
0.031439669112278676 0.024756933173086818 0.030708269091845278 0.07040456289663434 0.036880817082944335 0.024756933173091203 0.024756933173091186 0.6078060408323961 0.10759963142839538 0.04089021003620486 
0.05316511788752404 0.027906580152590673 0.024113745060698962 0.057506434497176115 0.05836943545605988 0.2995178044946207 0.033282968467996055 0.015864164534864115 0.06817432707730536 0.36209942237117376 
0.15593828886638564 0.04337062043430726 0.041588440424057294 0.030398983575743718 0.024005351191757802 0.443408355473693 0.08914687009952643 0.08697681722156875 0.024005351191757843 0.061160921521195476 
0.033714275875521574 0.057629520589729366 0.05007374220541094 0.042747892577289635 0.04078852364786889 0.052578673320181867 0.16213837107535622 0.042216679633565395 0.041633381623431644 0.47647893945159403 
0.01612058126041407 0.034144363743095395 0.012797454972698498 0.012797454972698036 0.04125384028339345 0.1754466112733622 0.107173029982958 0.04399214044610137 0.016390303324738145 0.5398842197405498 
0.029748798167635516 0.06734881222063709 0.031230752047352497 0.02729687223705048 0.08754027197058414 0.03744850091278697 0.6098058240932109 0.023541004846065926 0.04460762236718985 0.041431541137577986 
0.0737881440063469 0.23863426940491725 0.04969104666801123 0.061060421468568764 0.277752533829522 0.07639233127361554 0.04969104666801113 0.04969104666801115 0.073608113344987 0.04969104666801123 
0.04098464587666682 0.018552513281403345 0.03579573536350897 0.03522057816317606 0.3754546536702128 0.24945912555369484 0.06770491024457284 0.06249625068691905 0.023309894328258078 0.09102169283159157 
0.06196138871686374 0.26424289414074315 0.017294345175667136 0.4054454697623924 0.07767495640591755 0.02151759475934643 0.02336214722870663 0.0356944752156805 0.04077349086421033 0.05203323773037889 
0.07498636536599267 0.6877665261136657 0.024117019363218556 0.024117019363218584 0.03105703929977249 0.032682294790483415 0.040947623024853864 0.029737154140396974 0.030471939175119298 0.024117019363218695 
0.1091206213815477 0.041302115181335246 0.041520375840937304 0.03323493316722006 0.4182214857028381 0.07451217255667669 0.08038997689489615 0.07125034955362193 0.09023936899548021 0.04020860072544902 
0.3248055853199677 0.18755618068653784 0.16138268729541883 0.02521295812827791 0.022494721672308846 0.026295373145789263 0.05686755920096777 0.06180060162005256 0.022573278365639497 0.11101105456504369 
0.021677642675509336 0.01744745428733038 0.017447454287330372 0.1823227582291492 0.06208312208163208 0.017447454287330334 0.05634468901346202 0.06921730347800452 0.45038781544999645 0.10562430621025068 
0.0442896924038435 0.030985896253568256 0.08203455507101694 0.03843461682244214 0.05838396411599848 0.030985896253567957 0.03098589625356818 0.045968669021298314 0.040599747993754216 0.5973310658109658 
0.07195041006040152 0.5182581870428317 0.06861630257900954 0.03593976594533772 0.15023680060228867 0.02503678422502464 0.01838781058131028 0.05812257369942892 0.02658782735224474 0.0268635379121099 
0.0172950353758133 0.06169877091526858 0.47670727188342116 0.07177721748203902 0.06780668727610459 0.017295035375813443 0.1599601518693556 0.03911861522471717 0.01729503537581331 0.07104617922166195 
0.05016410924146966 0.28369594574952745 0.029515375754241287 0.05532892651337345 0.09050978475343609 0.051906228370384215 0.02951537575424132 0.0358843354494391 0.15616304623196797 0.2173168721819714 
0.03929605444577628 0.04455013481892284 0.025436066916197257 0.11325316158233115 0.03637029023580788 0.05590828275761856 0.038969099948723246 0.3325487297344569 0.1548163481882522 0.1588518313719154 
0.01824264239888944 0.026890379029347405 0.03331203275667165 0.043710759498794924 0.43854710462262714 0.115411100630384 0.10239484995506212 0.02651664491641883 0.02280433245484129 0.17217015373691386 
0.035360990901515475 0.02815396439582637 0.04269763837438048 0.028504482528852723 0.14065891899737246 0.028933055497939716 0.40559200293061376 0.10819359215485895 0.1540779666198663 0.027827387598755533 
0.03467245526150033 0.05490062281426318 0.045767748656115465 0.04675845260971789 0.3169649584065814 0.14950629540225438 0.11997778155486485 0.024848057769839775 0.06469533133566319 0.14190829618919323 
0.16002465555197443 0.2441358748238548 0.06611717483672147 0.11385032229905274 0.06611717483672153 0.06611717483672147 0.06611717483672146 0.06611717483672158 0.06611717483672151 0.08528609830479529 
0.03217033002088848 0.10747976010422718 0.044994184839429484 0.03345747627423926 0.4453756450925747 0.08808269882351709 0.07070685420215461 0.022714243190158107 0.05224286788739535 0.10277593956541214 
0.049767969408116515 0.04109247591748587 0.1477241079706435 0.413818520825415 0.04748873636098023 0.021353619102723372 0.017467703049343836 0.022061168958564942 0.07147946173550428 0.16774623667119312 
0.06716685977905337 0.03637342501998837 0.3967332060629353 0.044793046591595324 0.05261432236660296 0.11054387527260129 0.09110946543453428 0.0451172572748191 0.05905739455382847 0.09649114764408905 
0.1046289514872653 0.10029310721093966 0.06316539449051117 0.0764193541162128 0.0813067488101017 0.06316539449051121 0.12536620208515137 0.06316539449051149 0.21689506144906442 0.10559439136972718 
0.05545712446764604 0.09688766624353888 0.03737650614732416 0.3272879663370061 0.03676391327220293 0.037473888136350164 0.06314111909823124 0.038850170974444154 0.25476817158253334 0.051993473740718 
0.07148969347411234 0.09206188320022547 0.07148969347411235 0.07148969347411234 0.10704592872441239 0.0907697457716171 0.09959533421861219 0.0897869269453901 0.21935504167201247 0.08691605904539386 
0.6909903397230268 0.04371286760248471 0.036271211267505925 0.022661747420717752 0.022661747420717897 0.053207301550107534 0.05172037974139243 0.028273467008359927 0.022661747420717752 0.027839190844946446 
0.0449422075497763 0.4719244120093569 0.044942207549776285 0.06514281273306294 0.0449422075497762 0.06863471260727418 0.05520998313782218 0.0550912818595567 0.07764908956648911 0.07152108543704618 
0.3605771647498305 0.04284191454453241 0.023293696199205894 0.11094008698523218 0.12080648300823847 0.02191648209728498 0.151960983962232 0.018951672429112318 0.07759701664233977 0.07111449938198704 
0.10852922725854611 0.06891795660774952 0.020125567220901884 0.1701610392116533 0.1536403290255729 0.024348503807330425 0.36109146686670807 0.03629180201223563 0.03134569973958194 0.025548408249654705 
0.029823686630452154 0.036016590060186864 0.06573901357648827 0.055285946780536506 0.03276602466910865 0.043664436119715544 0.14581919903059412 0.07555383394464492 0.036808197427711166 0.47852307176058123 
0.08300549224826015 0.0804186416528747 0.10986721635254057 0.06137964983068769 0.061379649830687937 0.11191380264834652 0.09010022568520744 0.23066108522200732 0.10989458669870146 0.06137964983068767 
0.05800860484366539 0.6852290845046908 0.04146108102385594 0.027548817495918015 0.016696206890304068 0.043314247537172376 0.016696206890304335 0.041102713938178485 0.029546780013313168 0.04039625686256851 
0.02852698431514466 0.451070755982417 0.30095845201468824 0.024900232570993625 0.026199549039821413 0.026176581189075048 0.01690788948749412 0.03106883590438153 0.04068348651614474 0.05350723297983559 
0.03147229370181308 0.07162680238015733 0.03147229370181315 0.05342326981185415 0.03877932160489653 0.37458587222334955 0.047352102894998485 0.23283042261491557 0.07405716519142026 0.04440045587474488 
0.02528723977169254 0.03785095146313085 0.027089882560922856 0.030770923535019926 0.40999526070352904 0.23044662129498758 0.03013941965183924 0.05701496350514541 0.07896302397453948 0.07244171353919743 
0.05872555198969073 0.032846660393363716 0.03258736997653789 0.046419959746353226 0.02569402209157535 0.15663881875526078 0.11450337455147991 0.39979660187796784 0.07176546688114598 0.06102217373659184 
0.02437863804484498 0.01938780990392981 0.06318564361198015 0.02349164468830678 0.05883490543549706 0.03617358182421665 0.3421752813210035 0.047716961497128875 0.026242298955001044 0.35841323471806813 
0.4232711529714488 0.18282014737937313 0.03496857709180419 0.051757739328750905 0.03207144040639497 0.08248809279502031 0.0519710786883413 0.03598503581502087 0.03238908406957259 0.0722776514542868 
0.053228679601028006 0.024374435197406282 0.024728335406918114 0.09211588668089829 0.02374015500100792 0.04323181936344992 0.3169846912755974 0.048466822413616176 0.02444061679643136 0.3486885582636546 
0.05928699950135972 0.0741409241901219 0.07493655987831824 0.29868632711974435 0.05928699950135972 0.05928699950135972 0.08449619199196397 0.15169251161618721 0.07889948719824466 0.059286999501359676 
0.04642071656980018 0.041619703934454876 0.034313037306993636 0.10152983673716334 0.3734067199436159 0.03524893599340457 0.28042986122836727 0.027113960350886816 0.02711396035088694 0.03280326758441509 
0.11319856704890653 0.3240140550468802 0.018430516933652146 0.04497272665185688 0.27802639680355407 0.03945201078931182 0.027169172920271833 0.01723644451385101 0.013718610700852835 0.12378149859079758 
0.05286796750722524 0.7428827151438063 0.03822581570774362 0.021889206157977945 0.02238517790032044 0.02651161377886344 0.01747605135793846 0.01747605135794188 0.030760858401925384 0.029524542686261063 
0.036752727603968166 0.07202068116803945 0.2401933670813117 0.03776295548197233 0.10397004580625657 0.03066962932530537 0.3132194669257217 0.031180094847787974 0.04009192808215754 0.09413910367745985 
0.1483551268136245 0.05923024642991812 0.2991526145840354 0.059230246429918094 0.059230246429918136 0.10350215919203064 0.0936086208308141 0.0592302464299181 0.05923024642991808 0.0592302464299181 
0.03667820835337402 0.04138388940358979 0.035835261201026675 0.039368738478365556 0.0344390678785358 0.04080671558498694 0.07329296535135382 0.058391252152705964 0.04196833926198869 0.5978355623340119 
0.08937309130706154 0.041322165567677316 0.03415536442921601 0.034155364429216045 0.4077368549821423 0.13224261425770525 0.060502513456019966 0.034155364429215795 0.10905891532779066 0.0572977518139435 
0.13166387414984845 0.07877831788499322 0.12591553712750553 0.0787783178849932 0.100252211496492 0.07877831788499319 0.0957774554071677 0.11863337876916805 0.11264427150984552 0.0787783178849932 
0.023617851131661816 0.7028843847943294 0.013268114214776059 0.02446554857253186 0.04170559319336069 0.03985584613118749 0.01326811421477609 0.01651409795074576 0.016585801068374616 0.10783464872822335 
0.04551959564209727 0.06548271250856168 0.02670829784819173 0.37821544414721125 0.018360370852657522 0.02234085816547546 0.022624141488813483 0.2712863844274848 0.030699619602450025 0.11876257531702532 
0.05926639775940641 0.04567769711277784 0.05902798716705406 0.1981298363600236 0.04567769711277712 0.04567769711277707 0.056624364043278363 0.2202574800595519 0.2239831461595744 0.04567769711277708 
0.06293485995154717 0.06293485995154716 0.06293485995154717 0.06293485995154711 0.33759409580533234 0.06293485995154703 0.15892702458228902 0.06293485995154738 0.06293485995154703 0.06293485995154706 
0.030437764490902595 0.08580755461434568 0.018729158249352153 0.6808568235560731 0.019244873465597966 0.028607032867074333 0.01936523192301619 0.04549976934975196 0.0232785191706824 0.04817327231313043 
0.051256760254014225 0.043234530140894886 0.07127859923446334 0.0246978561993235 0.03698219774183857 0.5434974558235491 0.09457470996417806 0.039427664787425924 0.04749117982083711 0.0475590460334418 
0.4161780311187735 0.03493425444068553 0.023448993797551387 0.11932765153994786 0.11927261483505436 0.069642610152532 0.04483091751060962 0.029134273703909724 0.11442435648725086 0.028806296413629397 
0.02398110592055889 0.03373954319021857 0.09944571913752642 0.03716688972593104 0.0522435261952387 0.05394508470869802 0.057867136415681635 0.0701585923380698 0.0389909169047719 0.5324614854632731 
0.02564984382830878 0.06751103865895584 0.025555917949778743 0.03782997628288599 0.04389277357002479 0.03376633440782873 0.024781338121423566 0.1836185103998473 0.5233867389215054 0.03400752785940133 
0.5128550581885809 0.1856116893594038 0.02413449586693093 0.03179013238805445 0.021751218082000045 0.016401931697328453 0.11282067158435082 0.05737286794328855 0.02086000319272357 0.016401931697328405 
0.013959341824077702 0.020927167663057234 0.021274002627990438 0.031756024217231844 0.03699723328702861 0.013959341824077712 0.013959341824077638 0.026566962538076486 0.03209333120285515 0.7885072529914727 
0.03163858233064292 0.037412214213464835 0.042460289526795876 0.09793686288489675 0.0261512748589379 0.02615127485893792 0.061182733824154956 0.03207960184033103 0.16463534134142327 0.48035182432037754 
0.1069681380161155 0.17199093575804214 0.042048632893597254 0.23997770021973638 0.11539344387311608 0.1007699833649332 0.10812289689123236 0.04429859487402511 0.03450650083697794 0.03592317327222124 
