0.06249201463820113 0.13582651902739887 0.06852697437605795 0.09500626883109033 0.13134777256975838 0.09580667071555989 0.033494562151134576 0.13790629046711522 0.13576840926668848 0.10382451795699515 
0.6288248999595447 0.02250866587872245 0.191105773010714 0.02250866587872245 0.022508665878722425 0.022508665878722446 0.02250866587872237 0.022508665878722457 0.02250866587872413 0.02250866587872227 
0.5868518613164998 0.024850695811987126 0.21434257218763947 0.02485069581198714 0.02485069581198719 0.024850695811987178 0.02485069581198714 0.02485069581198716 0.02485069581198743 0.02485069581198654 
0.39552920781397144 0.02892058667583252 0.3731060987793383 0.02892058667583252 0.02892058667583254 0.02892058667583253 0.02892058667583252 0.02892058667583252 0.028920586675832673 0.028920586675832582 
0.6217389857677516 0.020017548654983505 0.21812062499234167 0.02001754865498352 0.02001754865498348 0.020017548654983498 0.020017548654983626 0.020017548654983505 0.02001754865498129 0.020017548654982075 
0.5347017620883022 0.029873033653769976 0.2263139686815312 0.029873033653769976 0.029873033653769986 0.02987303365376997 0.02987303365376997 0.029873033653769823 0.029873033653770184 0.029873033653770024 
0.7595810682464341 0.025278033519210676 0.025278033519210676 0.025278033519210697 0.025278033519210652 0.02527803351921068 0.02527803351921069 0.025278033519210773 0.025278033519208955 0.03819466359985898 
0.7424710781197942 0.027121753209919375 0.027121753209919434 0.027121753209919375 0.027121753209919414 0.027121753209919386 0.02712175320991931 0.027121753209919375 0.027121753209919608 0.04055489620084821 
0.7414810695398415 0.010795713318620915 0.17215322391114438 0.010795713318620906 0.010795713318620921 0.010795713318620878 0.010795713318620892 0.01079571331862085 0.010795713318620304 0.01079571331861936 
0.6610606712446376 0.023418924514669176 0.15158793263796325 0.023418924514669134 0.02341892451466907 0.02341892451466917 0.02341892451466919 0.023418924514669193 0.023418924514666782 0.023418924514668944 
0.06636003374174311 0.017964230042373408 0.789926125919279 0.017964230042373394 0.017964230042373446 0.01796423004237339 0.017964230042373346 0.017964230042373415 0.017964230042373016 0.017964230042373425 
0.15375676413224051 0.03617776367884536 0.5568211264370311 0.036177763678845336 0.03617776367884536 0.036177763678845336 0.03617776367884534 0.036177763678845565 0.03617776367884555 0.036177763678845266 
0.46540518262775094 0.03783043080704448 0.2319513709159372 0.03783043080704448 0.03783043080704452 0.037830430807044464 0.03783043080704445 0.03783043080704454 0.03783043080704462 0.037830430807045436 
0.21846200218178394 0.011697032473394611 0.6879617380310407 0.011697032473394625 0.011697032473394587 0.011697032473394575 0.01169703247339457 0.01169703247339468 0.011697032473393631 0.01169703247339474 
0.3094955710726137 0.013004206045979455 0.04025690970558147 0.013004206045979455 0.013004206045979452 0.013004206045979452 0.013004206045979455 0.013004206045979455 0.5592180768999213 0.013004206045980283 
0.3639139837899846 0.06386246943250566 0.1251862607499605 0.06386246943250566 0.06386246943250566 0.06386246943250566 0.06386246943250569 0.06386246943250565 0.06386246943250572 0.06386246943250547 
0.6754680551673979 0.02970422144120602 0.029704221441206262 0.029704221441206023 0.02970422144120593 0.029704221441206033 0.02970422144120602 0.02970422144120602 0.04654810111853528 0.07005429362558255 
0.7244756544645001 0.021575849489995056 0.08158733139607637 0.021575849489995035 0.021575849489995004 0.021575849489995042 0.021575849489995268 0.021575849489995042 0.042906067709509735 0.02157584948999472 
0.8254770201246467 0.01813966369553918 0.02940567031101629 0.01813966369553918 0.018139663695539158 0.018139663695539095 0.018139663695539154 0.01813966369553854 0.018139663695539196 0.018139663695539255 
0.5067131774885985 0.0217768691646351 0.11872303040413974 0.021776869164635088 0.021776869164635088 0.021776869164635067 0.021776869164635088 0.22212570795480152 0.021776869164635226 0.021776869164634016 
0.13552588596186402 0.014602225262566415 0.10027235503700149 0.014602225262566442 0.014602225262566446 0.014602225262566392 0.014602225262566442 0.014602225262566557 0.014602225262566463 0.6619861821631698 
0.8929780647863063 0.01137558002718204 0.0160172949962383 0.011375580027182051 0.01137558002718214 0.01137558002718203 0.011375580027182015 0.011375580027181906 0.011375580027182848 0.011375580027180645 
0.40073669769643044 0.059541714973236994 0.12292958251766589 0.059541714973236994 0.05954171497323697 0.05954171497323699 0.059541714973236994 0.05954171497323699 0.05954171497323683 0.05954171497323708 
0.7728055000738882 0.01757945476754097 0.07567294908132373 0.017579454767540952 0.017579454767541008 0.017579454767540987 0.01757945476754103 0.028465367471886754 0.01757945476753723 0.017579454767534756 
0.7460150905704226 0.02082234461758518 0.06916000604177325 0.0311716946437922 0.020822344617585236 0.02082234461758518 0.020822344617585146 0.020822344617585187 0.028719141038514633 0.0208223446175856 
0.7003201795061375 0.030422831158375345 0.030422831158375387 0.03042283115837531 0.030422831158375338 0.030422831158375296 0.03042283115837531 0.03042283115837529 0.05629717122688265 0.030422831158375366 
0.5052744316336417 0.023900672537047547 0.28249381179040634 0.023900672537047557 0.023900672537047408 0.02390067253704755 0.02390067253704755 0.04492704881656589 0.02390067253704573 0.023900672537047998 
0.3009169630342274 0.03676477295383232 0.36311445472815984 0.03676477295383232 0.03676477295383231 0.03676477295383232 0.036764772953832334 0.03676477295383232 0.0786151715608026 0.036764772953832424 
0.8122351615834609 0.014571522405996087 0.06314494540172974 0.014571522405996112 0.014571522405996008 0.014571522405996169 0.014571522405996138 0.014571522405996039 0.014571522405998039 0.022619236172815176 
0.7422073788371224 0.023413724770363166 0.07048282300002978 0.023413724770363166 0.023413724770363183 0.023413724770363152 0.023413724770363124 0.023413724770363138 0.02341372477036364 0.023413724770363464 
0.4354024908186398 0.036925770937808924 0.26919134167886477 0.036925770937808924 0.036925770937808924 0.03692577093780892 0.036925770937808924 0.036925770937808924 0.036925770937807904 0.036925770937808744 
0.5064537450953006 0.048957167394653875 0.07712978349196072 0.0489571673946539 0.04895716739465394 0.048957167394653896 0.048957167394653923 0.07371629965015139 0.048957167394653535 0.04895716739465274 
0.7366202737590292 0.026651308936416013 0.05016925474965608 0.026651308936416013 0.02665130893641611 0.026651308936416006 0.026651308936416006 0.026651308936416117 0.026651308936417602 0.026651308936417633 
0.6847890537573487 0.018324947884324184 0.16861136316805855 0.018324947884324164 0.018324947884324125 0.018324947884324184 0.01832494788432416 0.018324947884324188 0.018324947884323275 0.018324947884324417 
0.6471653707441273 0.03710179590393652 0.056020262024293145 0.03710179590393653 0.03710179590393648 0.03710179590393648 0.03710179590393649 0.03710179590393652 0.03710179590393714 0.03710179590393643 
0.2528583043741045 0.025870943554911985 0.5227993168810915 0.025870943554911985 0.025870943554911912 0.025870943554911985 0.025870943554912 0.025870943554912033 0.04324577386040922 0.02587094355491175 
0.3912972943058555 0.015306800868481426 0.47398016863877573 0.015306800868481418 0.015306800868481504 0.01530680086848145 0.015306800868481464 0.015306800868481464 0.015306800868481667 0.027574930975998696 
0.7487344388980396 0.009482748545667908 0.1666320697302269 0.009482748545667871 0.009482748545667743 0.009482748545667859 0.009482748545667944 0.014042065124575112 0.01369493497315173 0.009482748545670135 
0.6033810232424234 0.03277472874060692 0.13442114683265674 0.03277472874060692 0.032774728740607 0.03277472874060692 0.03277472874060692 0.03277472874060691 0.0327747287406064 0.032774728740606406 
0.5741304425321403 0.0400549327438842 0.105430095516772 0.0400549327438842 0.040054932743884226 0.0400549327438842 0.0400549327438842 0.040054932743884185 0.04005493274388359 0.04005493274388374 
0.6025886655012871 0.03359797449505672 0.12862753853825998 0.03359797449505675 0.0335979744950567 0.03359797449505675 0.03359797449505674 0.03359797449505677 0.03359797449505653 0.03359797449505682 
0.24678687091657764 0.022379984014763002 0.5741732569653143 0.02237998401476304 0.02237998401476302 0.02237998401476306 0.022379984014763047 0.022379984014763012 0.02237998401476309 0.022379984014763148 
0.3236823886083395 0.03273829881055028 0.3743757203364295 0.03273829881055028 0.03273829881055032 0.032738298810550286 0.032738298810550244 0.03273829881055029 0.07277379938138347 0.03273829881054991 
0.48250366490804364 0.019468799785353794 0.36174593680921846 0.01946879978535386 0.01946879978535388 0.019468799785353864 0.019468799785353857 0.01946879978535391 0.019468799785359522 0.019468799785353746 
6.950943785733411E-4 1.8813639175848548E-4 1.8813639175860151E-4 0.9977998144873588 1.8813639175848548E-4 1.881363917584854E-4 1.8813639175848545E-4 1.8813639175848548E-4 1.8813639175848821E-4 1.8813639175848548E-4 
0.8175828491618323 0.01698838002236488 0.036225581500313575 0.0169883800223649 0.016988380022364868 0.01698838002236485 0.01698838002236488 0.027272909181337703 0.01698838002236517 0.016988380022366897 
0.18587564081012367 0.02674299422746848 0.5868919020176953 0.026742994227468495 0.026742994227468495 0.026742994227468495 0.026742994227468512 0.04003149757986651 0.026742994227468456 0.02674299422746818 
0.06776389618315261 0.026545568942435184 0.7066811488811988 0.026545568942435205 0.026545568942435198 0.026545568942435142 0.02654556894243515 0.03973597233864643 0.026545568942435312 0.026545568942435236 
0.6235326171974057 0.030937154563711006 0.11071965614992245 0.030937154563711017 0.030937154563711017 0.030937154563711017 0.030937154563711017 0.030937154563711017 0.04918764470673536 0.03093715456371198 
0.24657280107285323 0.011304985044147783 0.4310044266851118 0.011304985044147692 0.011304985044147724 0.011304985044147786 0.011304985044147798 0.011304985044147578 0.01130498504414725 0.24328787693299408 
0.13887663115169666 0.031308146751309066 0.6106581948378168 0.03130814675130908 0.03130814675130905 0.031308146751309066 0.03130814675130913 0.03130814675130909 0.031308146751308365 0.03130814675130879 
0.483574861969496 0.0306577298614528 0.271163299138894 0.03065772986145279 0.030657729861452876 0.030657729861452782 0.0306577298614528 0.030657729861452754 0.03065772986145329 0.03065772986145284 
0.6292323378803819 0.029022569332283442 0.1385871074613486 0.02902256933228345 0.02902256933228345 0.02902256933228345 0.0290225693322835 0.029022569332283463 0.029022569332285964 0.029022569332283282 
0.6388727191726027 0.03212008141042289 0.07545936408732025 0.0321200814104229 0.03212008141042295 0.03212008141042288 0.0321200814104229 0.032120081410422864 0.04600981248928308 0.04693761578825887 
0.6783951635953392 0.02692042619691989 0.10624142682933779 0.026920426196919898 0.02692042619691989 0.026920426196919898 0.0269204261969199 0.026920426196919898 0.026920426196920748 0.02692042619691972 
0.5149078984841287 0.02243680384683462 0.30559767074121025 0.022436803846834635 0.02243680384683462 0.022436803846834618 0.022436803846834642 0.022436803846834594 0.02243680384683421 0.022436803846835853 
0.5926632323398369 0.022465433142934123 0.22761330251664633 0.022465433142934154 0.022465433142934112 0.02246543314293413 0.02246543314293413 0.022465433142934154 0.02246543314293222 0.022465433142933804 
0.14380873449187778 0.02772616470995903 0.6343819478284474 0.027726164709959037 0.0277261647099591 0.027726164709959013 0.027726164709959013 0.027726164709959148 0.02772616470995914 0.027726164709958895 
0.7102973294892577 0.018988063971057588 0.11573604588437637 0.018988063971057585 0.01898806397105758 0.018988063971057585 0.018988063971057588 0.01898806397105761 0.04105017682896249 0.018988063971056773 
0.2953178374057941 0.011542750903335383 0.022900245798082315 0.011542750903335378 0.011542750903335385 0.01154275090333538 0.011542750903335385 0.011542750903335394 0.6009826604727827 0.011542750903335031 
0.7373355636220364 0.011315397411054393 0.1721412570895284 0.011315397411054393 0.011315397411054388 0.011315397411054397 0.01131539741105451 0.011315397411054397 0.011315397411054463 0.011315397411052981 
0.022620774443507807 0.022620774443514565 0.7964130300083494 0.022620774443514555 0.022620774443514534 0.02262077444351459 0.022620774443514576 0.02262077444351455 0.022620774443513746 0.022620774443514603 
0.6319393960419831 0.02092933870410709 0.20062589432516142 0.020929338704107098 0.020929338704107063 0.020929338704107063 0.02092933870410715 0.020929338704107115 0.020929338704107143 0.02092933870410616 
0.017964160766260985 0.0036635628220611114 0.015963637301220687 0.00366356282206111 0.0036635628220611114 0.003663562822061103 0.0036635628220611205 0.003663562822061111 0.46849756773766255 0.47559325726248936 
0.29070475438252713 0.018249795814623257 0.17744389009552874 0.018249795814623215 0.018249795814623247 0.018249795814623215 0.018249795814623222 0.3683000811428682 0.05405249949132599 0.018249795814623007 
0.8513537430687999 0.010750204019827863 0.05678030260562539 0.010750204019827883 0.01075020401982787 0.010750204019827875 0.010750204019827875 0.010750204019827831 0.010750204019832767 0.016614526186949245 
0.8075812062936802 0.01775913368485986 0.05034572422751441 0.01775913368485986 0.017759133684859825 0.017759133684859853 0.01775913368485986 0.01775913368485987 0.017759133684893468 0.01775913368485972 
0.5331817997965688 0.03886547048091786 0.15589443635609035 0.03886547048091786 0.038865470480917826 0.03886547048091786 0.03886547048091787 0.03886547048091791 0.03886547048091803 0.03886547048091781 
0.797847273479363 0.008342499264304177 0.11476042965733835 0.008342499264304162 0.008342499264304493 0.008342499264304127 0.008342499264304143 0.028994802013204764 0.008342499264303877 0.008342499264303537 
0.2818134086053665 0.023810767454913135 0.5277004517553067 0.023810767454913107 0.02381076745491318 0.02381076745491311 0.023810767454913197 0.023810767454913114 0.023810767454912427 0.023810767454912472 
0.13369505722743874 0.003302436070719112 0.011241583078528714 0.003302436070719104 0.003302436070719228 0.0033024360707191074 0.0033024360707191018 0.003302436070719095 0.0033024360707191404 0.831946307199018 
0.5775180841759054 0.02609329413370998 0.21373556275445232 0.02609329413370998 0.026093294133709855 0.026093294133710008 0.026093294133709966 0.026093294133709984 0.026093294133710233 0.02609329413371043 
0.41746050271702356 0.035178098295137385 0.30111471092183717 0.03517809829513738 0.03517809829513729 0.03517809829513739 0.0351780982951374 0.03517809829513738 0.0351780982951362 0.035178098295137315 
0.4193021413445281 0.010630383668950106 0.03529765867940595 0.010630383668950104 0.010630383668950158 0.010630383668950104 0.010630383668950093 0.010630383668950104 0.0106303836689476 0.47098751429345165 
0.44508660340484135 0.025023323531960982 0.35472680833942727 0.025023323531961 0.025023323531961187 0.025023323531961027 0.025023323531960986 0.025023323531961118 0.02502332353195892 0.02502332353196116 
0.571557415518397 0.023827177831386593 0.2378251618304991 0.02382717783138658 0.023827177831386877 0.023827177831386593 0.023827177831386607 0.023827177831386596 0.023827177831386395 0.023827177831385753 
0.8227546495572342 0.015427228418771519 0.04676135239827053 0.015427228418771517 0.015427228418770929 0.015427228418771546 0.015427228418771513 0.015427228418771513 0.0224933991130958 0.015427228418770875 
0.20485984198269083 0.033131587465923616 0.5143081293171189 0.03313158746592362 0.03313158746592363 0.033131587465923616 0.033131587465923665 0.048910916438676164 0.0331315874659237 0.03313158746592323 
0.26241281148259904 0.021598376679822378 0.5363514802430842 0.02159837667982237 0.021598376679822416 0.021598376679822392 0.02159837667982237 0.035249846789218366 0.03639560140615507 0.021598376679822295 
0.6465300555261886 0.02820758644902274 0.1278092528816301 0.028207586449022753 0.028207586449022663 0.02820758644902275 0.028207586449022794 0.02820758644902276 0.028207586449022062 0.02820758644902276 
0.8435686192583873 0.00849568198120624 0.08156675883807421 0.00849568198120625 0.008495681981206739 0.008495681981206267 0.00849568198120627 0.008495681981206236 0.015394848035088792 0.008495681981206411 
0.5494527874578238 0.013784232389925249 0.1984213478164451 0.013784232389925254 0.013784232389925101 0.013784232389925304 0.013784232389925254 0.1485238319658183 0.013784232389925042 0.02089663842032984 
0.8588100490859336 0.01273979073237703 0.033861957278758875 0.012739790732376997 0.012739790732376669 0.012739790732377016 0.012739790732377054 0.012739790732377016 0.018149458508666783 0.012739790732376632 
0.7321654298069912 0.026187512877967434 0.039096962384047224 0.02618751287796742 0.026187512877967504 0.02618751287796742 0.02618751287796742 0.02618751287796745 0.026187512877965467 0.04542501766321274 
0.8921552663375281 0.010590332112392149 0.023122076763334255 0.010590332112392147 0.010590332112392124 0.010590332112392126 0.010590332112392133 0.01059033211239245 0.010590332112392792 0.010590332112392006 
0.46221818638996387 0.034450291202341346 0.17990770860371216 0.03445029120234135 0.034450291202341284 0.058654021336505616 0.03445029120234136 0.07373801212022438 0.034450291202341735 0.053230615537888694 
0.70341815660266 0.02100687709408904 0.042716955240116775 0.021006877094089056 0.0210068770940891 0.021006877094089042 0.021006877094089035 0.021006877094088997 0.09688477305229296 0.030938852540392952 
0.38876402782553476 0.00914225370312183 0.048613777013106096 0.01359150001856043 0.009142253703121826 0.009142253703121817 0.009142253703121788 0.009142253703121812 0.018766685960181346 0.48455274066699344 
0.7243614278214661 0.024953571157320987 0.07601000292002384 0.024953571157321015 0.02495357115732097 0.024953571157320973 0.02495357115732097 0.024953571157320987 0.024953571157325844 0.024953571157320924 
0.0689358929765715 0.022371248637215936 0.7293076074304107 0.02237124863721601 0.02237124863721601 0.022371248637216002 0.022371248637216026 0.03368507117242118 0.022371248637215995 0.033843936597297196 
0.6945697757123592 0.030605246538895448 0.06058825197645299 0.030605246538895466 0.030605246538895407 0.030605246538895455 0.030605246538895455 0.030605246538895445 0.030605246538895656 0.030605246538894546 
0.6455167711411397 0.02150576637686534 0.1824370978439532 0.021505766376865333 0.021505766376865222 0.021505766376865312 0.02150576637686533 0.0215057663768651 0.02150576637686504 0.021505766376865312 
0.8325359288230004 0.01591133826439589 0.040173365061866646 0.01591133826439589 0.01591133826439594 0.015911338264395867 0.015911338264395912 0.01591133826439592 0.015911338264394784 0.015911338264394028 
0.8892711806903366 0.008012099146695732 0.04663202613609717 0.008012099146695728 0.008012099146695824 0.00801209914669575 0.008012099146695895 0.008012099146695737 0.008012099146695827 0.008012099146696698 
0.7370562652567533 0.01338697748972617 0.14932726462358864 0.013386977489726167 0.013386977489726198 0.01338697748972617 0.013386977489726209 0.013386977489726152 0.01990762769155193 0.013386977489721598 
0.8674750531048031 0.007845855859415905 0.06975810001994996 0.007845855859415926 0.007845855859415938 0.007845855859415902 0.00784585585941591 0.007845855859416054 0.00784585585941665 0.007845855859414299 
0.803887972017025 0.0131953720460901 0.09054905161431638 0.013195372046090054 0.013195372046089978 0.013195372046090104 0.013195372046090054 0.01319537204609012 0.013195372046090007 0.013195372046088404 
0.31069994047933186 0.01993574047717706 0.5176605390486723 0.01993574047717706 0.019935740477177086 0.01993574047717706 0.01993574047717719 0.019935740477177027 0.019935740477176563 0.032089337131789714 
0.05236821363378739 0.033424911795710804 0.6650008446569008 0.03342491179571081 0.033424911795710804 0.03342491179571081 0.03342491179571079 0.03342491179571077 0.03342491179571073 0.04865655913935619 
0.789277068112184 0.02062767672925668 0.026051089088617366 0.020627676729256684 0.020627676729256736 0.02062767672925669 0.020627676729256687 0.04027810569436731 0.02062767672925621 0.020627676729256597 
0.2610552177563504 0.051500844819917284 0.3269380236843239 0.0515008448199173 0.05150084481991732 0.051500844819917284 0.0515008448199173 0.05150084481991732 0.05150084481991747 0.05150084481991738 
0.499972347360465 0.052199381027628396 0.08243260441852089 0.0521993810276284 0.052199381027628534 0.05219938102762842 0.0521993810276284 0.0521993810276284 0.05219938102762857 0.05219938102762868 
0.530449036985155 0.01905695558209236 0.317095318358106 0.01905695558209236 0.019056955582092572 0.01905695558209238 0.01905695558209233 0.01905695558209243 0.019056955582092104 0.019056955582092267 
0.6931741835698457 0.028770108160849482 0.05592636630900899 0.02877010816084947 0.02877010816084944 0.02877010816084947 0.028770108160849475 0.049508692995189695 0.02877010816084942 0.02877010816084808 
0.6664427730393683 0.0297878647202939 0.09525430919831607 0.029787864720293915 0.029787864720293915 0.029787864720293912 0.0297878647202939 0.029787864720293912 0.02978786472029429 0.029787864720294047 
0.7071749143781931 0.029378487635922393 0.05779718453442826 0.029378487635922382 0.02937848763592241 0.029378487635922382 0.029378487635922382 0.02937848763592239 0.02937848763592614 0.029378487635922185 
0.24282582120158455 0.01917130496494593 0.5893765371236785 0.01917130496494594 0.019171304964945905 0.019171304964945932 0.019171304964945894 0.033598506920120015 0.019171304964945613 0.019171304964945443 
0.33046188458214204 0.014651532935930219 0.5523258519304011 0.014651532935930217 0.014651532935930316 0.014651532935930198 0.01465153293593023 0.014651532935930203 0.014651532935930365 0.0146515329359301 
0.4319798644271398 0.02239844724833865 0.3888325575861715 0.022398447248338695 0.02239844724833865 0.022398447248338678 0.022398447248338744 0.022398447248338723 0.02239844724833781 0.022398447248337977 
0.831351646387909 0.017066877408986235 0.02479747442946181 0.017066877408986204 0.017066877408986065 0.017066877408986245 0.01706687740898623 0.01706687740898621 0.024382737319719253 0.017066877408984226 
0.15598384535161738 0.006947675996709143 0.010582591151917647 0.006947675996709155 0.0069476759967091435 0.0069476759967088035 0.00694767599670899 0.7847998315195177 0.006947675996709006 0.006947675996709213 
0.6126575475296039 0.04030409009148446 0.04951462912746825 0.04030409009148447 0.04030409009148453 0.04030409009148447 0.040304090091484474 0.04030409009148446 0.04030409009148462 0.05569919270253915 
0.8846189022947429 0.012820121967250731 0.012820121967250742 0.012820121967250728 0.01282012196725067 0.012820121967250693 0.012820121967250726 0.012820121967250474 0.012820121967250835 0.012820121967250572 
0.5394976151772347 0.021250072282383257 0.2905018065635897 0.021250072282383268 0.02125007228238327 0.02125007228238324 0.021250072282383257 0.021250072282383303 0.021250072282383268 0.021250072282380045 
0.7012904293782106 0.02771510481254912 0.05359082191518012 0.027715104812549067 0.027715104812549 0.027715104812549112 0.02771510481254909 0.027715104812549088 0.051113015018764016 0.02771510481254823 
0.6745219672773174 0.029676155127433615 0.07229146730480902 0.029676155127433615 0.029676155127433636 0.029676155127433625 0.029676155127433594 0.029676155127433584 0.04545347952581039 0.029676155127433667 
0.19324169793712895 0.027286093270110136 0.5447368719800596 0.027286093270110147 0.027286093270110157 0.027286093270110147 0.027286093270110147 0.027286093270110136 0.027286093270111028 0.07101877719201892 
0.5382860487393889 0.0323978641577577 0.18568514676231193 0.03239786415775773 0.032397864157757805 0.03239786415775773 0.03239786415775773 0.0323978641577577 0.049243755393991735 0.032397864157757694 
0.8037046472620287 0.020568350111710442 0.031748551844332215 0.02056835011171045 0.02056835011171037 0.02056835011171046 0.020568350111710487 0.0205683501117105 0.020568350111711712 0.02056835011171194 
0.7177836975936939 0.028914918824993262 0.042228766033414904 0.02891491882499325 0.02891491882499314 0.02891491882499325 0.02891491882499326 0.03758310459793821 0.02891491882499303 0.028914918824992815 
0.7654518018194911 0.014894090522493407 0.11539547400047984 0.01489409052249341 0.014894090522493431 0.0148940905224934 0.014894090522493365 0.014894090522493483 0.01489409052249204 0.014894090522491396 
0.7346591956500762 0.021662439896967242 0.09204128517411797 0.021662439896967266 0.021662439896967207 0.021662439896967246 0.021662439896967232 0.02166243989696728 0.021662439896965483 0.02166243989696717 
0.19775422295798845 0.032111335664359 0.5313670502355731 0.03211133566435903 0.03211133566435882 0.032111335664358996 0.03211133566435904 0.04609937715591986 0.03211133566435903 0.03211133566435904 
0.8042034453847483 0.01941614760426243 0.02859332227592771 0.019416147604262447 0.01941614760426276 0.019416147604262413 0.019416147604262433 0.019416147604262347 0.0312901991095341 0.01941614760426188 
0.2107855010511593 0.01915655218918068 0.6359620814353877 0.01915655218918067 0.019156552189180644 0.019156552189180658 0.019156552189180737 0.019156552189180723 0.019156552189180297 0.01915655218917991 
0.3694316320836369 0.010417378697263684 0.5128131619209547 0.01041737869726369 0.010417378697263663 0.010417378697263679 0.01041737869726367 0.010417378697263573 0.010417378697263792 0.04483355511456637 
0.7250338660090214 0.013700790657401738 0.15977812416450454 0.013700790657401768 0.013700790657401709 0.013700790657401806 0.013700790657401747 0.01928247522466374 0.01370079065740201 0.01370079065740195 
0.061218453436961875 0.006492303689271778 0.009577446099366992 0.006492303689271794 0.006492303689271776 0.006492303689271714 0.006492303689271778 0.006492303689271777 0.0064923036892717625 0.8837579746387639 
0.7387843374895855 0.01947316474566317 0.08879880472969394 0.019473164745663164 0.01947316474566321 0.019473164745663175 0.019473164745663157 0.01947316474566321 0.019473164745663303 0.03610470456095722 
0.14167894954764845 0.029384713179290624 0.6096645173441062 0.029384713179290617 0.029384713179290586 0.029384713179290617 0.029384713179290634 0.029384713179290634 0.029384713179290617 0.04296354085320658 
0.23572325521364398 0.025649791929059515 0.5114129007314745 0.02564979192905952 0.025649791929059577 0.02564979192905954 0.025649791929059525 0.025649791929059515 0.02564979192905928 0.0733153005513784 
0.6158032649656752 0.02464101509458634 0.1870686142776299 0.02464101509458634 0.024641015094586365 0.024641015094586344 0.02464101509458633 0.02464101509458629 0.024641015094586254 0.024641015094586164 
0.37448151529707124 0.03636093009353383 0.2964876582644184 0.03636093009353379 0.03636093009353377 0.03636093009353379 0.036360930093533854 0.03636093009353376 0.05417563777183156 0.056689608105468484 
0.5743418352444272 0.03924123096392461 0.07722766253340659 0.03924123096392461 0.03924123096392461 0.03924123096392461 0.03924123096392461 0.03924123096392462 0.07374188547468621 0.03924123096392392 
0.5565904874120544 0.03910230817199069 0.12017213853404397 0.039102308171990695 0.03910230817199058 0.03910230817199069 0.039102308171990674 0.03910230817199069 0.04952121684992956 0.03910230817199059 
0.7608683603029911 0.02147591518936013 0.032151388619057024 0.02147591518936012 0.021475915189360054 0.02147591518936014 0.02147591518936011 0.021475915189360078 0.04688432835534216 0.031240431586495244 
0.8207313308938183 0.015844776701873356 0.052510455491163614 0.015844776701873346 0.015844776701873484 0.015844776701873377 0.01584477670187335 0.015844776701873384 0.015844776701872516 0.015844776701871833 
0.8471429186628303 0.014598275745162436 0.03607087537587519 0.01459827574516245 0.01459827574516351 0.01459827574516244 0.014598275745162414 0.014598275745162452 0.014598275745168173 0.014598275745163343 
0.1231006388565053 0.006141160343553099 0.8245051312175556 0.006141160343553162 0.00614116034355222 0.006141160343553106 0.006141160343553135 0.006141160343553017 0.009406107521064591 0.006141160343553059 
0.7453195956686526 0.018579489312529396 0.10604448983104468 0.01857948931252942 0.018579489312529285 0.018579489312529403 0.018579489312529396 0.018579489312529406 0.01857948931252841 0.018579489312524396 
0.6893449217149851 0.03209767322601465 0.05387369247689776 0.03209767322601465 0.03209767322601467 0.032097673226014645 0.03209767322601465 0.0320976732260146 0.03209767322601481 0.032097673226014256 
0.15518536092890867 0.034576993995604155 0.500541897866077 0.034576993995604134 0.03457699399560422 0.034576993995604155 0.034576993995604176 0.034576993995604176 0.10223378323579858 0.03457699399560464 
0.7777802520610614 0.019949706838416296 0.06262209323160835 0.01994970683841629 0.019949706838416247 0.01994970683841629 0.019949706838416202 0.019949706838416268 0.019949706838416913 0.019949706838417697 
0.34693486503485077 0.05193996953205068 0.23754537870874318 0.05193996953205068 0.05193996953205069 0.05193996953205068 0.05193996953205068 0.051939969532050684 0.05193996953205068 0.05193996953205036 
0.18319843022724044 0.03571065872300876 0.5311162999886659 0.03571065872300878 0.03571065872300881 0.03571065872300877 0.03571065872300878 0.035710658723008805 0.035710658723008916 0.035710658723008736 
0.09431899751176101 0.03451795006558223 0.6295374019635411 0.034517950065582226 0.03451795006558223 0.034517950065582226 0.03451795006558225 0.03451795006558221 0.03451795006558216 0.034517950065582226 
0.7820138459018167 0.016199354488422687 0.08839131819080266 0.016199354488422694 0.016199354488422715 0.01619935448842271 0.016199354488422697 0.016199354488422805 0.016199354488423343 0.016199354488421896 
0.14574974673585875 0.006701176227530355 0.03421800389556308 0.006701176227530116 0.00670117622753012 0.006701176227530104 0.006701176227530049 0.773124015775869 0.006701176227530237 0.006701176227530036 
0.6602308109647392 0.027117551088976684 0.10842775644340266 0.02711755108897668 0.027117551088976764 0.02711755108897668 0.027117551088976722 0.0415185749690742 0.027117551088977312 0.02711755108897751 
0.2963369890636136 0.03214701153025478 0.42946604083438217 0.032147011530254795 0.03214701153025482 0.032147011530254795 0.032147011530254795 0.04916788939022574 0.03214701153025502 0.03214701153025482 
0.751302233038916 0.02763308521789686 0.027633085217896907 0.02763308521789686 0.0276330852178969 0.02763308521789687 0.02763308521789688 0.027633085217896734 0.027633085217896713 0.027633085217894628 
0.5804423662316827 0.025341006227937987 0.21682958394480217 0.025341006227937987 0.025341006227937907 0.025341006227937994 0.025341006227937998 0.025341006227937966 0.025341006227937224 0.025341006227937474 
0.19717003666808444 0.03019190162198749 0.5470194372132562 0.030191901621987517 0.030191901621987507 0.030191901621987517 0.030191901621987528 0.030191901621987458 0.04446721476470776 0.030191901621987635 
0.3212125199001341 0.020350254623431683 0.5159854431124571 0.020350254623431683 0.020350254623431496 0.02035025462343169 0.020350254623431683 0.02035025462343167 0.020350254623432578 0.02035025462343164 
0.27180573665926755 0.010491017792780694 0.6442661209985111 0.010491017792780681 0.010491017792780421 0.010491017792780652 0.01049101779278069 0.01049101779278073 0.010491017792781464 0.010491017792780465 
0.5926069256719145 0.00604285657374222 0.03089710451259836 0.006042856573742064 0.006042856573742159 0.006042856573742082 0.010237008660725733 0.006042856573742041 0.3300018217123416 0.006042856573744192 
0.11114616085601657 0.022376219968873613 0.7098440793929921 0.022376219968873595 0.022376219968873585 0.022376219968873585 0.02237621996887358 0.022376219968873595 0.022376219968872513 0.022376219968873404 
0.5610455228066213 0.0325733416082417 0.15793777395392175 0.03257334160824171 0.03257334160824161 0.03257334160824171 0.0325733416082417 0.03257334160824173 0.05300331198176602 0.03257334160824215 
0.5147434663835511 0.014621887074314839 0.3609406082603989 0.014621887074314863 0.014621887074315075 0.014621887074314823 0.014621887074314872 0.021962715835763515 0.014621887074313347 0.014621887074312345 
0.6901396985855003 0.017615387024500606 0.1456475142593337 0.017615387024500623 0.01761538702450051 0.017615387024500634 0.017615387024500613 0.040905077983650354 0.01761538702450083 0.017615387024500488 
0.808820491102361 0.021242167655293246 0.02124216765529336 0.021242167655293253 0.021242167655293187 0.021242167655293246 0.021242167655293256 0.02124216765529348 0.021242167655293413 0.02124216765529374 
0.7684167307574994 0.017209331864048955 0.09390861433007175 0.01720933186404893 0.01720933186404898 0.017209331864048938 0.01720933186404899 0.017209331864048796 0.01720933186404878 0.017209331864047016 
0.5668984199107193 0.04812239778769784 0.04812239778769781 0.04812239778769784 0.04812239778769779 0.04812239778769784 0.048122397787697856 0.04812239778769782 0.04812239778769794 0.048122397787698175 
0.4128687243509484 0.017395858726477108 0.3868266980699567 0.01739585872647713 0.017395858726477163 0.017395858726477118 0.01739585872647711 0.07853356649377176 0.017395858726477198 0.01739585872647775 
0.7544312031485773 0.022480270574026844 0.02248027057402683 0.022480270574026844 0.022480270574026948 0.022480270574026906 0.022480270574026854 0.049406666746974394 0.03880023608625948 0.022480270574026955 
0.7844853915517068 0.019452539550692257 0.04051266664127776 0.019452539550692278 0.01945253955069223 0.019452539550692257 0.019452539550692236 0.019452539550692222 0.03883416495217047 0.019452539550692347 
0.521512633101355 0.04944342704572213 0.08293995053286814 0.04944342704572214 0.04944342704572204 0.04944342704572213 0.04944342704572213 0.04944342704572211 0.049443427045722285 0.04944342704572277 
0.6863653701463972 0.014827214097740663 0.17528591856082265 0.014827214097740614 0.014827214097740578 0.014827214097740668 0.014827214097740684 0.014827214097740689 0.03455821260859521 0.014827214097740678 
0.27854092285271675 0.014525273209876573 0.605256891468241 0.014525273209876541 0.014525273209876536 0.014525273209876552 0.014525273209876515 0.014525273209876545 0.01452527320987626 0.014525273209876921 
0.6968763471293493 0.02327291569193767 0.11694032733511421 0.023272915691937682 0.023272915691937703 0.023272915691937696 0.02327291569193759 0.023272915691937686 0.02327291569193772 0.023272915691938068 
0.7757182800069586 0.017731835436285568 0.08242703650279865 0.017731835436285582 0.01773183543628555 0.01773183543628556 0.017731835436285637 0.017731835436285637 0.017731835436284895 0.017731835436285745 
0.03540275779913029 0.03540275779912763 0.6664065529094485 0.03540275779912762 0.035402757799127604 0.03540275779912763 0.03540275779912761 0.03540275779912767 0.0503713846975392 0.03540275779912768 
0.1427754005070321 0.034247053432949294 0.5832481720294352 0.03424705343294926 0.03424705343294927 0.034247053432949294 0.0342470534329493 0.0342470534329493 0.034247053432949565 0.034247053432949245 
0.6970353190197367 0.009588622596389068 0.22625570020914346 0.009588622596389056 0.009588622596389835 0.009588622596389061 0.009588622596389068 0.009588622596389124 0.00958862259638891 0.009588622596388173 
0.4520414640248355 0.04469964601658113 0.1403322502948338 0.04469964601658113 0.04469964601658125 0.04469964601658113 0.0446996460165812 0.044699646016581066 0.0947287635642633 0.044699646016581364 
0.19608443211517262 0.03793047775448459 0.5004717458489505 0.037930477754484604 0.037930477754484784 0.03793047775448461 0.037930477754484625 0.037930477754484604 0.0379304777544845 0.037930477754484444 
0.7368739854805886 0.014440315543670248 0.14283065287397198 0.014440315543670257 0.01444031554367023 0.014440315543670226 0.014440315543670498 0.014440315543670246 0.01921315283972493 0.014440315543668108 
0.8500465508756947 0.012434227669503186 0.043367593589682396 0.012434227669503181 0.012434227669503119 0.012434227669503205 0.012434227669503192 0.012434227669502976 0.019546261848070352 0.012434227669502479 
0.6904984545856229 0.030444123222990303 0.04733028918095354 0.030444123222990303 0.030444123222990185 0.030444123222990324 0.03044412322299033 0.03044412322299026 0.04906239367243673 0.030444123222989946 
0.621151069048666 0.03187683266766817 0.10380769590439916 0.03187683266766817 0.031876832667668185 0.03187683266766815 0.031876832667668165 0.031876832667668095 0.05190340637322602 0.031876832667667956 
0.35516522516327326 0.03714554208949113 0.3226595953160856 0.03714554208949113 0.03714554208949109 0.03714554208949112 0.03714554208949112 0.03714554208949106 0.06215638489421348 0.0371455420894913 
0.6449948557679583 0.026011400414965354 0.14691394091230375 0.02601140041496536 0.026011400414965382 0.026011400414965382 0.02601140041496536 0.026011400414965306 0.026011400414965233 0.026011400414965306 
0.17476022784126136 0.015839423984038824 0.6782915553918439 0.015839423984038856 0.015839423984038748 0.01583942398403883 0.01583942398403884 0.036072248878466384 0.015839423984039005 0.015839423984038512 
0.6581512997260911 0.028781570816368198 0.09486028419032237 0.028781570816368198 0.028781570816368236 0.028781570816368198 0.028781570816368167 0.02878157081636821 0.04551742036900264 0.028781570816367907 
0.6849197267467116 0.02236840763809349 0.13613301214849172 0.022368407638093463 0.022368407638093543 0.022368407638093488 0.022368407638093533 0.02236840763809352 0.022368407638089005 0.022368407638094258 
0.7309931179901153 0.02110909327411611 0.06017872880185954 0.021109093274116128 0.021109093274116524 0.02110909327411613 0.021109093274116066 0.021109093274116038 0.06106450028920601 0.021109093274116718 
0.6045622502426788 0.013713398873839032 0.2857305587665664 0.013713398873839046 0.013713398873838205 0.013713398873839057 0.013713398873839058 0.013713398873839069 0.013713398873838236 0.013713398873838923 
0.7416832156553333 0.018890369728460133 0.07897681849294126 0.01889036972846014 0.01889036972846006 0.01889036972846015 0.01889036972846014 0.01889036972846041 0.047107377752508284 0.018890369728460747 
0.24886151929288775 0.04435179746520968 0.24836309024917286 0.04435179746520968 0.04435179746520966 0.04435179746520968 0.044351797465209696 0.04435179746520966 0.16708329365108052 0.06958131201559437 
0.5892271212414062 0.013946136497002964 0.29106850300960935 0.01394613649700298 0.013946136497002543 0.01394613649700297 0.013946136497002994 0.013946136497003018 0.02208142026993763 0.01394613649700292 
0.1255856715252169 0.028807986775707613 0.6439504342691258 0.028807986775707627 0.028807986775707742 0.028807986775707582 0.028807986775707617 0.028807986775707617 0.028807986775707305 0.02880798677570767 
0.7645188526384742 0.02616457192905841 0.02616457192905853 0.02616457192905841 0.02616457192905842 0.02616457192905844 0.026164571929058376 0.026164571929058376 0.02616457192905818 0.026164571929058994 
0.43311566348513125 0.01627660866396901 0.4366714672031587 0.01627660866396895 0.01627660866396934 0.016276608663968992 0.016276608663969044 0.01627660866396911 0.016276608663970397 0.01627660866396883 
0.2554368701395365 0.025336555068933685 0.037842488469595814 0.025336555068933685 0.025336555068933668 0.025336555068933685 0.025336555068933685 0.5293647559083396 0.025336555068934504 0.02533655506893438 
0.37617902959963345 0.04739703200377841 0.19293379522425452 0.047397032003778414 0.047397032003778435 0.047397032003778414 0.047397032003778414 0.04739703200377836 0.04739703200377817 0.09910795114965795 
