0.04441979916238192 0.02663808799605933 0.042471976858098434 0.01588448808693415 0.05013065287481308 0.03373495835365035 0.028763297593399052 0.04425313734313031 0.01588448808693415 0.01588448808693415 0.032099559521201776 0.01588448808693415 0.0412951129722456 0.025820286856396295 0.030434962893927744 0.03285629322191053 0.0274622326167513 0.029050121659225273 0.039799451365233086 0.026442246704643315 0.05012570390985495 0.04073554777452317 0.04722840013287466 0.039078232945345986 0.01588448808693415 0.02740673163708668 0.02675444292207129 0.05639473342393581 0.038241572640948816 0.0389400161856205 
0.011282651379575731 0.011282651379575766 0.011282651379575738 0.011282651379575726 0.01128265137957574 0.011282651379575771 0.011282651379575745 0.08626361560167672 0.011282651379575745 0.011282651379575737 0.01128265137957576 0.011282651379575731 0.011282651379575744 0.011282651379575735 0.01128265137957574 0.011282651379575737 0.4620051484197018 0.011282651379575737 0.011282651379575735 0.011282651379575742 0.0112826513795757 0.011282651379575738 0.011282651379575763 0.011282651379575735 0.011282651379575737 0.011282651379575724 0.019853770463523518 0.011282651379575714 0.12983391759138804 0.019977263434345582 
0.01144148596657401 0.011441485966573366 0.02008446059390892 0.026998511257837345 0.011441485966573371 0.01144148596657339 0.011441485966573406 0.4302759854616268 0.011441485966573371 0.15980573909408916 0.01144148596657336 0.011441485966573366 0.011441485966573364 0.011441485966573371 0.011441485966573363 0.011441485966573363 0.02923211702537162 0.011441485966573363 0.030271996666833487 0.011441485966573363 0.02472690454355539 0.011441485966573363 0.01144148596657335 0.01144148596657337 0.011441485966573363 0.01144148596657379 0.026891594092173933 0.011441485966573371 0.01144148596657337 0.011441485966573363 
0.02392742794300411 0.014607962219023213 0.014607962219023163 0.02503375317697847 0.029256229793025453 0.014607962219023135 0.014607962219023165 0.37337728186564795 0.014607962219023163 0.014607962219023168 0.014607962219023227 0.014607962219023168 0.026473257231785584 0.014607962219023168 0.014607962219023177 0.014607962219023165 0.03885882349279778 0.014607962219023165 0.014607962219023576 0.014607962219023168 0.01460796221902332 0.014607962219023168 0.09032912704669731 0.014607962219023168 0.014607962219023168 0.014607962219023224 0.03786114716815134 0.014607962219023166 0.04811574568241907 0.014607962219023168 
0.055153940334304985 0.010551757533779996 0.010551757533780012 0.13355287220704987 0.07092163010198808 0.03844743733228681 0.010551757533780006 0.1827980613160178 0.010551757533780013 0.04908995097694451 0.010551757533780057 0.010551757533780022 0.03200407813070056 0.01055175753378001 0.010551757533780015 0.010551757533780012 0.10322731818701555 0.019619819275074044 0.010551757533780041 0.010551757533780006 0.09566780666444899 0.010551757533780013 0.019033692332347515 0.010551757533780012 0.01055175753378001 0.010551757533779906 0.010551757533774518 0.010551757533779996 0.01055175753378 0.010551757533780013 
0.014185619475568696 0.04400332318024878 0.014185619475568482 0.02914527215545183 0.024065581779773526 0.014185619475568472 0.05669001090276269 0.32558788676060296 0.01418561947556849 0.014185619475568479 0.01418561947556957 0.01418561947556848 0.014185619475568482 0.014185619475568482 0.01418561947556848 0.01418561947556849 0.023454593422051452 0.014185619475568484 0.014185619475568722 0.014185619475568486 0.014185619475568461 0.01418561947556849 0.039010072341663746 0.014185619475568482 0.014185619475568482 0.014185619475568408 0.023394147726593265 0.01418561947556848 0.12608779863910957 0.024848923580385873 
0.026153369053957893 0.02221196413724007 0.024129343851010707 0.09020126613336023 0.14037557467571174 0.012472196699013024 0.01247219669901301 0.05018041302051745 0.012472196699013024 0.012472196699013026 0.012472196699012976 0.012472196699013028 0.01247219669901302 0.012472196699013022 0.01247219669901302 0.012472196699013019 0.026835961337038895 0.012472196699013024 0.012472196699012958 0.012472196699013035 0.021694412313132367 0.012472196699013017 0.012472196699013017 0.012472196699013017 0.022494109696229076 0.04346951329888521 0.2952823352016703 0.012472196699013012 0.012472196699013016 0.012472196699013042 
0.0129437760621447 0.012943776062144715 0.012943776062144701 0.05820783240186525 0.1041024190008431 0.026531995250981096 0.012943776062144694 0.05595383605871233 0.012943776062144694 0.012943776062144707 0.020999315072823644 0.0129437760621447 0.0129437760621447 0.012943776062144696 0.0129437760621447 0.0129437760621447 0.18745342855759717 0.012943776062144731 0.14853571535345994 0.012943776062144703 0.012943776062144691 0.0129437760621447 0.05680343572705302 0.012943776062144696 0.012943776062144696 0.023929805367641697 0.05860669596612644 0.012943776062144696 0.012943776062144693 0.012943776062144714 
0.0062084734143470505 0.010435312760834288 0.006208473414347022 0.024377449448084815 0.024104129332802555 0.006208473414347019 0.028561573835437427 0.09247366061706894 0.006208473414347035 0.006208473414347032 0.00620847341434686 0.006208473414347027 0.006208473414347094 0.006208473414347032 0.006208473414347058 0.006208473414347026 0.6015564926700692 0.00620847341434702 0.020700406862244954 0.006208473414347025 0.052556926117229834 0.0062084734143470315 0.006208473414347035 0.006208473414347048 0.006208473414347037 0.006208473414347044 0.010163864776435898 0.006208473414347031 0.010900715292805278 0.006208473414347035 
0.01222153238347138 0.2476742023696698 0.012221532383471376 0.051184413821253105 0.012221532383471376 0.012221532383471373 0.01222153238347136 0.21053166218444444 0.012221532383471366 0.012221532383471373 0.012221532383471392 0.012221532383471373 0.02982473345450201 0.012221532383471371 0.012221532383471363 0.012221532383471373 0.02349390040248722 0.012221532383471364 0.012221532383471342 0.012221532383471382 0.05601483172364369 0.012221532383471375 0.05383167827751506 0.012221532383471394 0.012221532383471368 0.012221532383471543 0.012221532383471475 0.012221532383471368 0.058570865330095284 0.012221532383471368 
0.010183572377296607 0.010183572377296612 0.010183572377296609 0.010183572377296616 0.010183572377296616 0.010183572377296606 0.06530789380696402 0.010183572377296586 0.010183572377296612 0.01018357237729661 0.11629497539276866 0.010183572377296614 0.010183572377296614 0.010183572377296612 0.010183572377296609 0.010183572377296614 0.3707704269578491 0.01018357237729661 0.010183572377296616 0.010183572377296606 0.1446066533446837 0.010183572377296621 0.010183572377296612 0.01018357237729661 0.010183572377296609 0.010183572377296595 0.0412476060677094 0.0101835723772966 0.017366707374920038 0.010183572377296616 
0.016506689255656674 0.016506689255656654 0.01650668925565663 0.030406853719747128 0.016506689255656633 0.016506689255652837 0.028973121548670093 0.0165066892556566 0.01650668925565664 0.057339311089504776 0.016506689255656643 0.016506689255656636 0.01650668925565664 0.01650668925565664 0.01650668925565664 0.01650668925565664 0.3641098115948955 0.01650668925565664 0.0400663765014185 0.04017343903268132 0.03146746546391659 0.01650668925565664 0.016506689255656667 0.016506689255656636 0.01650668925565664 0.04431645742469364 0.01650668925565659 0.016506689255656636 0.01650668925565662 0.016506689255656643 
0.017499775251673354 0.017499775251673382 0.01749977525167339 0.15569664704393252 0.01749977525167339 0.017499775251673347 0.08324229312533463 0.11597692551748078 0.017499775251673382 0.03229736199529174 0.03552474127362105 0.017499775251673382 0.017499775251673403 0.017499775251673382 0.0327825623182365 0.017499775251673382 0.04411167862623634 0.017499775251673375 0.04481752607631255 0.07357153730955797 0.031983221680532546 0.017499775251673382 0.017499775251673393 0.017499775251673354 0.017499775251673382 0.017499775251673375 0.017499775251673344 0.017499775251673382 0.017499775251673375 0.01749977525167339 
0.012944138231819387 0.01073591729052645 0.006502704828888224 0.006502704828888191 0.006502704828888231 0.006502704828888235 0.14956085530259136 0.036914290232994265 0.00650270482888824 0.011042734961802927 0.08112565931291654 0.006502704828888246 0.006502704828888257 0.006502704828888248 0.006502704828888245 0.006502704828888252 0.297804413201459 0.0065027048288882425 0.006502704828888399 0.006502704828888256 0.1771184904481398 0.00650270482888825 0.006502704828888261 0.006502704828888252 0.006502704828888249 0.006502704828888177 0.07955392539499832 0.006502704828888246 0.006502704828888242 0.013145479044994642 
0.014224901363020624 0.03049314012007653 0.01422490136302173 0.05242320216511848 0.07578370223000859 0.014224901363021661 0.051867072189019314 0.12559025025153728 0.014224901363021751 0.01422490136302175 0.014224901363021748 0.014224901363021757 0.014224901363021764 0.014224901363021762 0.014224901363021764 0.014224901363021758 0.09998254561233241 0.0246101362135608 0.014224901363021732 0.014224901363021781 0.025785304619341937 0.01422490136302176 0.11487620626216781 0.014224901363021762 0.014224901363021762 0.01422490136302183 0.08789119699489513 0.01422490136302176 0.04042411744452261 0.014224901363021758 
0.024697882832303425 0.024697882832303432 0.024697882832303408 0.024697882832303408 0.09453277061749064 0.02469788283230342 0.024697882832303442 0.041423150944311274 0.024697882832303425 0.024697882832303425 0.024697882832303425 0.02469788283230343 0.024697882832303425 0.024697882832303425 0.02469788283230343 0.02469788283230342 0.07293769997649475 0.02469788283230342 0.024697882832303356 0.024697882832303432 0.024697882832303418 0.024697882832303425 0.024697882832303415 0.024697882832303425 0.024697882832303418 0.06597032430316935 0.10768898335094793 0.024697882832303425 0.024697882832303432 0.02469788283230343 
0.025503861419102023 0.014780740727994901 0.024542444932380496 0.07383688863151196 0.12912167319641393 0.014780740727994799 0.014780740727994792 0.23576946096568266 0.014780740727994799 0.024079936662513273 0.024764327870294842 0.014780740727994799 0.014780740727994797 0.014780740727994799 0.014780740727994814 0.014780740727994802 0.024053430930557815 0.014780740727994821 0.014780740727994766 0.014780740727994806 0.01478074072799483 0.014780740727994799 0.05650903047736125 0.014780740727994793 0.014780740727994797 0.039116550496736645 0.02537705444222199 0.014780740727994799 0.040951936327903275 0.025100811271407654 
0.022606610602847646 0.02083904313850811 0.011546370128640814 0.02190545903480381 0.048281069261632364 0.011546370128640803 0.01154637012864086 0.04448751112067551 0.011546370128640819 0.011546370128640819 0.011546370128640814 0.011546370128640819 0.01154637012864083 0.011546370128640819 0.011546370128640768 0.011546370128640814 0.5049260763185556 0.011546370128640808 0.011546370128640833 0.011546370128640817 0.011546370128640803 0.011546370128640819 0.05636588112277809 0.011546370128640817 0.019321702450428132 0.011546370128640814 0.011546370128640926 0.011546370128640815 0.018792874248305697 0.011546370128640812 
0.013336223889824448 0.013336223889824353 0.013336223889824368 0.0873325529765096 0.07096284269195463 0.013336223889824375 0.013336223889824372 0.013336223889824408 0.013336223889824377 0.01333622388982438 0.013336223889824386 0.013336223889824377 0.013336223889824396 0.01333622388982438 0.013336223889824375 0.013336223889824379 0.06478028445860878 0.013336223889824368 0.02178501268754248 0.027092127319170118 0.03235052615246215 0.013336223889824373 0.023848230035630264 0.013336223889824358 0.01333622388982436 0.013336223889824016 0.3590599335204849 0.013336223889824375 0.013336223889824377 0.032727788471299035 
0.013515481468778673 0.01351548146877867 0.01351548146877867 0.19023116319147873 0.2407978888736823 0.047492925077819395 0.013515481468778658 0.10059450270254272 0.013515481468778656 0.01351548146877866 0.013515481468778585 0.01351548146877866 0.01351548146877866 0.01351548146877866 0.013515481468778654 0.013515481468778654 0.022058761127937008 0.013515481468778697 0.013515481468778503 0.013515481468778788 0.02654533917933516 0.013515481468778658 0.01351548146877866 0.01351548146877866 0.013515481468778666 0.04858159131687289 0.02635723621720259 0.013515481468778663 0.013515481468778656 0.013515481468778658 
0.02357794446337132 0.023317591834372695 0.013431613930429546 0.013431613930429567 0.013431613930429522 0.21985757775688491 0.02542884351832143 0.023174598792833182 0.013431613930429532 0.03163400643676871 0.013431613930429543 0.013431613930429525 0.023609247379357226 0.013431613930429529 0.01343161393042953 0.013431613930429529 0.11774870522228797 0.013431613930429506 0.17072623894980768 0.0319155306308338 0.028008474885479653 0.013431613930429532 0.02948977100307998 0.013431613930429527 0.013431613930429529 0.013431613930429596 0.013431613930429472 0.013431613930429529 0.023174032309293807 0.013431613930429517 
0.011040429214753088 0.011746975131648416 0.0065018600676819685 0.12834529420189517 0.5013612682537386 0.01320886289267309 0.011284994588987539 0.010677883258828336 0.00650186006768195 0.006501860067681905 0.006501860067682077 0.00650186006768195 0.006501860067681951 0.006501860067681959 0.0065018600676819424 0.006501860067681951 0.07851049020356138 0.006501860067681967 0.006501860067681905 0.006501860067681951 0.006501860067681942 0.006501860067681949 0.01304877494313048 0.006501860067681982 0.006501860067681942 0.034464249370979715 0.0585257012752566 0.006501860067681953 0.006501860067681959 0.0107515954462813 
0.023940133206726485 0.023940133206726485 0.023940133206726492 0.023940133206726503 0.023940133206726454 0.0239401332067265 0.0239401332067265 0.02394013320672649 0.023940133206726492 0.023940133206726492 0.023940133206726496 0.023940133206726492 0.06307712832161218 0.023940133206726492 0.023940133206726492 0.023940133206726492 0.042446613358703096 0.023940133206726492 0.0777895930935429 0.023940133206726503 0.023940133206726433 0.023940133206726485 0.12208583258108814 0.0239401332067265 0.02394013320672649 0.02394013320672653 0.09609750247689484 0.023940133206726492 0.023940133206726538 0.023940133206726492 
0.016026712582952168 0.008898984352043358 0.008898984352043332 0.01933163416813562 0.031455638749918295 0.02544007182832925 0.008898984352043381 0.11607727935079681 0.008898984352043355 0.008898984352043395 0.008898984352043275 0.008898984352043346 0.008898984352043346 0.008898984352043353 0.008898984352043325 0.008898984352043353 0.00889898435204311 0.008898984352043626 0.008898984352046092 0.008898984352043358 0.008898984352043211 0.008898984352043358 0.008898984352043303 0.008898984352043355 0.027716055473235367 0.008898984352043376 0.5188287028089097 0.008898984352043345 0.008898984352043436 0.049346249292781516 
0.03967189790569077 0.010458438703955018 0.010458438703954964 0.010458438703954975 0.20548746433341458 0.010458438703954962 0.01045843870395498 0.07712090090628322 0.010458438703955006 0.01045843870395501 0.018157097327693727 0.010458438703955023 0.010458438703955011 0.010458438703955015 0.010458438703955006 0.010458438703955015 0.17017293094460098 0.017608324722658254 0.02112450232984744 0.010458438703955 0.010458438703955044 0.01045843870395501 0.041530197853373155 0.010458438703955008 0.010458438703955013 0.03519163239096035 0.11334346775495557 0.010458438703955013 0.05344962671637511 0.01889006014296454 
0.04214347911184426 0.01677198316559883 0.01677198316559888 0.07213304207365583 0.03152415088561075 0.016771983165598886 0.016771983165598883 0.14191396827976455 0.016771983165598886 0.016771983165598886 0.016771983165598893 0.016771983165598883 0.016771983165598883 0.016771983165598883 0.016771983165598862 0.01677198316559889 0.059821333068828315 0.01677198316559887 0.01677198316559886 0.041350544932132915 0.016771983165598883 0.016771983165598883 0.01677198316559892 0.016771983165598883 0.016771983165598865 0.016771983165598976 0.2117938207678298 0.016771983165598883 0.030336031237157952 0.01677198316559892 
0.012335113052025042 0.04982014121332091 0.012335113052025061 0.03898997656055369 0.036488299740395184 0.04311672943405146 0.01233511305202507 0.02075647613921545 0.01233511305202507 0.012335113052025072 0.03226968800905166 0.012335113052025072 0.012335113052025084 0.012335113052025067 0.012335113052025075 0.012335113052025068 0.020937709604874927 0.02111646234167984 0.03074960542787226 0.012335113052025073 0.02200581074885885 0.012335113052025065 0.12868434853587046 0.01233511305202508 0.012335113052025073 0.029969856622663122 0.2769806604709378 0.012335113052025072 0.050752426318257625 0.012335113052025065 
0.03388865526289475 0.017711084896411964 0.030604243513427647 0.01771108489641197 0.030035999737830017 0.01771108489641197 0.03217592137300037 0.10820953206410393 0.01771108489641197 0.017711084896411974 0.03209688656684243 0.01771108489641197 0.017711084896411978 0.017711084896411974 0.036984225625313304 0.01771108489641197 0.017711084896412037 0.017711084896411974 0.017711084896411947 0.10123559743511547 0.03010767235519422 0.017711084896411974 0.0938017634430214 0.017711084896411974 0.01771108489641197 0.07229945034333018 0.054122240483393584 0.01771108489641198 0.01771108489641195 0.0433493685575322 
0.027644123559918098 0.04893470624085131 0.007275585021124135 0.016484003090830604 0.007275585021124118 0.007275585021124117 0.007275585021124119 0.05417552575185762 0.007275585021124129 0.014642168717750603 0.0072755850211240385 0.007275585021124116 0.007275585021124119 0.007275585021124117 0.013342141795063872 0.007275585021124123 0.020109883770415872 0.01182108461821321 0.007275585021124028 0.007275585021124149 0.012378189771845398 0.007275585021124122 0.17566813993123395 0.007275585021124121 0.007275585021124108 0.012177842416857527 0.38173599757061105 0.0072755850211241235 0.08720124740541942 0.00727558502112413 
0.011830678202020774 0.011830678202020745 0.011830678202020797 0.03154936701299942 0.08987639935727378 0.011830678202020745 0.011830678202020765 0.05912986444854464 0.011830678202020753 0.011830678202020764 0.01183067820202074 0.011830678202020743 0.011830678202020757 0.01183067820202075 0.011830678202020748 0.011830678202020758 0.070209089718963 0.011830678202020703 0.011830678202020764 0.02008905976212602 0.030597930377684008 0.011830678202020755 0.011830678202020755 0.011830678202020764 0.022702662265565277 0.011830678202020762 0.3928911662684401 0.011830678202020753 0.011830678202020748 0.034510218545971805 
0.016672443883432735 0.01667244388343278 0.016672443883432753 0.08964960038778567 0.016672443883432742 0.016672443883432735 0.038633576587979786 0.15187229924557477 0.016672443883432742 0.016672443883432753 0.01667244388343277 0.016672443883432753 0.13253847190953913 0.016672443883432753 0.016672443883432753 0.01667244388343276 0.016672443883432725 0.040122223703015714 0.01667244388343279 0.01667244388343276 0.01667244388343273 0.016672443883432753 0.14704517496371342 0.016672443883432753 0.016672443883432753 0.016672443883432857 0.016672443883432708 0.016672443883432753 0.01667244388343263 0.01667244388343276 
0.021375509385775267 0.021375509385775267 0.02137550938577528 0.0355606390040839 0.02137550938577527 0.06938999236295042 0.021375509385775277 0.04211918188383314 0.021375509385775267 0.040350028144624 0.02137550938577527 0.021375509385775267 0.03636983797427446 0.021375509385775256 0.02137550938577526 0.021375509385775274 0.0213755093857752 0.048493706014884015 0.0516702252223276 0.02137550938577527 0.02137550938577526 0.021375509385775267 0.1252843300553156 0.021375509385775274 0.021375509385775267 0.021375509385775246 0.06971676230886381 0.021375509385775263 0.03857880504738158 0.036331813651730355 
0.0244259251319076 0.013355392993892237 0.013355392993892235 0.14682304397253046 0.013355392993892226 0.013355392993892169 0.013355392993892231 0.3761174735737323 0.013355392993892238 0.013355392993892233 0.013355392993892216 0.013355392993892238 0.01335539299389223 0.013355392993892235 0.013355392993892663 0.013355392993892223 0.022343286540615133 0.022604329071983405 0.01335539299389224 0.03298115991950446 0.013355392993892245 0.013355392993892238 0.01335539299389203 0.013355392993892235 0.01335539299389224 0.056528151863688016 0.0133553929938922 0.013355392993892235 0.024357984060403577 0.013355392993892233 
0.04669711695799624 0.029293252939363967 0.009716349538284928 0.009716349538284859 0.034351336788462986 0.009716349538284937 0.009716349538284798 0.0180320746411537 0.00971634953828493 0.026886039220885328 0.009716349538284918 0.009716349538284931 0.00971634953828493 0.009716349538284931 0.009716349538284926 0.009716349538284907 0.022108203402856855 0.009716349538284931 0.47136931833151974 0.009716349538284914 0.04015772566367441 0.009716349538284931 0.01861669926306136 0.009716349538284924 0.009716349538284931 0.038477382496309435 0.055812464940524935 0.009716349538284926 0.02330409366506567 0.009716349538284926 
0.061117610300014204 0.04096734739381628 0.016296186467675295 0.016296186467675215 0.15039961908308397 0.016296186467675267 0.016296186467675278 0.17688216660678835 0.01629618646767528 0.01629618646767528 0.01629618646767529 0.016296186467675285 0.016296186467675278 0.01629618646767528 0.016296186467675253 0.01629618646767528 0.016296186467675663 0.03479988378188996 0.016296186467675305 0.01629618646767529 0.01629618646767528 0.01629618646767528 0.07023724616959096 0.016296186467675278 0.01629618646767529 0.0907838379082846 0.016296186467675302 0.016296186467675285 0.016296186467675312 0.016296186467675285 
0.02444321163814106 0.01268302925554226 0.012683029255542228 0.05288364897469628 0.012683029255542218 0.012683029255542232 0.012683029255542258 0.031626909160803136 0.01268302925554224 0.012683029255542207 0.024434584182422968 0.012683029255542244 0.02276054851940419 0.012683029255542237 0.012683029255542237 0.012683029255542237 0.021611714003434316 0.021378774546775278 0.09683643196417901 0.012683029255542235 0.09606684571792432 0.01268302925554224 0.021802883755667683 0.012683029255542228 0.01268302925554223 0.06427805571860093 0.021529533797165604 0.012683029255542237 0.012683029255542204 0.2847353606765454 
0.007939139936637172 0.007939139936637172 0.007939139936637194 0.1695300545346758 0.012868032021994893 0.01295896926975759 0.042334110165523804 0.03434014620457576 0.007939139936637182 0.06600264460781173 0.007939139936637076 0.007939139936637175 0.007939139936637186 0.007939139936637177 0.007939139936637194 0.007939139936637165 0.007939139936637177 0.007939139936637184 0.019012203525492006 0.007939139936637198 0.42444521144100844 0.007939139936637182 0.007939139936637212 0.007939139936637182 0.00793913993663719 0.041496419517279615 0.018229409979147543 0.007939139936637177 0.007939139936637168 0.007939139936637177 
0.008844137477520553 0.009503388226873952 0.010020181937062757 0.2021729029366489 0.04610327497986381 0.005335773579624043 0.00533577357962401 0.09289069473007276 0.005335773579624014 0.009663073596890441 0.016474247052750073 0.005335773579624021 0.02286184268453924 0.005335773579624016 0.0053357735796240756 0.00533577357962402 0.01244943039671629 0.012193509537469576 0.05127964096880014 0.02495114669869501 0.005335773579623807 0.005335773579624023 0.19188132188110263 0.005335773579624011 0.008894362917080702 0.07565753795291556 0.06205808308110023 0.005335773579624021 0.05765715239303987 0.02575056117499853 
0.052769904487598183 0.014986273719628544 0.048325120148482635 0.024859623389255743 0.08742789471045256 0.014986273719628407 0.03227243521073918 0.045381755127239014 0.014986273719628409 0.07109469966460677 0.042707234121327466 0.014986273719628403 0.0530089269075728 0.014986273719628403 0.014986273719628395 0.01498627371962839 0.03463048891692515 0.037271889332239974 0.014986273719628686 0.02582069234977499 0.04087542846833465 0.014986273719628396 0.051125246007684685 0.0149862737196284 0.01498627371962841 0.049018149586286 0.09360267949668055 0.014986273719628403 0.014986273719628459 0.014986273719628459 
0.017915990055559047 0.07124390799409609 0.031478335322212295 0.017915990055558894 0.017915990055559054 0.017915990055559064 0.017915990055559078 0.030563262391353384 0.017915990055559078 0.017915990055559057 0.01791599005555908 0.01791599005555908 0.017915990055559078 0.017915990055559074 0.017915990055559078 0.017915990055559078 0.06424685490204211 0.041772131818383414 0.017915990055559102 0.017915990055559074 0.017915990055559064 0.01791599005555908 0.15370661208487854 0.017915990055559074 0.017915990055559106 0.07557082514053111 0.06761658099522058 0.017915990055559074 0.08756569818454399 0.017915990055559067 
0.016050511915904425 0.016050511915904425 0.016050511915904432 0.0515333913655243 0.03980032965767489 0.01605051191590446 0.016050511915904443 0.028374278376350075 0.01605051191590443 0.016050511915904418 0.016050511915904432 0.01605051191590443 0.026556342366057705 0.01605051191590443 0.016050511915904425 0.01605051191590443 0.027146770263610936 0.03966996123595315 0.1343326600566738 0.028433583989524648 0.016050511915904585 0.01605051191590443 0.2056577818035502 0.01605051191590443 0.01605051191590442 0.0160505119159044 0.016050511915904668 0.01605051191590444 0.06362183303288481 0.04991334145000331 
0.055185089858161375 0.012220098605918675 0.012220098605918647 0.012220098605918682 0.019885950203137142 0.012220098605918646 0.10123568594095496 0.012220098605918677 0.012220098605918668 0.012220098605918673 0.012220098605918663 0.012220098605918677 0.01222009860591867 0.012220098605918672 0.012220098605918654 0.012220098605918668 0.13703720423750856 0.012220098605918703 0.03055981669643902 0.021735504337849203 0.2986670279276871 0.012220098605918668 0.012220098605918647 0.012220098605918675 0.012220098605918656 0.012220098605918677 0.05826748579713355 0.012220098605918672 0.020804164276835964 0.01222009860591867 
0.33048120604179426 0.015302138055575105 0.02686147495855355 0.0283825716360718 0.015302138055575105 0.015302138055575107 0.015302138055575102 0.049461220676436206 0.0153021380555751 0.015302138055575114 0.024887973201246513 0.015302138055575102 0.10015766475215791 0.015302138055575105 0.015302138055575102 0.015302138055575107 0.03508442107686255 0.015302138055575119 0.027017152153696062 0.01530213805557508 0.0348627359702869 0.0153021380555751 0.015302138055574817 0.015302138055575102 0.01530213805557508 0.015302138055575131 0.03676081842138395 0.015302138055575102 0.015302138055575152 0.015302138055575136 
0.009895905377651665 0.009895905377655154 0.00989590537765176 0.009895905377651748 0.02621207405583123 0.009895905377651748 0.00989590537765174 0.157149510374102 0.009895905377651743 0.016775962299339545 0.09125412594760432 0.009895905377651743 0.031349293543759434 0.009895905377651738 0.009895905377651748 0.009895905377651781 0.018550280778785733 0.017350640390337915 0.028541710985295392 0.009895905377651764 0.03220788776273406 0.009895905377651748 0.009895905377651755 0.009895905377651747 0.009895905377651738 0.009895905377651873 0.016101956424691078 0.009895905377651743 0.36469231981091227 0.02168794082888584 
1.4563093689432495E-4 1.4563093689432503E-4 1.4563093689432498E-4 2.899608705673829E-4 1.4563093689433284E-4 5.098969606595665E-4 1.45630936894325E-4 1.45630936894325E-4 1.45630936894325E-4 1.4563093689432506E-4 1.456309368943249E-4 1.4563093689432498E-4 1.4563093689432498E-4 1.4563093689426098E-4 1.4563093689432495E-4 1.4563093689432498E-4 4.239595666355113E-4 1.4563093689432503E-4 1.4563093689432498E-4 1.45630936894325E-4 1.4563093689432498E-4 0.9945651913027996 5.702178769797354E-4 1.45630936894325E-4 1.45630936894325E-4 1.4563093689432663E-4 1.456309368943256E-4 1.4563093689432498E-4 1.4563093689432495E-4 1.4563093689432498E-4 
0.018640840347700832 0.01578408999566901 0.009664332934339485 0.00966433293433942 0.02487957405329671 0.009664332934339463 0.009664332934339452 0.023853820055336976 0.009664332934339447 0.009664332934339505 0.009664332934339492 0.00966433293433945 0.00966433293433945 0.009664332934339442 0.00966433293433946 0.009664332934339449 0.09135999697538243 0.00966433293433945 0.009664332934339406 0.0161414088311641 0.02508851795005866 0.009664332934339452 0.016916705894449924 0.009664332934339439 0.009664332934339463 0.009664332934339694 0.5643840542757957 0.009664332934339452 0.0096643329343395 0.009664332934339465 
0.036380130860907404 0.013174561524134135 0.013174561524134097 0.05132647993117184 0.013174561524134069 0.013174561524134107 0.013174561524134097 0.03476966964982462 0.013174561524134093 0.013174561524134097 0.023409827651827177 0.01317456152413409 0.013174561524134105 0.013174561524134093 0.013174561524134088 0.013174561524134105 0.021460365895659233 0.03668895319854999 0.013174561524133932 0.013174561524134086 0.4580838523660785 0.01317456152413409 0.013174561524134128 0.013174561524134088 0.01317456152413408 0.021827596416775227 0.02133882974773021 0.013174561524134093 0.03122306379876933 0.013174561524134093 
0.08836385943019358 0.012732828707128076 0.012732828707128057 0.012732828707128047 0.012732828707128059 0.012732828707128037 0.012732828707128035 0.06628790806723349 0.012732828707128056 0.09743254218963539 0.227588060163896 0.01273282870712806 0.023644726818191002 0.012732828707128038 0.012732828707128064 0.012732828707128078 0.012732828707128014 0.012732828707128021 0.012732828707127976 0.02114670673419644 0.17363677496133145 0.012732828707128054 0.012732828707128059 0.012732828707128056 0.012732828707128049 0.012732828707128023 0.021777190078496413 0.01273282870712803 0.012732828707128049 0.012732828707128075 
0.014732564541291007 0.024740252536163472 0.014732564541291116 0.01473256454129086 0.051349810814315465 0.07656580243841321 0.025712628882200602 0.01473256454129093 0.014732564541290948 0.05069502980034394 0.014732564541290946 0.014732564541290944 0.014732564541290946 0.014732564541290955 0.01473256454129095 0.014732564541290944 0.07494409017912947 0.014732564541290944 0.014732564541290894 0.059384570265267764 0.014732564541290953 0.014732564541290948 0.028551154398010814 0.014732564541290948 0.029333514781839952 0.18113957653068155 0.09524124943881766 0.014732564541290948 0.037156158191581135 0.014732564541290936 
0.007387567603141287 0.007387567603141274 0.007387567603141298 0.08887831133802858 0.007387567603141295 0.0385500231216882 0.01488977066916458 0.012850584284955984 0.007387567603141279 0.1081029408128125 0.007387567603141171 0.007387567603141291 0.007387567603141277 0.007387567603141263 0.007387567603141285 0.007387567603141283 0.034830106258917325 0.0073875676031412724 0.007387567603141262 0.007387567603141266 0.5213499909771326 0.007387567603141279 0.0073875676031412325 0.007387567603141277 0.00738756760314134 0.00738756760314126 0.007387567603141348 0.00738756760314129 0.007387567603141277 0.018021785268137587 
0.015282588249763435 0.03653041701818805 0.015282588249763439 0.026949490597709458 0.04051474727155184 0.015282588249763435 0.08495870740214814 0.015282588249763505 0.015282588249763435 0.015282588249763451 0.09314901584869378 0.015282588249763439 0.015282588249763442 0.015282588249763439 0.015282588249763428 0.015282588249763439 0.025046593833585602 0.03718616931277629 0.0520307056498132 0.015282588249763446 0.2220698941272634 0.015282588249763437 0.024807906347632542 0.015282588249763439 0.015282588249763463 0.02484293949736214 0.04136656093903606 0.015282588249763439 0.030742851908251292 0.015282588249763415 
0.014049250971547538 0.014049250971547314 0.014049250971547632 0.014049250971547635 0.014049250971547637 0.014049250971547644 0.028858943210189187 0.17097919445997284 0.014049250971547633 0.014049250971547633 0.014049250971547524 0.014049250971547633 0.014049250971547696 0.014049250971547628 0.014049250971547592 0.014049250971547644 0.024891969686812298 0.022530674190793274 0.01404925097154729 0.014049250971547626 0.02656875633978234 0.014049250971547633 0.014049250971547637 0.01404925097154763 0.014049250971547637 0.01404925097154758 0.014049250971547618 0.014049250971547628 0.3889884387953472 0.01404925097154763 
0.013982119608444483 0.013982119608444466 0.013982119608444473 0.01398211960844448 0.024584457103389714 0.013982119608444492 0.01398211960844448 0.229586429992482 0.013982119608444477 0.013982119608444489 0.013982119608444433 0.013982119608444477 0.024243253269745337 0.013982119608444471 0.013982119608444489 0.01398211960844447 0.034833327915583606 0.04193441116952176 0.013982119608444593 0.052525628261463446 0.013982119608444466 0.013982119608444477 0.013982119608444636 0.013982119608444477 0.013982119608444483 0.2511222656866039 0.013982119608444305 0.013982119608444477 0.01398211960844449 0.033563595215432444 
0.01561775538262443 0.0156177553826244 0.015617755382624464 0.23389188525998472 0.02538901396984971 0.015617755382624382 0.015617755382624408 0.02555580389116272 0.015617755382624407 0.015617755382624396 0.028102327751241853 0.015617755382624388 0.026519698691341062 0.015617755382624403 0.015617755382624382 0.015617755382624396 0.057411713141156916 0.02799793428714811 0.027429312652388002 0.015617755382624486 0.02534157676200468 0.015617755382624407 0.015617755382624367 0.015617755382624401 0.026808600073150834 0.1020628082896132 0.025888045143247634 0.015617755382624401 0.06344928565892136 0.05426790830679132 
0.0132720566894778 0.013272056689477714 0.013272056689477759 0.021583318918568163 0.05448278439667659 0.013272056689477724 0.022334669675047606 0.024735130265287876 0.013272056689477745 0.021550814352827647 0.01327205668947772 0.013272056689477747 0.023961430692226962 0.013272056689477743 0.013272056689477722 0.013272056689477745 0.022046678134893985 0.022700275404369377 0.032429431883290914 0.013272056689477753 0.013272056689477753 0.013272056689477743 0.204156888639508 0.013272056689477741 0.024959431100162407 0.11253929837088722 0.12708717664553243 0.013272056689477748 0.050446738405428314 0.035905082773137996 
0.06712807474949123 0.037460208816056086 0.020457146964533875 0.019106336757821307 0.011659523857264438 0.011659523857264464 0.011659523857264426 0.0768761045586463 0.011659523857264435 0.011659523857264448 0.04324815646777422 0.011659523857264448 0.027006676534785914 0.011659523857264455 0.06926080625688155 0.011659523857264455 0.02974569568257272 0.011659523857264447 0.01995258334906951 0.011659523857264441 0.019188578627673102 0.011659523857264447 0.011659523857264452 0.011659523857264447 0.31611248797957414 0.01911307857799727 0.03861709459628927 0.011659523857264452 0.02183411222186824 0.011659523857264452 
0.011974831893157789 0.011974831893157838 0.01197483189315782 0.04305078326643236 0.056474201394032204 0.011974831893157836 0.011974831893157784 0.021957992011241358 0.011974831893157812 0.011974831893157812 0.03246574528642714 0.011974831893157817 0.14193651207039673 0.011974831893157825 0.011974831893157803 0.011974831893157824 0.2697578780534102 0.03071382829903617 0.01197483189315783 0.0216943296781078 0.01197483189315785 0.011974831893157808 0.0661576969155296 0.011974831893157815 0.011974831893157796 0.011974831893157822 0.06709979318651889 0.011974831893157819 0.011974831893157786 0.021169433868909085 
0.013249574078203761 0.04763178794834363 0.01324957407820374 0.02584385051988151 0.013249574078203718 0.01324957407820372 0.013249574078203737 0.031155289897934344 0.01324957407820369 0.01324957407820373 0.023792677178847053 0.013249574078203739 0.022102468455416274 0.013249574078203765 0.02147536696378435 0.013249574078203742 0.013249574078203749 0.08332552998905321 0.025619473609407948 0.013249574078203728 0.37818932611377504 0.013249574078203742 0.01324957407820372 0.01324957407820374 0.02765381700911555 0.013249574078203744 0.013249574078203931 0.01324957407820374 0.0504170135501651 0.024301065356591288 
0.013552785838446458 0.022571608588597 0.043089806036052676 0.022094044049789048 0.013552785838446277 0.06856541550001323 0.013552785838446461 0.06113308254568483 0.013552785838446454 0.013552785838446447 0.013552785838446673 0.013552785838446452 0.013552785838446452 0.013552785838446456 0.013552785838446456 0.013552785838446456 0.05388337427155065 0.013552785838446449 0.2803153272937814 0.08714297366127086 0.013552785838446553 0.013552785838446456 0.013552785838446456 0.013552785838446456 0.013552785838446418 0.022878739472492755 0.049370949188786026 0.01355278583844646 0.02211154880351982 0.02289298549642936 
0.010474702677215196 0.01707053618873939 0.010474702677215248 0.04362696989250772 0.027653709727549422 0.010474702677214917 0.03758773181033929 0.12342367591164073 0.010474702677215248 0.03093802314415717 0.010474702677215238 0.010474702677215238 0.045980607886622636 0.010474702677215245 0.010474702677215255 0.010474702677215248 0.26711889646697295 0.01047470267721519 0.010474702677215241 0.010474702677215234 0.017906299657468056 0.010474702677215241 0.010474702677215257 0.010474702677215253 0.01047470267721524 0.010474702677215227 0.16755982217813647 0.010474702677215248 0.02211437626877305 0.010474702677215248 
0.07703528899989463 0.008769862024598014 0.008769862024598002 0.15284591798948438 0.008769862024598018 0.008769862024598016 0.015255068673295185 0.025986019445446158 0.008769862024597992 0.008769862024598007 0.008769862024598011 0.008769862024598004 0.008769862024598025 0.008769862024598011 0.008769862024598018 0.008769862024598023 0.008769862024597948 0.008769862024598004 0.008769862024598011 0.008769862024598049 0.3112237228157512 0.008769862024597997 0.03309344849251284 0.00876986202459801 0.00876986202459797 0.03138273423985986 0.15377831729917138 0.008769862024598007 0.008769862024598016 0.015232379528035378 
0.011093770650485725 0.01109377065048572 0.019433344263165942 0.011093770650485717 0.011093770650485725 0.018376953863572593 0.08434227940778691 0.04157805684802689 0.011093770650485722 0.01109377065048572 0.011093770650485755 0.01109377065048572 0.11740133112554456 0.011093770650485724 0.011093770650485732 0.011093770650485718 0.01109377065048567 0.011093770650485727 0.04333759793525319 0.18746483475276168 0.033624906665520704 0.011093770650485725 0.011093770650485725 0.011093770650485724 0.01109377065048572 0.011093770650485736 0.011093770650485738 0.01109377065048572 0.0196084124767576 0.2129568696518893 
0.01702465678739106 0.018263122795492498 0.010067898389927476 0.04177431691769017 0.018045652823095587 0.019875949357828854 0.010067898389927549 0.010067898389928352 0.0100678983899275 0.2610528339154701 0.01695615380141527 0.0100678983899275 0.13976074308786515 0.010067898389927497 0.010067898389927504 0.01006789838992751 0.017189105235691154 0.010067898389927514 0.01006789838992748 0.01006789838992751 0.02747105986436948 0.0100678983899275 0.19922951847643092 0.010067898389927507 0.010067898389927502 0.019003498055783063 0.010067898389928002 0.0100678983899275 0.03319911625268755 0.010067898389927492 
0.006436683338426218 0.0064366833384262205 0.006436683338426222 0.006436683338426213 0.006436683338426227 0.4759291371599896 0.006436683338426226 0.023057187111828786 0.006436683338426222 0.021678547109971295 0.006436683338426216 0.006436683338426223 0.006436683338426229 0.006436683338426221 0.006436683338426223 0.006436683338426222 0.006436683338426227 0.006436683338426229 0.006436683338426252 0.020992291494854706 0.02465667061867458 0.00643668333842622 0.02905531344321889 0.006436683338426222 0.012644413974744827 0.016136284093939902 0.2406798048858822 0.006436683338426222 0.006436683338426231 0.006436683338426221 
