0.45702306079664573 0.010482180293501049 0.029350104821802937 0.029350104821802937 0.010482180293501049 0.02306079664570231 0.016771488469601678 0.010482180293501049 0.010482180293501049 0.02306079664570231 0.010482180293501049 0.010482180293501049 0.02306079664570231 0.029350104821802937 0.041928721174004195 0.02306079664570231 0.016771488469601678 0.016771488469601678 0.010482180293501049 0.016771488469601678 0.029350104821802937 0.010482180293501049 0.010482180293501049 0.016771488469601678 0.010482180293501049 0.02306079664570231 0.016771488469601678 0.016771488469601678 0.016771488469601678 0.029350104821802937 
0.006613756613756614 0.05026455026455026 0.03439153439153439 0.014550264550264551 0.010582010582010583 0.01851851851851852 0.08201058201058202 0.1415343915343915 0.006613756613756614 0.02248677248677249 0.006613756613756614 0.010582010582010583 0.006613756613756614 0.006613756613756614 0.006613756613756614 0.010582010582010583 0.2724867724867725 0.01851851851851852 0.014550264550264551 0.006613756613756614 0.014550264550264551 0.03835978835978836 0.010582010582010583 0.006613756613756614 0.014550264550264551 0.006613756613756614 0.10582010582010583 0.026455026455026457 0.010582010582010583 0.01851851851851852 
0.03555555555555556 0.022222222222222223 0.03555555555555556 0.022222222222222223 0.022222222222222223 0.03555555555555556 0.022222222222222223 0.022222222222222223 0.022222222222222223 0.022222222222222223 0.07555555555555556 0.04888888888888889 0.022222222222222223 0.022222222222222223 0.022222222222222223 0.06222222222222223 0.022222222222222223 0.022222222222222223 0.022222222222222223 0.022222222222222223 0.022222222222222223 0.022222222222222223 0.022222222222222223 0.03555555555555556 0.022222222222222223 0.08888888888888889 0.022222222222222223 0.022222222222222223 0.11555555555555555 0.022222222222222223 
0.02190923317683881 0.4350547730829421 0.012519561815336465 0.012519561815336465 0.012519561815336465 0.02190923317683881 0.00782472613458529 0.162754303599374 0.00782472613458529 0.01721439749608764 0.00782472613458529 0.00782472613458529 0.00782472613458529 0.00782472613458529 0.03129890453834116 0.01721439749608764 0.00782472613458529 0.00782472613458529 0.012519561815336465 0.05007824726134585 0.00782472613458529 0.01721439749608764 0.0406885758998435 0.00782472613458529 0.00782472613458529 0.012519561815336465 0.00782472613458529 0.00782472613458529 0.00782472613458529 0.012519561815336465 
0.011737089201877935 0.018779342723004695 0.025821596244131457 0.03990610328638498 0.06103286384976525 0.11737089201877936 0.011737089201877935 0.011737089201877935 0.011737089201877935 0.17370892018779344 0.011737089201877935 0.018779342723004695 0.011737089201877935 0.0539906103286385 0.03286384976525822 0.025821596244131457 0.011737089201877935 0.011737089201877935 0.011737089201877935 0.011737089201877935 0.03286384976525822 0.011737089201877935 0.011737089201877935 0.018779342723004695 0.018779342723004695 0.1596244131455399 0.011737089201877935 0.011737089201877935 0.025821596244131457 0.011737089201877935 
0.032128514056224904 0.020080321285140562 0.020080321285140562 0.020080321285140562 0.032128514056224904 0.032128514056224904 0.020080321285140562 0.020080321285140562 0.020080321285140562 0.020080321285140562 0.04417670682730924 0.04417670682730924 0.032128514056224904 0.032128514056224904 0.14056224899598393 0.05622489959839358 0.020080321285140562 0.020080321285140562 0.032128514056224904 0.020080321285140562 0.032128514056224904 0.032128514056224904 0.020080321285140562 0.020080321285140562 0.020080321285140562 0.05622489959839358 0.020080321285140562 0.032128514056224904 0.05622489959839358 0.032128514056224904 
0.027434842249657067 0.010973936899862827 0.03978052126200274 0.015089163237311387 0.08093278463648834 0.006858710562414267 0.006858710562414267 0.006858710562414267 0.006858710562414267 0.006858710562414267 0.006858710562414267 0.023319615912208505 0.006858710562414267 0.05212620027434842 0.010973936899862827 0.023319615912208505 0.03566529492455418 0.006858710562414267 0.015089163237311387 0.010973936899862827 0.006858710562414267 0.023319615912208505 0.11385459533607682 0.07270233196159123 0.05624142661179698 0.006858710562414267 0.006858710562414267 0.010973936899862827 0.29080932784636493 0.010973936899862827 
0.05128205128205129 0.018315018315018316 0.040293040293040296 0.018315018315018316 0.018315018315018316 0.029304029304029307 0.018315018315018316 0.018315018315018316 0.018315018315018316 0.018315018315018316 0.040293040293040296 0.018315018315018316 0.018315018315018316 0.06227106227106227 0.018315018315018316 0.05128205128205129 0.018315018315018316 0.018315018315018316 0.018315018315018316 0.018315018315018316 0.029304029304029307 0.040293040293040296 0.018315018315018316 0.029304029304029307 0.08424908424908426 0.018315018315018316 0.029304029304029307 0.18315018315018317 0.018315018315018316 0.018315018315018316 
0.021645021645021648 0.021645021645021648 0.0735930735930736 0.021645021645021648 0.021645021645021648 0.021645021645021648 0.021645021645021648 0.04761904761904762 0.03463203463203464 0.03463203463203464 0.021645021645021648 0.12554112554112554 0.021645021645021648 0.04761904761904762 0.021645021645021648 0.021645021645021648 0.021645021645021648 0.021645021645021648 0.021645021645021648 0.021645021645021648 0.021645021645021648 0.021645021645021648 0.08658008658008659 0.03463203463203464 0.03463203463203464 0.021645021645021648 0.021645021645021648 0.021645021645021648 0.021645021645021648 0.04761904761904762 
0.014245014245014245 0.014245014245014245 0.014245014245014245 0.014245014245014245 0.014245014245014245 0.014245014245014245 0.014245014245014245 0.014245014245014245 0.022792022792022793 0.014245014245014245 0.022792022792022793 0.014245014245014245 0.014245014245014245 0.014245014245014245 0.014245014245014245 0.039886039886039885 0.014245014245014245 0.014245014245014245 0.4843304843304843 0.014245014245014245 0.014245014245014245 0.014245014245014245 0.022792022792022793 0.014245014245014245 0.014245014245014245 0.022792022792022793 0.014245014245014245 0.05698005698005698 0.014245014245014245 0.014245014245014245 
0.17851500789889416 0.007898894154818327 0.10742496050552923 0.017377567140600316 0.012638230647709322 0.28751974723538704 0.007898894154818327 0.007898894154818327 0.012638230647709322 0.012638230647709322 0.007898894154818327 0.017377567140600316 0.017377567140600316 0.05055292259083728 0.012638230647709322 0.022116903633491312 0.017377567140600316 0.007898894154818327 0.017377567140600316 0.007898894154818327 0.017377567140600316 0.007898894154818327 0.017377567140600316 0.017377567140600316 0.007898894154818327 0.017377567140600316 0.022116903633491312 0.012638230647709322 0.012638230647709322 0.036334913112164295 
0.015151515151515154 0.00946969696969697 0.03787878787878788 0.015151515151515154 0.16287878787878787 0.0606060606060606 0.015151515151515154 0.015151515151515154 0.015151515151515154 0.00946969696969697 0.026515151515151516 0.032196969696969696 0.015151515151515154 0.015151515151515154 0.04924242424242424 0.026515151515151516 0.032196969696969696 0.03787878787878788 0.0606060606060606 0.032196969696969696 0.043560606060606064 0.14015151515151517 0.015151515151515154 0.015151515151515154 0.015151515151515154 0.015151515151515154 0.026515151515151516 0.00946969696969697 0.026515151515151516 0.00946969696969697 
0.04166666666666667 0.026041666666666668 0.026041666666666668 0.026041666666666668 0.05729166666666667 0.026041666666666668 0.026041666666666668 0.026041666666666668 0.026041666666666668 0.026041666666666668 0.04166666666666667 0.026041666666666668 0.026041666666666668 0.026041666666666668 0.026041666666666668 0.05729166666666667 0.026041666666666668 0.026041666666666668 0.026041666666666668 0.026041666666666668 0.026041666666666668 0.10416666666666667 0.026041666666666668 0.026041666666666668 0.026041666666666668 0.04166666666666667 0.026041666666666668 0.05729166666666667 0.026041666666666668 0.026041666666666668 
0.013333333333333334 0.021333333333333336 0.021333333333333336 0.2693333333333333 0.021333333333333336 0.013333333333333334 0.013333333333333334 0.10933333333333332 0.013333333333333334 0.029333333333333336 0.013333333333333334 0.013333333333333334 0.013333333333333334 0.013333333333333334 0.013333333333333334 0.021333333333333336 0.013333333333333334 0.021333333333333336 0.013333333333333334 0.013333333333333334 0.029333333333333336 0.021333333333333336 0.013333333333333334 0.013333333333333334 0.013333333333333334 0.013333333333333334 0.013333333333333334 0.18133333333333335 0.013333333333333334 0.013333333333333334 
0.02314814814814815 0.0925925925925926 0.02314814814814815 0.02314814814814815 0.02314814814814815 0.02314814814814815 0.02314814814814815 0.03703703703703704 0.03703703703703704 0.02314814814814815 0.02314814814814815 0.02314814814814815 0.02314814814814815 0.02314814814814815 0.02314814814814815 0.02314814814814815 0.02314814814814815 0.17592592592592593 0.02314814814814815 0.05092592592592593 0.02314814814814815 0.02314814814814815 0.03703703703703704 0.02314814814814815 0.02314814814814815 0.02314814814814815 0.02314814814814815 0.02314814814814815 0.03703703703703704 0.02314814814814815 
0.013201320132013203 0.013201320132013203 0.008250825082508252 0.008250825082508252 0.0528052805280528 0.0429042904290429 0.023102310231023104 0.037953795379537955 0.013201320132013203 0.018151815181518153 0.013201320132013203 0.013201320132013203 0.03300330033003301 0.013201320132013203 0.008250825082508252 0.013201320132013203 0.3646864686468647 0.008250825082508252 0.013201320132013203 0.11221122112211222 0.013201320132013203 0.008250825082508252 0.023102310231023104 0.013201320132013203 0.03300330033003301 0.013201320132013203 0.03300330033003301 0.023102310231023104 0.008250825082508252 0.008250825082508252 
0.012077294685990338 0.04106280193236715 0.07004830917874395 0.012077294685990338 0.012077294685990338 0.012077294685990338 0.012077294685990338 0.019323671497584544 0.012077294685990338 0.026570048309178747 0.012077294685990338 0.012077294685990338 0.026570048309178747 0.09903381642512077 0.012077294685990338 0.012077294685990338 0.012077294685990338 0.012077294685990338 0.019323671497584544 0.04106280193236715 0.019323671497584544 0.012077294685990338 0.10628019323671498 0.026570048309178747 0.026570048309178747 0.03381642512077295 0.012077294685990338 0.2439613526570048 0.019323671497584544 0.012077294685990338 
0.03546099290780142 0.01950354609929078 0.014184397163120569 0.014184397163120569 0.014184397163120569 0.18971631205673758 0.2854609929078014 0.008865248226950355 0.008865248226950355 0.06205673758865248 0.014184397163120569 0.024822695035460994 0.01950354609929078 0.008865248226950355 0.024822695035460994 0.01950354609929078 0.024822695035460994 0.008865248226950355 0.008865248226950355 0.01950354609929078 0.014184397163120569 0.024822695035460994 0.014184397163120569 0.014184397163120569 0.024822695035460994 0.008865248226950355 0.014184397163120569 0.024822695035460994 0.008865248226950355 0.024822695035460994 
0.024305555555555556 0.024305555555555556 0.008680555555555556 0.01388888888888889 0.05555555555555555 0.019097222222222224 0.01388888888888889 0.008680555555555556 0.008680555555555556 0.008680555555555556 0.19618055555555555 0.1076388888888889 0.01388888888888889 0.019097222222222224 0.01388888888888889 0.019097222222222224 0.008680555555555556 0.008680555555555556 0.07118055555555555 0.008680555555555556 0.008680555555555556 0.02951388888888889 0.008680555555555556 0.008680555555555556 0.008680555555555556 0.1545138888888889 0.01388888888888889 0.008680555555555556 0.0920138888888889 0.01388888888888889 
0.016666666666666666 0.05595238095238095 0.013095238095238096 0.005952380952380953 0.009523809523809525 0.03095238095238095 0.005952380952380953 0.10595238095238095 0.02738095238095238 0.009523809523809525 0.005952380952380953 0.009523809523809525 0.005952380952380953 0.016666666666666666 0.3238095238095238 0.0630952380952381 0.03809523809523809 0.02023809523809524 0.009523809523809525 0.03095238095238095 0.02380952380952381 0.005952380952380953 0.005952380952380953 0.013095238095238096 0.009523809523809525 0.04880952380952381 0.02738095238095238 0.016666666666666666 0.03809523809523809 0.005952380952380953 
0.006693440428380187 0.06693440428380187 0.006693440428380187 0.006693440428380187 0.02275769745649264 0.014725568942436413 0.010709504685408301 0.15127175368139223 0.010709504685408301 0.010709504685408301 0.014725568942436413 0.19143239625167335 0.0428380187416332 0.018741633199464525 0.006693440428380187 0.006693440428380187 0.006693440428380187 0.006693440428380187 0.010709504685408301 0.010709504685408301 0.006693440428380187 0.014725568942436413 0.014725568942436413 0.010709504685408301 0.16733601070950468 0.006693440428380187 0.10307898259705489 0.006693440428380187 0.006693440428380187 0.038821954484605084 
0.0904392764857881 0.012919896640826874 0.020671834625323 0.020671834625323 0.012919896640826874 0.08268733850129198 0.012919896640826874 0.020671834625323 0.012919896640826874 0.043927648578811374 0.012919896640826874 0.028423772609819122 0.03617571059431525 0.020671834625323 0.028423772609819122 0.020671834625323 0.2454780361757106 0.03617571059431525 0.028423772609819122 0.028423772609819122 0.020671834625323 0.012919896640826874 0.012919896640826874 0.028423772609819122 0.012919896640826874 0.028423772609819122 0.020671834625323 0.012919896640826874 0.020671834625323 0.012919896640826874 
0.009913258983890956 0.009913258983890956 0.009913258983890956 0.009913258983890956 0.06939281288723669 0.04337050805452292 0.006195786864931847 0.021065675340768277 0.013630731102850064 0.10656753407682776 0.013630731102850064 0.009913258983890956 0.0322180916976456 0.0322180916976456 0.024783147459727387 0.024783147459727387 0.0322180916976456 0.006195786864931847 0.2701363073110285 0.006195786864931847 0.12143742255266418 0.006195786864931847 0.009913258983890956 0.006195786864931847 0.024783147459727387 0.04337050805452292 0.009913258983890956 0.006195786864931847 0.009913258983890956 0.009913258983890956 
0.028282828282828285 0.010101010101010102 0.016161616161616165 0.010101010101010102 0.016161616161616165 0.016161616161616165 0.010101010101010102 0.010101010101010102 0.010101010101010102 0.010101010101010102 0.016161616161616165 0.010101010101010102 0.016161616161616165 0.028282828282828285 0.010101010101010102 0.03434343434343434 0.022222222222222223 0.397979797979798 0.028282828282828285 0.010101010101010102 0.016161616161616165 0.016161616161616165 0.010101010101010102 0.1191919191919192 0.028282828282828285 0.046464646464646465 0.010101010101010102 0.016161616161616165 0.016161616161616165 0.010101010101010102 
0.014814814814814817 0.00925925925925926 0.031481481481481485 0.00925925925925926 0.00925925925925926 0.014814814814814817 0.00925925925925926 0.00925925925925926 0.00925925925925926 0.014814814814814817 0.014814814814814817 0.020370370370370372 0.00925925925925926 0.02592592592592593 0.00925925925925926 0.00925925925925926 0.00925925925925926 0.014814814814814817 0.014814814814814817 0.00925925925925926 0.014814814814814817 0.3703703703703704 0.15925925925925927 0.0537037037037037 0.04814814814814815 0.00925925925925926 0.00925925925925926 0.00925925925925926 0.03703703703703704 0.020370370370370372 
0.0102880658436214 0.0102880658436214 0.03497942386831276 0.0102880658436214 0.059670781893004114 0.01646090534979424 0.0102880658436214 0.0411522633744856 0.0102880658436214 0.02263374485596708 0.0102880658436214 0.0102880658436214 0.01646090534979424 0.02880658436213992 0.0102880658436214 0.14609053497942387 0.0102880658436214 0.0102880658436214 0.23868312757201646 0.0102880658436214 0.01646090534979424 0.0102880658436214 0.0102880658436214 0.0102880658436214 0.01646090534979424 0.02880658436213992 0.12139917695473251 0.0102880658436214 0.047325102880658436 0.0102880658436214 
0.016819571865443427 0.025993883792048932 0.012232415902140675 0.016819571865443427 0.02140672782874618 0.016819571865443427 0.012232415902140675 0.07645259938837921 0.007645259938837921 0.007645259938837921 0.007645259938837921 0.016819571865443427 0.012232415902140675 0.007645259938837921 0.025993883792048932 0.025993883792048932 0.007645259938837921 0.007645259938837921 0.053516819571865444 0.012232415902140675 0.007645259938837921 0.012232415902140675 0.007645259938837921 0.012232415902140675 0.012232415902140675 0.04434250764525994 0.08562691131498472 0.20948012232415902 0.016819571865443427 0.20030581039755352 
0.022831050228310504 0.03652968036529681 0.022831050228310504 0.1872146118721461 0.022831050228310504 0.022831050228310504 0.022831050228310504 0.022831050228310504 0.022831050228310504 0.022831050228310504 0.022831050228310504 0.022831050228310504 0.022831050228310504 0.022831050228310504 0.022831050228310504 0.022831050228310504 0.07762557077625572 0.022831050228310504 0.03652968036529681 0.022831050228310504 0.022831050228310504 0.022831050228310504 0.022831050228310504 0.05022831050228311 0.022831050228310504 0.022831050228310504 0.022831050228310504 0.022831050228310504 0.06392694063926942 0.022831050228310504 
0.006613756613756614 0.014550264550264551 0.02248677248677249 0.006613756613756614 0.042328042328042326 0.006613756613756614 0.006613756613756614 0.010582010582010583 0.006613756613756614 0.006613756613756614 0.28835978835978837 0.08201058201058202 0.010582010582010583 0.042328042328042326 0.026455026455026457 0.05423280423280423 0.02248677248677249 0.006613756613756614 0.03439153439153439 0.01851851851851852 0.006613756613756614 0.026455026455026457 0.006613756613756614 0.006613756613756614 0.026455026455026457 0.08994708994708996 0.014550264550264551 0.01851851851851852 0.07804232804232805 0.010582010582010583 
0.16666666666666666 0.032520325203252036 0.02032520325203252 0.032520325203252036 0.02032520325203252 0.02032520325203252 0.02032520325203252 0.02032520325203252 0.032520325203252036 0.02032520325203252 0.02032520325203252 0.02032520325203252 0.02032520325203252 0.02032520325203252 0.044715447154471545 0.14227642276422764 0.02032520325203252 0.02032520325203252 0.02032520325203252 0.044715447154471545 0.02032520325203252 0.02032520325203252 0.02032520325203252 0.02032520325203252 0.02032520325203252 0.02032520325203252 0.02032520325203252 0.02032520325203252 0.05691056910569106 0.02032520325203252 
0.03292181069958848 0.03292181069958848 0.03292181069958848 0.03292181069958848 0.15637860082304525 0.0205761316872428 0.03292181069958848 0.0205761316872428 0.0205761316872428 0.04526748971193416 0.0205761316872428 0.0205761316872428 0.0205761316872428 0.03292181069958848 0.0205761316872428 0.03292181069958848 0.0205761316872428 0.0205761316872428 0.05761316872427984 0.03292181069958848 0.03292181069958848 0.0205761316872428 0.0205761316872428 0.05761316872427984 0.0205761316872428 0.03292181069958848 0.03292181069958848 0.03292181069958848 0.0205761316872428 0.0205761316872428 
0.012722646310432571 0.058524173027989825 0.012722646310432571 0.012722646310432571 0.020356234096692113 0.020356234096692113 0.012722646310432571 0.012722646310432571 0.012722646310432571 0.012722646310432571 0.012722646310432571 0.012722646310432571 0.012722646310432571 0.012722646310432571 0.012722646310432571 0.020356234096692113 0.012722646310432571 0.5165394402035624 0.027989821882951658 0.012722646310432571 0.012722646310432571 0.012722646310432571 0.012722646310432571 0.035623409669211195 0.012722646310432571 0.020356234096692113 0.012722646310432571 0.012722646310432571 0.012722646310432571 0.012722646310432571 
0.01545253863134658 0.00883002207505519 0.012141280353200884 0.17108167770419425 0.005518763796909493 0.141280353200883 0.09492273730684327 0.012141280353200884 0.005518763796909493 0.11147902869757173 0.005518763796909493 0.02207505518763797 0.00883002207505519 0.00883002207505519 0.08830022075055188 0.00883002207505519 0.04856512141280353 0.005518763796909493 0.018763796909492276 0.00883002207505519 0.005518763796909493 0.005518763796909493 0.03532008830022075 0.005518763796909493 0.00883002207505519 0.012141280353200884 0.06181015452538632 0.018763796909492276 0.012141280353200884 0.03200883002207505 
0.02380952380952381 0.02380952380952381 0.02380952380952381 0.02380952380952381 0.02380952380952381 0.02380952380952381 0.02380952380952381 0.02380952380952381 0.05238095238095238 0.02380952380952381 0.02380952380952381 0.02380952380952381 0.02380952380952381 0.02380952380952381 0.02380952380952381 0.06666666666666667 0.02380952380952381 0.02380952380952381 0.02380952380952381 0.02380952380952381 0.1238095238095238 0.06666666666666667 0.02380952380952381 0.02380952380952381 0.02380952380952381 0.05238095238095238 0.02380952380952381 0.06666666666666667 0.02380952380952381 0.02380952380952381 
0.010040160642570281 0.02208835341365462 0.0642570281124498 0.016064257028112452 0.15461847389558234 0.016064257028112452 0.05220883534136546 0.02811244979919679 0.010040160642570281 0.03413654618473896 0.016064257028112452 0.016064257028112452 0.016064257028112452 0.02208835341365462 0.010040160642570281 0.02811244979919679 0.010040160642570281 0.02208835341365462 0.040160642570281124 0.010040160642570281 0.010040160642570281 0.010040160642570281 0.1606425702811245 0.07630522088353413 0.010040160642570281 0.016064257028112452 0.0642570281124498 0.010040160642570281 0.03413654618473896 0.010040160642570281 
0.015341701534170155 0.07810320781032079 0.048814504881450484 0.011157601115760113 0.015341701534170155 0.02789400278940028 0.00697350069735007 0.048814504881450484 0.02370990237099024 0.00697350069735007 0.015341701534170155 0.33751743375174337 0.015341701534170155 0.015341701534170155 0.015341701534170155 0.015341701534170155 0.00697350069735007 0.011157601115760113 0.011157601115760113 0.00697350069735007 0.015341701534170155 0.05299860529986053 0.05299860529986053 0.00697350069735007 0.019525801952580198 0.019525801952580198 0.05718270571827057 0.00697350069735007 0.019525801952580198 0.015341701534170155 
0.011337868480725623 0.011337868480725623 0.011337868480725623 0.011337868480725623 0.011337868480725623 0.011337868480725623 0.018140589569160998 0.011337868480725623 0.011337868480725623 0.024943310657596373 0.024943310657596373 0.018140589569160998 0.07936507936507936 0.011337868480725623 0.011337868480725623 0.018140589569160998 0.058956916099773236 0.011337868480725623 0.011337868480725623 0.018140589569160998 0.011337868480725623 0.018140589569160998 0.13378684807256236 0.011337868480725623 0.011337868480725623 0.024943310657596373 0.011337868480725623 0.011337868480725623 0.024943310657596373 0.3446712018140589 
0.12808641975308643 0.00771604938271605 0.02160493827160494 0.00771604938271605 0.00771604938271605 0.040123456790123455 0.01234567901234568 0.01234567901234568 0.00771604938271605 0.00771604938271605 0.040123456790123455 0.02160493827160494 0.01697530864197531 0.02160493827160494 0.035493827160493825 0.00771604938271605 0.21141975308641975 0.02160493827160494 0.00771604938271605 0.16049382716049382 0.00771604938271605 0.00771604938271605 0.02623456790123457 0.01234567901234568 0.0771604938271605 0.035493827160493825 0.01234567901234568 0.00771604938271605 0.00771604938271605 0.00771604938271605 
0.032015065913371 0.015065913370998118 0.02071563088512241 0.009416195856873824 0.24670433145009416 0.009416195856873824 0.009416195856873824 0.02071563088512241 0.04331450094161959 0.02071563088512241 0.02071563088512241 0.015065913370998118 0.02071563088512241 0.037664783427495296 0.009416195856873824 0.11676082862523542 0.02071563088512241 0.02071563088512241 0.09416195856873824 0.009416195856873824 0.009416195856873824 0.02071563088512241 0.015065913370998118 0.015065913370998118 0.009416195856873824 0.07156308851224105 0.009416195856873824 0.009416195856873824 0.037664783427495296 0.009416195856873824 
0.15067340067340065 0.004208754208754209 0.006734006734006735 0.06228956228956229 0.004208754208754209 0.2718855218855219 0.006734006734006735 0.006734006734006735 0.004208754208754209 0.13047138047138046 0.006734006734006735 0.02441077441077441 0.00925925925925926 0.01430976430976431 0.011784511784511785 0.02946127946127946 0.004208754208754209 0.00925925925925926 0.006734006734006735 0.01430976430976431 0.006734006734006735 0.004208754208754209 0.021885521885521883 0.00925925925925926 0.016835016835016835 0.019360269360269362 0.1254208754208754 0.004208754208754209 0.006734006734006735 0.006734006734006735 
0.026402640264026406 0.05610561056105611 0.036303630363036306 0.016501650165016504 0.016501650165016504 0.016501650165016504 0.016501650165016504 0.016501650165016504 0.016501650165016504 0.016501650165016504 0.016501650165016504 0.016501650165016504 0.016501650165016504 0.05610561056105611 0.29372937293729373 0.04620462046204621 0.016501650165016504 0.016501650165016504 0.016501650165016504 0.016501650165016504 0.016501650165016504 0.016501650165016504 0.016501650165016504 0.05610561056105611 0.016501650165016504 0.036303630363036306 0.016501650165016504 0.04620462046204621 0.016501650165016504 0.016501650165016504 
0.02600472813238771 0.01182033096926714 0.04728132387706856 0.01182033096926714 0.01182033096926714 0.01182033096926714 0.01182033096926714 0.04018912529550828 0.01182033096926714 0.018912529550827426 0.018912529550827426 0.018912529550827426 0.04018912529550828 0.04018912529550828 0.01182033096926714 0.01182033096926714 0.01182033096926714 0.018912529550827426 0.02600472813238771 0.01182033096926714 0.01182033096926714 0.01182033096926714 0.04018912529550828 0.1607565011820331 0.061465721040189124 0.018912529550827426 0.01182033096926714 0.2458628841607565 0.01182033096926714 0.01182033096926714 
0.3761904761904762 0.011904761904761906 0.04047619047619048 0.01904761904761905 0.011904761904761906 0.011904761904761906 0.011904761904761906 0.011904761904761906 0.011904761904761906 0.01904761904761905 0.011904761904761906 0.011904761904761906 0.011904761904761906 0.09761904761904762 0.02619047619047619 0.06904761904761904 0.011904761904761906 0.011904761904761906 0.011904761904761906 0.02619047619047619 0.04047619047619048 0.011904761904761906 0.011904761904761906 0.011904761904761906 0.011904761904761906 0.04047619047619048 0.011904761904761906 0.011904761904761906 0.011904761904761906 0.01904761904761905 
0.024154589371980676 0.024154589371980676 0.024154589371980676 0.024154589371980676 0.024154589371980676 0.024154589371980676 0.024154589371980676 0.024154589371980676 0.024154589371980676 0.16908212560386474 0.024154589371980676 0.03864734299516909 0.0676328502415459 0.0676328502415459 0.024154589371980676 0.024154589371980676 0.024154589371980676 0.024154589371980676 0.024154589371980676 0.024154589371980676 0.024154589371980676 0.024154589371980676 0.024154589371980676 0.024154589371980676 0.024154589371980676 0.024154589371980676 0.024154589371980676 0.053140096618357495 0.024154589371980676 0.024154589371980676 
0.019900497512437814 0.012437810945273632 0.012437810945273632 0.31840796019900497 0.012437810945273632 0.012437810945273632 0.019900497512437814 0.04975124378109453 0.012437810945273632 0.019900497512437814 0.012437810945273632 0.019900497512437814 0.012437810945273632 0.04975124378109453 0.012437810945273632 0.027363184079601994 0.012437810945273632 0.012437810945273632 0.012437810945273632 0.04975124378109453 0.04228855721393035 0.012437810945273632 0.012437810945273632 0.012437810945273632 0.012437810945273632 0.012437810945273632 0.05721393034825871 0.019900497512437814 0.012437810945273632 0.0945273631840796 
0.01478494623655914 0.026881720430107527 0.03494623655913978 0.006720430107526882 0.0228494623655914 0.006720430107526882 0.006720430107526882 0.006720430107526882 0.006720430107526882 0.01881720430107527 0.30510752688172044 0.0510752688172043 0.01881720430107527 0.0228494623655914 0.01478494623655914 0.08736559139784947 0.010752688172043012 0.006720430107526882 0.03494623655913978 0.0228494623655914 0.006720430107526882 0.010752688172043012 0.010752688172043012 0.038978494623655914 0.010752688172043012 0.06720430107526883 0.010752688172043012 0.010752688172043012 0.08333333333333334 0.0228494623655914 
0.02347417840375587 0.051643192488262914 0.03755868544600939 0.02347417840375587 0.02347417840375587 0.02347417840375587 0.02347417840375587 0.02347417840375587 0.03755868544600939 0.02347417840375587 0.051643192488262914 0.02347417840375587 0.03755868544600939 0.02347417840375587 0.02347417840375587 0.02347417840375587 0.13615023474178403 0.02347417840375587 0.03755868544600939 0.02347417840375587 0.03755868544600939 0.02347417840375587 0.02347417840375587 0.02347417840375587 0.051643192488262914 0.02347417840375587 0.03755868544600939 0.03755868544600939 0.02347417840375587 0.02347417840375587 
0.015686274509803925 0.4803921568627451 0.021568627450980395 0.00980392156862745 0.00980392156862745 0.015686274509803925 0.00980392156862745 0.00980392156862745 0.00980392156862745 0.015686274509803925 0.00980392156862745 0.00980392156862745 0.00980392156862745 0.050980392156862744 0.027450980392156866 0.027450980392156866 0.015686274509803925 0.00980392156862745 0.021568627450980395 0.021568627450980395 0.00980392156862745 0.00980392156862745 0.08627450980392157 0.00980392156862745 0.015686274509803925 0.015686274509803925 0.021568627450980395 0.00980392156862745 0.00980392156862745 0.00980392156862745 
0.02314814814814815 0.02314814814814815 0.03703703703703704 0.02314814814814815 0.02314814814814815 0.02314814814814815 0.0787037037037037 0.02314814814814815 0.02314814814814815 0.02314814814814815 0.02314814814814815 0.02314814814814815 0.02314814814814815 0.06481481481481483 0.13425925925925924 0.02314814814814815 0.02314814814814815 0.02314814814814815 0.02314814814814815 0.05092592592592593 0.02314814814814815 0.03703703703703704 0.02314814814814815 0.02314814814814815 0.02314814814814815 0.05092592592592593 0.02314814814814815 0.02314814814814815 0.03703703703703704 0.02314814814814815 
0.008333333333333333 0.12833333333333333 0.013333333333333334 0.16333333333333333 0.018333333333333333 0.008333333333333333 0.018333333333333333 0.10333333333333333 0.018333333333333333 0.008333333333333333 0.008333333333333333 0.008333333333333333 0.013333333333333334 0.008333333333333333 0.013333333333333334 0.008333333333333333 0.008333333333333333 0.03333333333333333 0.023333333333333334 0.08333333333333334 0.023333333333333334 0.12833333333333333 0.013333333333333334 0.013333333333333334 0.008333333333333333 0.008333333333333333 0.023333333333333334 0.04833333333333333 0.008333333333333333 0.028333333333333335 
0.020833333333333336 0.04583333333333334 0.020833333333333336 0.03333333333333334 0.04583333333333334 0.020833333333333336 0.020833333333333336 0.03333333333333334 0.03333333333333334 0.03333333333333334 0.03333333333333334 0.020833333333333336 0.020833333333333336 0.04583333333333334 0.03333333333333334 0.04583333333333334 0.020833333333333336 0.020833333333333336 0.020833333333333336 0.020833333333333336 0.03333333333333334 0.08333333333333334 0.03333333333333334 0.020833333333333336 0.09583333333333334 0.020833333333333336 0.020833333333333336 0.03333333333333334 0.020833333333333336 0.04583333333333334 
0.00778816199376947 0.045171339563862926 0.03115264797507788 0.00778816199376947 0.02180685358255452 0.012461059190031154 0.00778816199376947 0.00778816199376947 0.012461059190031154 0.00778816199376947 0.012461059190031154 0.02180685358255452 0.00778816199376947 0.00778816199376947 0.00778816199376947 0.02180685358255452 0.00778816199376947 0.012461059190031154 0.23208722741433022 0.00778816199376947 0.00778816199376947 0.017133956386292837 0.27414330218068533 0.02180685358255452 0.12461059190031153 0.00778816199376947 0.00778816199376947 0.00778816199376947 0.017133956386292837 0.012461059190031154 
0.02092675635276532 0.061285500747384154 0.016442451420029897 0.007473841554559044 0.02092675635276532 0.10612855007473843 0.007473841554559044 0.007473841554559044 0.007473841554559044 0.02092675635276532 0.034379671150971604 0.09267563527653214 0.016442451420029897 0.007473841554559044 0.034379671150971604 0.04783258594917787 0.07473841554559044 0.007473841554559044 0.02541106128550075 0.10612855007473843 0.007473841554559044 0.007473841554559044 0.016442451420029897 0.011958146487294471 0.016442451420029897 0.011958146487294471 0.011958146487294471 0.007473841554559044 0.1733931240657698 0.011958146487294471 
0.045307443365695796 0.025889967637540454 0.025889967637540454 0.016181229773462785 0.025889967637540454 0.016181229773462785 0.025889967637540454 0.016181229773462785 0.016181229773462785 0.016181229773462785 0.016181229773462785 0.016181229773462785 0.03559870550161812 0.0744336569579288 0.016181229773462785 0.11326860841423948 0.016181229773462785 0.016181229773462785 0.0744336569579288 0.03559870550161812 0.025889967637540454 0.016181229773462785 0.016181229773462785 0.045307443365695796 0.016181229773462785 0.17152103559870552 0.016181229773462785 0.016181229773462785 0.016181229773462785 0.016181229773462785 
0.02298850574712644 0.014367816091954023 0.014367816091954023 0.014367816091954023 0.04885057471264368 0.014367816091954023 0.014367816091954023 0.014367816091954023 0.014367816091954023 0.014367816091954023 0.02298850574712644 0.014367816091954023 0.031609195402298854 0.04885057471264368 0.014367816091954023 0.014367816091954023 0.031609195402298854 0.02298850574712644 0.014367816091954023 0.02298850574712644 0.014367816091954023 0.1264367816091954 0.02298850574712644 0.014367816091954023 0.26436781609195403 0.014367816091954023 0.014367816091954023 0.014367816091954023 0.05747126436781609 0.031609195402298854 
0.058333333333333334 0.020833333333333336 0.020833333333333336 0.04583333333333334 0.020833333333333336 0.03333333333333334 0.03333333333333334 0.020833333333333336 0.020833333333333336 0.03333333333333334 0.020833333333333336 0.020833333333333336 0.020833333333333336 0.03333333333333334 0.020833333333333336 0.08333333333333334 0.03333333333333334 0.03333333333333334 0.03333333333333334 0.03333333333333334 0.020833333333333336 0.020833333333333336 0.020833333333333336 0.020833333333333336 0.04583333333333334 0.03333333333333334 0.10833333333333332 0.03333333333333334 0.020833333333333336 0.03333333333333334 
0.46014492753623193 0.014492753623188408 0.025362318840579712 0.036231884057971016 0.009057971014492754 0.009057971014492754 0.014492753623188408 0.014492753623188408 0.009057971014492754 0.009057971014492754 0.014492753623188408 0.009057971014492754 0.025362318840579712 0.01992753623188406 0.014492753623188408 0.04710144927536231 0.009057971014492754 0.01992753623188406 0.009057971014492754 0.014492753623188408 0.01992753623188406 0.01992753623188406 0.009057971014492754 0.025362318840579712 0.014492753623188408 0.014492753623188408 0.06884057971014493 0.009057971014492754 0.009057971014492754 0.025362318840579712 
0.024509803921568627 0.024509803921568627 0.024509803921568627 0.03921568627450981 0.024509803921568627 0.024509803921568627 0.024509803921568627 0.06862745098039216 0.024509803921568627 0.024509803921568627 0.024509803921568627 0.024509803921568627 0.024509803921568627 0.024509803921568627 0.024509803921568627 0.03921568627450981 0.03921568627450981 0.024509803921568627 0.024509803921568627 0.024509803921568627 0.024509803921568627 0.03921568627450981 0.11274509803921569 0.03921568627450981 0.024509803921568627 0.03921568627450981 0.06862745098039216 0.024509803921568627 0.024509803921568627 0.024509803921568627 
0.02347417840375587 0.02347417840375587 0.02347417840375587 0.02347417840375587 0.06572769953051644 0.02347417840375587 0.02347417840375587 0.02347417840375587 0.03755868544600939 0.02347417840375587 0.02347417840375587 0.02347417840375587 0.03755868544600939 0.06572769953051644 0.03755868544600939 0.03755868544600939 0.03755868544600939 0.03755868544600939 0.02347417840375587 0.02347417840375587 0.02347417840375587 0.07981220657276995 0.051643192488262914 0.051643192488262914 0.02347417840375587 0.02347417840375587 0.02347417840375587 0.02347417840375587 0.03755868544600939 0.02347417840375587 
0.024154589371980676 0.024154589371980676 0.03864734299516909 0.024154589371980676 0.03864734299516909 0.024154589371980676 0.024154589371980676 0.0821256038647343 0.024154589371980676 0.024154589371980676 0.024154589371980676 0.024154589371980676 0.024154589371980676 0.024154589371980676 0.024154589371980676 0.024154589371980676 0.024154589371980676 0.053140096618357495 0.024154589371980676 0.024154589371980676 0.03864734299516909 0.024154589371980676 0.03864734299516909 0.024154589371980676 0.1400966183574879 0.024154589371980676 0.024154589371980676 0.03864734299516909 0.024154589371980676 0.024154589371980676 
0.022012578616352203 0.007861635220125786 0.012578616352201259 0.017295597484276733 0.031446540880503145 0.05031446540880503 0.007861635220125786 0.012578616352201259 0.007861635220125786 0.2012578616352201 0.007861635220125786 0.012578616352201259 0.007861635220125786 0.040880503144654086 0.007861635220125786 0.017295597484276733 0.017295597484276733 0.19654088050314464 0.012578616352201259 0.007861635220125786 0.012578616352201259 0.017295597484276733 0.007861635220125786 0.09276729559748428 0.007861635220125786 0.1069182389937107 0.017295597484276733 0.017295597484276733 0.007861635220125786 0.012578616352201259 
0.010752688172043012 0.37204301075268814 0.030107526881720432 0.010752688172043012 0.010752688172043012 0.010752688172043012 0.010752688172043012 0.01720430107526882 0.030107526881720432 0.01720430107526882 0.01720430107526882 0.010752688172043012 0.010752688172043012 0.030107526881720432 0.05591397849462365 0.030107526881720432 0.010752688172043012 0.010752688172043012 0.023655913978494626 0.023655913978494626 0.010752688172043012 0.010752688172043012 0.06236559139784946 0.03655913978494624 0.010752688172043012 0.023655913978494626 0.04946236559139785 0.030107526881720432 0.010752688172043012 0.010752688172043012 
0.010416666666666668 0.06041666666666666 0.029166666666666667 0.11666666666666667 0.010416666666666668 0.010416666666666668 0.010416666666666668 0.035416666666666666 0.010416666666666668 0.02291666666666667 0.010416666666666668 0.010416666666666668 0.01666666666666667 0.035416666666666666 0.029166666666666667 0.010416666666666668 0.035416666666666666 0.010416666666666668 0.010416666666666668 0.010416666666666668 0.36666666666666664 0.010416666666666668 0.010416666666666668 0.01666666666666667 0.010416666666666668 0.01666666666666667 0.02291666666666667 0.010416666666666668 0.010416666666666668 0.029166666666666667 
0.015027322404371586 0.0068306010928961755 0.015027322404371586 0.015027322404371586 0.18306010928961747 0.010928961748633882 0.015027322404371586 0.06830601092896176 0.0068306010928961755 0.0068306010928961755 0.0068306010928961755 0.010928961748633882 0.0068306010928961755 0.03551912568306011 0.010928961748633882 0.027322404371584702 0.03551912568306011 0.0068306010928961755 0.031420765027322405 0.0068306010928961755 0.015027322404371586 0.010928961748633882 0.04781420765027322 0.031420765027322405 0.031420765027322405 0.031420765027322405 0.04781420765027322 0.0068306010928961755 0.24863387978142076 0.0068306010928961755 
