0.036955880128710886 0.04564940047956832 0.09161351470457843 0.02382673213040123 0.05764751015154827 0.06612013633694686 0.06945339209450677 0.023826732130401228 0.02382673213040122 0.023826732130401266 0.023826732130401183 0.02382673213040124 0.023826732130401266 0.15985074105091143 0.03458033203952644 0.02382673213040124 0.023826732130401155 0.02382673213040119 0.13529356471411486 0.06456820699558459 
0.016923977069363598 0.24059519287362452 0.027618867580250762 0.032021101449591756 0.01692397706936359 0.016923977069363605 0.10348277076559907 0.016923977069363605 0.016923977069363598 0.016923977069363598 0.10269459569233612 0.016923977069363594 0.09438276585078123 0.1265671286604677 0.016923977069363622 0.03407867836792896 0.016923977069363598 0.016923977069363605 0.016923977069363456 0.052395150996428365 
0.017162228949860296 0.017162228949860043 0.017162228949860164 0.027355468740115803 0.01716222894986005 0.01716222894986005 0.03608087540493189 0.01716222894986004 0.3006949606854933 0.08667617976473602 0.04767173262582065 0.017162228949860057 0.017162228949860043 0.22959561873920967 0.040173213064165256 0.017162228949860057 0.01716222894986006 0.017162228949860036 0.025805203577195606 0.017162228949860033 
0.021911943328534744 0.035165000188050105 0.12704041792082071 0.02191194332853469 0.021911943328534793 0.02191194332853475 0.035910921424080186 0.02191194332853475 0.0426506801550767 0.05696431291839408 0.20501335928705594 0.049227322094442444 0.09614278281211047 0.02191194332853475 0.03354279543827875 0.04496882373009859 0.031085194372533976 0.05656705207282715 0.03233773428649005 0.021911943328534737 
0.024344192669435195 0.04207488158104677 0.03746191841878058 0.09633361058056487 0.05779689494856998 0.01582763630067001 0.04624115372852421 0.015827636300670016 0.16052341351727178 0.028770103488246004 0.12791840566224386 0.10776195196014778 0.015827636300670037 0.015827636300670064 0.045076939002103376 0.015827636300669967 0.015827636300670002 0.015827636300670096 0.0483887616975333 0.06651431864083206 
0.021278429213352747 0.0301615450166662 0.041010846688785844 0.031158391517557744 0.13021790647275924 0.02127842921335272 0.11998473363848473 0.021278429213352722 0.021278429213352722 0.02127842921335283 0.02127842921335274 0.021278429213352754 0.12602333149656975 0.11190198961956976 0.0572717632684352 0.03143325230491866 0.031533901536823644 0.07956439323029971 0.02127842921335271 0.03951051150230704 
0.01870829504851945 0.05552099056390543 0.032389467403464385 0.18458160070550916 0.01870829504851951 0.01870829504851954 0.029545599768163015 0.018708295048519532 0.11078642947081585 0.028125881265842433 0.018708295048519532 0.018708295048519525 0.018708295048519542 0.02844308107575917 0.01870829504851949 0.018708295048519532 0.018708295048519515 0.01870829504851954 0.13578674695869172 0.1890289572541586 
0.04611672965718906 0.01941566409321702 0.0716260666583972 0.17833285694494805 0.019415664093217083 0.019415664093217055 0.019415664093217083 0.019415664093217055 0.01941566409321702 0.036133804106970396 0.05346152947932082 0.03040169339871411 0.01941566409321709 0.01941566409321705 0.03658312531870195 0.019415664093217055 0.21190681043942 0.028366456817123575 0.0682340733566109 0.0640958769836563 
0.009312710121520627 0.013593945386815472 0.017974569622112718 0.05236257553986173 0.12452297983112484 0.009312710121520544 0.030309954670107563 0.00931271012152054 0.01377791425209154 0.06417955721276168 0.07751350060028446 0.04145545820419469 0.023746419567278014 0.022710142014840437 0.0191795694067195 0.3684768868247938 0.015080729298301506 0.030371219217616905 0.015396435801815652 0.04141001218472279 
0.018332298575207066 0.018332298575207073 0.05413663422392487 0.05222283488764302 0.028560675737259927 0.018332298575207066 0.10680778111697115 0.01833229857520706 0.028919619399577823 0.018332298575207087 0.16210182626600697 0.04174361986208765 0.018332298575205862 0.3055194256040218 0.018332298575207063 0.018332298575207073 0.0183322985752071 0.018332298575207073 0.01833229857520709 0.018332298575207108 
0.015275358565944938 0.07823262614499792 0.015275358565944903 0.021694546288709107 0.015275358565944908 0.01527535856594491 0.022336088977500623 0.015275358565944919 0.024150223394407352 0.01527535856594517 0.022917185368379205 0.21243657945106748 0.10856993032431492 0.015275358565944865 0.1715351420368357 0.015275358565944927 0.05316991595999896 0.12571799820492432 0.015275358565944905 0.021761536755376756 
0.049889617827355 0.05894908668202412 0.02476003388348492 0.024760033883484973 0.0498675464856438 0.024760033883484956 0.06281335630234826 0.024760033883484966 0.10525367661072822 0.024760033883484935 0.024760033883484953 0.037229296777724234 0.03702293977895813 0.02476003388348488 0.2704788365467313 0.041174494061876066 0.024760033883484973 0.024760033883484966 0.03972081009174492 0.024760033883484987 
0.12910518715150762 0.026249662877510085 0.02624966287751007 0.02624966287751002 0.0613596718230303 0.02624966287751007 0.02624966287751009 0.02624966287751007 0.04982432420457463 0.03813173228087214 0.02624966287751007 0.026249662877510058 0.026249662877510033 0.02624966287751009 0.026249662877510058 0.026249662877510037 0.06806715800573268 0.1908186066443078 0.0692166081506675 0.07848075720918635 
0.01915128457040783 0.0988104896500025 0.009754057243332413 0.03406311368934432 0.02678233680338168 0.00975405724333236 0.022565822749097457 0.009754057243332375 0.009754057243334356 0.015978335506601125 0.00975405724333233 0.20781672746571678 0.04642142984335213 0.01398726970497064 0.13739311060627848 0.02423178198808697 0.023743698718298973 0.23086457217721457 0.021008306043845536 0.02841143426675176 
0.05398183191985284 0.0598289939236014 0.1649583479979982 0.06896926060854908 0.02133735204453261 0.021337352044532642 0.04536313466635155 0.02133735204453264 0.02133735204453267 0.06028533738779234 0.021337352044532625 0.06727829263035383 0.02133735204453264 0.06357168708055272 0.03760559080158742 0.045805737027180146 0.021337352044532652 0.0629598431296217 0.05719781138996838 0.06283266712485233 
0.03704682424845514 0.0533774920533166 0.03704682424845515 0.06766115666971458 0.05827324561833851 0.03704682424845514 0.037046824248455144 0.03704682424845514 0.03704682424845515 0.03704682424845515 0.03704682424845514 0.06467884294689087 0.03704682424845514 0.05484881689391884 0.0566381427033785 0.0852866413926466 0.05377209236046294 0.03704682424845514 0.058727947264397694 0.07626737961238289 
0.03270385526917664 0.031452702295872804 0.022171111091992202 0.14823693694880072 0.05203187087237952 0.022171111091992195 0.13633683761580562 0.022171111091992195 0.042095009029988126 0.02217111109199217 0.04813404109751855 0.02217111109199219 0.022171111091992202 0.0881419870326811 0.0221711110919922 0.02217111109199223 0.04191640243867758 0.022171111091992213 0.0538530340847755 0.1255573234863988 
0.017319555192961213 0.04682669075192676 0.03319897589244972 0.17265872191120638 0.05235813539084752 0.01731955519296123 0.08673832330588356 0.017319555192961224 0.1053351443223541 0.01731955519296122 0.05538430804919485 0.017319555192961206 0.017319555192961255 0.026313883991371266 0.026612228202828627 0.14828746244935667 0.0320085334855518 0.017319555192961272 0.026514620799314183 0.06652608509699566 
0.028404939838466536 0.05246295089486612 0.020004335834736542 0.05352134009406901 0.02910694689735831 0.02000433583473655 0.03191468037919418 0.02000433583473658 0.07791041574991094 0.0640642251476825 0.020004335834736573 0.020004335834736542 0.020004335834736556 0.020004335834736556 0.02981896196140748 0.020004335834736493 0.020004335834736403 0.02913755107662202 0.07460572493000486 0.3490132405177617 
0.16535889102766094 0.03925028277030268 0.02027322220316792 0.21183858967724764 0.02027322220316796 0.020273222203167983 0.060466572200913976 0.020273222203167993 0.020273222203168025 0.044921119387774 0.03300284498764082 0.02027322220316799 0.04320577455931067 0.042898704266674796 0.020273222203167934 0.020273222203168025 0.029041826333615732 0.020273222203167972 0.08675545714581198 0.060800937814533176 
0.030140251850086727 0.04268357227816629 0.020147420895644304 0.020147420895644263 0.09442783614938809 0.02014742089564429 0.045947996347158994 0.02014742089564429 0.03834981340198345 0.06250846879985465 0.029890405758047932 0.24969179191970717 0.020147420895644304 0.06232765018715614 0.030325054344571906 0.028638506641606033 0.12388928515712136 0.0201474208956443 0.02014742089564426 0.02014742089564429 
0.034515153844854166 0.10085134515907376 0.013862589016584813 0.40283444482529857 0.01440701598210203 0.009752790101522928 0.05140483422199959 0.009752790101522907 0.01476923397051876 0.0741469771795055 0.009752790101522855 0.009752790101522876 0.019160579841618185 0.009752790101522942 0.00975279010152296 0.00975279010152291 0.014535924622828295 0.009752790101522928 0.05492061489856608 0.12656896562486522 
0.05441667996206632 0.035910199810089784 0.09779031723603629 0.03591019981008975 0.05272307975499268 0.035910199810089735 0.07357441206938897 0.035910199810089735 0.035910199810089735 0.035910199810089735 0.0359101998100897 0.05823431498007245 0.05305268185936422 0.03591019981008972 0.035910199810089735 0.03591019981008973 0.08975965969690633 0.03591019981008975 0.051700498549036696 0.07373615798115053 
0.019838274707555104 0.07437256399576478 0.013348476528065025 0.023808465031984794 0.0722669169161167 0.013348476528065005 0.06881016590303586 0.013348476528065019 0.01334847652806502 0.09641804613356009 0.06249414309683009 0.020476204758973927 0.02229090566364565 0.013348476528065041 0.013348476528065051 0.013348476528065032 0.01334847652806498 0.02756404747543526 0.013348476528065019 0.39152397756451895 
0.02283754407463573 0.15730844549575143 0.01568765805593259 0.19774090319857746 0.04106669258185162 0.015687658055932512 0.06835240654796192 0.01568765805593251 0.03147192658017798 0.05951098315712927 0.03847756238506679 0.024283343071429785 0.07894872576037183 0.015687658055932505 0.06578098335273687 0.05680722113923671 0.022307247453680217 0.02517982054831961 0.03148790437341978 0.015687658055932516 
0.047652204003811385 0.07146044910680513 0.039645763179781635 0.03991014246841019 0.025157974748398475 0.025157974748398326 0.1037194944091272 0.025157974748398326 0.025157974748398326 0.025157974748398444 0.03773499307140217 0.025157974748398326 0.036908110486136195 0.0389397399981458 0.061547436136981826 0.0251579747483983 0.025157974748398346 0.03565066056028127 0.03915204598276245 0.2464151626091688 
0.018502669578037572 0.28074658243674017 0.09669250168183481 0.01850266957803773 0.054777380231686684 0.01850266957803761 0.07083925477756181 0.01850266957803761 0.018502669578037645 0.043668172592251885 0.01850266957803762 0.04286913084723141 0.06889590440012495 0.03967393033656412 0.018502669578037804 0.041635890773196044 0.030963966336896135 0.027844618857483943 0.04362820812836368 0.028245771553810785 
0.11009113988332536 0.053323545432096005 0.04032740608606836 0.02656662734461796 0.10101265405150181 0.02656662734461794 0.0888965271497777 0.02656662734461796 0.026566627344617958 0.038656787180239814 0.042323588064140584 0.042744197711100655 0.026566627344617982 0.026566627344617972 0.026566627344618 0.026566627344618007 0.026566627344617955 0.14590003946362415 0.04583976807351932 0.051784700803051684 
0.01702527511257519 0.010913377531686369 0.03528022072045715 0.010913377531686195 0.010913377531686171 0.01091337753168621 0.49930296112804745 0.01091337753168618 0.022941059893741827 0.010913377531686197 0.04590732321678618 0.030043442524550032 0.01566817312813072 0.04980303713720923 0.13945326467857416 0.010913377531686159 0.027403591622145757 0.010913377531686174 0.010913377531686185 0.018951253052557723 
0.01774601730303114 0.0435439992213501 0.026004398863136376 0.0571544760520086 0.23581267444900147 0.017746017303031117 0.036433554195484844 0.017746017303031134 0.0394601808056127 0.04152444870599079 0.025135580188393524 0.017746017303031134 0.028618001366575614 0.017746017303031117 0.017746017303031183 0.017746017303031127 0.03057724570687602 0.017746017303031117 0.04793226288737737 0.24583503913396582 
0.025008665825149146 0.02500866582514918 0.16810906337957507 0.025008665825149125 0.0250086658251491 0.025008665825149125 0.02500866582514912 0.025008665825149125 0.025008665825149146 0.04845844564473214 0.18749276353923955 0.048770479820839464 0.02500866582514912 0.05084875314970156 0.025008665825149122 0.025008665825149136 0.02500866582514918 0.09612825094262437 0.0407863416399361 0.059301911981553795 
0.03206326407866286 0.03206326407866273 0.13597208474820419 0.05012451228218741 0.047019568344617964 0.0320632640786629 0.05918146070777163 0.03206326407866291 0.05103778283751164 0.0631595687971231 0.07895131910116769 0.047382431739924465 0.04552788428985485 0.032063264078662904 0.04926655974027034 0.06699206619502919 0.04887864858703534 0.03206326407866285 0.03206326407866291 0.032063264078662904 
0.03978463051847125 0.020033089490838353 0.02994357340978905 0.028975529154146227 0.03916949075742191 0.020033089490838353 0.056356510041558255 0.020033089490838357 0.03908227140195933 0.0472899624539129 0.020033089490838343 0.020033089490838374 0.02003308949083836 0.13205882481125536 0.23657791710807163 0.02003308949083831 0.029874687995607295 0.020033089490838353 0.14058879693025803 0.020033089490838332 
0.03605018168694506 0.024503087716967797 0.03619890908418401 0.014574524307427386 0.014574524307427374 0.020842739044982326 0.014574524307427391 0.014574524307427396 0.024404939571117983 0.014574524307427431 0.028162268434208135 0.021914319398298018 0.014574524307427405 0.014574524307427391 0.19770580648756106 0.020684388701253897 0.40708174282656734 0.02138532265946728 0.04447009992902532 0.014574524307427417 
0.024444279701512913 0.08456733513224621 0.06774736547462124 0.02444427970151274 0.042947977015727626 0.04183720255047446 0.25914778871708766 0.02444427970151292 0.02444427970151293 0.07755612529202092 0.04330873841943791 0.024444279701512948 0.02444427970151292 0.0371727481051118 0.0368598829417662 0.02444427970151292 0.024444279701512896 0.024444279701512937 0.06441203933636835 0.024444279701512913 
0.019024543883313337 0.02785029194670505 0.019024543883313316 0.03801371871715183 0.36421332840627035 0.01902454388331335 0.01902454388331337 0.019024543883313354 0.037099890731090816 0.02694841256475308 0.01902454388331335 0.029388043476554885 0.05476615492907519 0.019024543883313316 0.0659295523432037 0.019024543883313302 0.05520566141601379 0.01902454388331348 0.10233365476309642 0.02703039575623909 
0.011908709904955789 0.011908709904955808 0.016837601990313474 0.034012335587699755 0.01190870990495577 0.017706090123401224 0.026977977748398094 0.011908709904955773 0.08935983971038505 0.011908709904955735 0.011908709904956155 0.39248959128836225 0.019566797420568136 0.011908709904955782 0.011908709904955765 0.011908709904955787 0.03185660321124982 0.04342970349421684 0.16034673194878754 0.06023833833202002 
0.033570558109986263 0.02725172051019324 0.25105043824752576 0.07179871861717067 0.011794002762509243 0.008003660369436038 0.03787319682080073 0.008003660369436014 0.02013582831095985 0.04329346883773046 0.07684557387155966 0.008003660369436052 0.01983416706778892 0.022545341083093216 0.008003660369436179 0.008003660369435998 0.058616090927311064 0.015738730830791154 0.13374214949957317 0.13589171265584535 
0.022479410579442537 0.022479410579442572 0.06130263880297441 0.10452172846502711 0.06696664237697679 0.04129856024523041 0.0833028454621185 0.022479410579442603 0.08934564342764259 0.02247941057944275 0.03366635835342997 0.032352760249069946 0.050869916755924616 0.022479410579442683 0.03395576614919708 0.12762510589333334 0.03186525872590509 0.07621687142091835 0.022479410579442582 0.031833440195598896 
0.026873985083338638 0.02687398508333863 0.06689510792904668 0.057726744298874214 0.048222123582774196 0.026873985083338613 0.16935144563323154 0.026873985083338613 0.03831353663099783 0.038576996737728915 0.02687398508333863 0.040004344891868986 0.026873985083338544 0.026873985083338544 0.13906790294712904 0.0268739850833386 0.02687398508333862 0.026873985083338603 0.08563512634540531 0.04746682016955708 
0.024075767873856617 0.04628639176856402 0.038778323473606845 0.035172026221563596 0.03532742538802904 0.02407576787385664 0.24357158737268184 0.02407576787385664 0.024075767873856617 0.036566855953046616 0.05255012368773925 0.024075767873856634 0.02407576787385664 0.024075767873856617 0.024075767873856613 0.02407576787385666 0.12908361339251967 0.03506655841554532 0.04974926590323485 0.08116591755874497 
0.027845553640808592 0.09012239253759818 0.01833014790887802 0.027179665190800152 0.018330147908878013 0.018330147908878006 0.0183301479088781 0.018330147908878006 0.03537305149471249 0.018330147908878002 0.027721058296126148 0.1034606398862317 0.018330147908877884 0.027050625820986034 0.29282552541609835 0.018330147908877954 0.03849985091057802 0.12808478533903203 0.026760906749313806 0.028434761446675286 
0.035601020102119345 0.02295320708336264 0.07747650295350322 0.02295320708336252 0.0537903138405636 0.022953207083362643 0.03274779188608616 0.02295320708336265 0.03733840878512201 0.02295320708336276 0.09657231447690126 0.13437077596017435 0.022953207083362626 0.045987890986761044 0.21011139938008777 0.022953207083362636 0.02295320708336267 0.022953207083362643 0.022953207083362643 0.04647151079505872 
0.014843858066477615 0.040889948390222364 0.01484385806647764 0.02122778039535365 0.025622174070878953 0.014843858066477589 0.1085331844412245 0.014843858066477615 0.048281492461207484 0.014843858066477604 0.19531576538653161 0.014843858066477757 0.06331477816989868 0.035531403706364394 0.2668813858624004 0.01484385806647767 0.03975745540411201 0.02104990911351691 0.014843858066477604 0.014843858066477615 
2.1844640534148744E-4 5.31002347621105E-4 3.585884964426511E-4 2.1844640534148744E-4 2.184464053414876E-4 2.1844640534148744E-4 4.869520096591233E-4 0.9946476238443741 3.1169691470895423E-4 4.8752566161124733E-4 2.1844640534148744E-4 2.1844640534148752E-4 2.1844640534148744E-4 2.1844640534148744E-4 2.1844640534142808E-4 2.1844640534148744E-4 2.1844640534148744E-4 2.1844640534148741E-4 2.1844640534148744E-4 3.368074561433725E-4 
0.020973575298333793 0.03940483035599018 0.032136700700115074 0.11294054647777328 0.020887159985062163 0.014496499401509178 0.022034625762695242 0.014496499401509178 0.03297893873524966 0.02099790223103923 0.014496499401509166 0.014496499401509188 0.02256139602213936 0.03509466238691897 0.11951864152659443 0.03949734383232846 0.014496499401509272 0.023179502713410374 0.03518296221242047 0.35012871475237944 
0.0289508132045893 0.02999710841389416 0.01976184228620107 0.03961048464795966 0.01976184228620118 0.019761842286201134 0.01976184228620114 0.019761842286201134 0.019761842286200936 0.02910393964238194 0.07140648992665842 0.4059822530208883 0.030237657067468258 0.04010938545281463 0.05631207687032308 0.019761842286201155 0.019761842286201065 0.01976184228620117 0.028929777440298086 0.06150343373690895 
0.05593390846928128 0.01909924306069209 0.01909924306069211 0.019099243060692085 0.02980993785721629 0.019099243060692075 0.01909924306069208 0.01909924306069208 0.09781534269117768 0.02700422258487995 0.019099243060692172 0.3480143111197176 0.13457487748091532 0.028104973974539038 0.03178756079521661 0.019099243060692075 0.027004222584879833 0.028958211835247483 0.019099243060692078 0.019099243060692096 
0.0967748044621686 0.08352732142464613 0.022098846811936457 0.1273180216437966 0.05769812906244593 0.022098846811936437 0.022098846811936426 0.02209884681193641 0.040107948280199486 0.08160236235375351 0.053738979793816075 0.04366798685191248 0.04820865993836192 0.022098846811936374 0.07041690871627816 0.051367060640456826 0.022098846811936506 0.022098846811936388 0.0475739506125147 0.04330593853610084 
0.01108135140471193 0.011081351404711908 0.011081351404711918 0.011081351404711918 0.011081351404711953 0.01108135140471192 0.01108135140471198 0.011081351404711918 0.16012097306935527 0.03237111132196374 0.01108135140471184 0.4676265096038881 0.01108135140471189 0.01590724047454739 0.016929215201110487 0.01108135140471191 0.011081351404711894 0.046158416585846906 0.02412944339086786 0.10378087349583448 
0.022923882374645165 0.05986017010501816 0.022923882374645117 0.03245422498514972 0.02292388237464526 0.022923882374645158 0.034590784722591174 0.022923882374645158 0.02292388237464528 0.02292388237464516 0.03313840929331169 0.12832644048920197 0.09867920943068399 0.09230845523016454 0.07841667894492335 0.022923882374645183 0.049085790562775226 0.13274477067014523 0.022923882374645176 0.05408012419423708 
0.029555299676567195 0.021073876457321478 0.030348101826945993 0.021073876457321433 0.02107387645732145 0.02107387645732145 0.021073876457321443 0.02107387645732145 0.021073876457321443 0.17896018118300142 0.1544671681023524 0.021073876457321433 0.060806626563650316 0.16886408840406433 0.08111368358441826 0.03419111777174069 0.021073876457321443 0.021073876457321464 0.02107387645732146 0.029881091856715124 
0.0507192702619505 0.08969795371393542 0.08564724431016862 0.03157551690761189 0.04930768784421256 0.02097317941266671 0.029770597216401684 0.020973179412666708 0.020973179412666708 0.27432488453527093 0.02097317941266672 0.020973179412666722 0.030402758260927365 0.05640168031513925 0.07134177255064153 0.02097317941266673 0.031234313073967578 0.020973179412666992 0.031790885708437557 0.020973179412666725 
0.023426633073936623 0.03664808195706714 0.036898878183514464 0.023426633073936564 0.02342663307393661 0.023426633073936613 0.05777939291239843 0.023426633073936606 0.04387343456138264 0.034617477764463 0.034382187515417245 0.061015775761153634 0.035911205442554044 0.03678136376442541 0.023426633073936595 0.03467593208281516 0.05783169983175596 0.023426633073936633 0.3297913267270362 0.035806811978459974 
0.019908085034216615 0.03915810480051872 0.028186842697566536 0.08303168968157092 0.03979667038974978 0.019908085034216625 0.28847837304303375 0.01990808503421661 0.028096352315286045 0.05555361675113713 0.05708276675016714 0.019908085034216684 0.030597459036965823 0.02897069801978642 0.01990808503421655 0.0391487842165148 0.019908085034216615 0.019908085034216632 0.12263396202398419 0.019908085034216625 
0.027116617174310496 0.01748928578589666 0.027256790587192496 0.0174892857858967 0.024727020553294406 0.017489285785896678 0.017489285785896667 0.017489285785896674 0.3997665185599401 0.017489285785896657 0.040107505184376835 0.08314443848034571 0.017489285785896667 0.12974387458668035 0.017489285785896685 0.01748928578589671 0.025782345277701544 0.0174892857858967 0.017489285785896678 0.049972745951303216 
0.055820374957531706 0.01796224783973888 0.045732753996751176 0.04335884815810721 0.026195846898766053 0.017962247839736715 0.07163541351673737 0.01796224783973673 0.01796224783973673 0.24021809583128514 0.12839241841648422 0.017962247839736704 0.08205045108900987 0.017962247839736736 0.017962247839736732 0.0381665065853942 0.02581846010098215 0.03014780026445764 0.017962247839736715 0.0687650474666255 
0.019874361117305617 0.019874361117306585 0.01987436111730561 0.01987436111730557 0.01987436111730539 0.019874361117305606 0.12276924948127159 0.01987436111730561 0.01987436111730573 0.01987436111730563 0.06511454596306977 0.1143127016531099 0.3299460730509363 0.04438797949399337 0.01987436111730565 0.019874361117305617 0.01987436111730559 0.01987436111730561 0.01987436111730564 0.04522839471533839 
0.11029959046028301 0.03818740495645607 0.02032917875766971 0.02032917875766966 0.020329178757669684 0.029669378415652526 0.048690199524076404 0.020329178757669687 0.020329178757669684 0.04426924221832116 0.02888794172274307 0.040036866473790275 0.02032917875766964 0.020329178757669753 0.04204558715800192 0.06693605789734863 0.2783270708687718 0.020329178757669677 0.035247724119140296 0.07476950612406064 
0.05105274712615254 0.015712054015821507 0.023109372882941098 0.015712054015822787 0.015712054015822884 0.015712054015822853 0.024620865766857337 0.015712054015822867 0.03617537448276488 0.3281453319043476 0.08559369425053273 0.07985447672616963 0.027483585990018024 0.040780639475546956 0.026309725155069682 0.023633970291533173 0.04635200087778692 0.06968878182589665 0.028892720888862335 0.029746442276393174 
0.01955835018077366 0.013154793036896997 0.03027623738700444 0.02058836696350749 0.019883681982226387 0.013154793036897006 0.049952418669772944 0.019645852720395405 0.027395015939988276 0.013154793036896359 0.05390959687908032 0.07525607353805802 0.02540353347279316 0.01955892034887975 0.33623331924174654 0.04263494100669332 0.01315479303689702 0.013154793036897 0.07391085334935671 0.12001887313524225 
0.23177016730804964 0.03568364081500083 0.01664065597572855 0.016640655975728575 0.19844585119685837 0.01664065597572859 0.016640655975728506 0.01664065597572858 0.01664065597572856 0.023923839188815164 0.09299304639511657 0.016640655975728495 0.05750521722742299 0.016640655975728554 0.016640655975728585 0.016640655975728603 0.023588538148837063 0.13640182801115816 0.016640655975728568 0.016640655975728575 
0.015101847584891484 0.022055052351265814 0.17405728954287578 0.015101847584891265 0.02237049443327592 0.01510184758489126 0.026358340152398744 0.015101847584891248 0.286212954809681 0.015101847584891219 0.16116000308815165 0.021816434575203124 0.015101847584891123 0.015101847584891236 0.030874781505180183 0.02199010299637902 0.015101847584891396 0.05037965216888364 0.046808266112654165 0.015101847584891229 
0.020232040918910184 0.009655025007639323 0.009655025007639333 0.00965502500763937 0.009655025007639331 0.009655025007639333 0.044046733654490064 0.009655025007639333 0.024896888779184462 0.009655025007639323 0.009655025007639331 0.716528269380962 0.009655025007639336 0.009655025007639342 0.027920990214797582 0.00965502500763927 0.03120472694475532 0.009655025007639342 0.00965502500763934 0.009655025007639277 
0.13506367546811765 0.018665160870952602 0.018665160870952872 0.018665160870952647 0.04421874422551622 0.018665160870952633 0.038852546197411124 0.018665160870952633 0.01866516087095266 0.353690576077624 0.05481457428686812 0.03669092722771802 0.041023173793163614 0.04093864916693234 0.02806501868045328 0.018665160870951603 0.018665160870952633 0.0302817841648045 0.028373882872791484 0.01866516087095264 
0.02529148060307826 0.04366610899719208 0.02196697985458663 0.030883552758699546 0.019853685222152778 0.00905139664037985 0.026102879641976832 0.00905139664037993 0.029801873177289603 0.022306465883250904 0.03661686164284131 0.00905139664038003 0.018954261777337823 0.06290066865538993 0.5166654328310145 0.016066115831133133 0.07078159050811443 0.009051396640380075 0.00905139664037988 0.012885059414032887 
0.022720685269004805 0.032350693627563425 0.08282065075759477 0.018842917610328747 0.019327170720423652 0.013123804071885002 0.08109976520135247 0.013123804071885008 0.013123804071885055 0.4542482439635299 0.06921520366413632 0.013123804071885002 0.019879965197727296 0.01312380407188527 0.013123804071884994 0.029303847274636228 0.019283604729672263 0.04591681940892476 0.013123804071885018 0.013123804071885022 
0.0262482683814562 0.037225557331686046 0.0262482683814562 0.06866354826230191 0.0409172794821974 0.026248268381456212 0.0262482683814562 0.0262482683814562 0.0262482683814562 0.22784075811545823 0.026248268381456212 0.02624826838145619 0.13784423345178592 0.026248268381456157 0.037816616111447945 0.03731534100808491 0.026248268381456174 0.04944443197928956 0.04143815691753367 0.05901139352564967 
0.018940033969044777 0.011468590622579402 0.09164629119339814 0.18596285868740337 0.019800180196071347 0.007262823721772031 0.018519201953215308 0.007262823721772043 0.03278961110659967 0.05639371048116529 0.13411964184387265 0.026234081058691867 0.01826483030908087 0.023822018340388884 0.05344348092980637 0.07445973606115246 0.10731246772493695 0.022033691207158618 0.020080162589201252 0.07018376428271919 
0.23865113710197433 0.018419195504301072 0.018419195504301038 0.02721050091373421 0.21525050538165502 0.01841919550430103 0.01841919550430071 0.018419195504301045 0.026888355947613924 0.030588959805485226 0.04567080461143258 0.01841919550430109 0.026472955262133335 0.0958884943629828 0.018419195504300975 0.018419195504301034 0.01841919550430099 0.04281341613388678 0.044846092254926403 0.03994601868544021 
0.09741688545621491 0.019766762659542258 0.015567082720226043 0.00656336172522702 0.010101179683317627 0.0065633617252270175 0.04960339561406373 0.006563361725227005 0.11102566110715525 0.018204148695218133 0.01049526141498659 0.492229589250929 0.018824874111286968 0.025337452804260693 0.06598553390750705 0.00930822538997049 0.006563361725227016 0.0065633617252269785 0.006563361725226922 0.016753776833910317 
0.2571223772095645 0.02984833834712176 0.03136304915954321 0.07658554734989959 0.04451045674286845 0.019530885152515953 0.0640021703920111 0.019530885152515956 0.019530885152515987 0.09859204635455208 0.06648259935199342 0.01953088515251595 0.02872233916839518 0.038681005957224415 0.02772990406554692 0.019530885152515942 0.027692064746049513 0.029740239348683074 0.019530885152515953 0.061742550891427474 
0.04712409552451438 0.040851836169991294 0.08627930851352959 0.024474331912040563 0.03664685033610187 0.024474331912040567 0.1646963879126467 0.024474331912040567 0.024474331912040567 0.024474331912040546 0.024474331912040532 0.024474331912040542 0.03715034140495139 0.19728591086620179 0.045868457808824634 0.03708728700999035 0.02447433191204053 0.06226620533285137 0.02447433191204057 0.024474331912040563 
0.013261511615568204 0.013261511615568483 0.02529688512516219 0.013261511615568449 0.037358526390486715 0.013261511615568412 0.4183836938272564 0.013261511615568416 0.048594290698716666 0.013261511615568431 0.013261511615568428 0.14040440255572664 0.013261511615568416 0.03442381567032819 0.1158575433316184 0.013261511615568431 0.013261511615568405 0.02054270301389104 0.013261511615568468 0.013261511615568421 
0.020181115317943095 0.062010734766388395 0.02018111531794292 0.02018111531794311 0.029630638771034827 0.020181115317943095 0.041509812076260026 0.020181115317943102 0.030346258931147427 0.1207511870903804 0.19990302074839686 0.028741525132223354 0.16227308563369583 0.031260164292510044 0.020181115317943088 0.020181115317942994 0.020181115317943078 0.06532091800177614 0.038159066441564124 0.02864466557108058 
0.01864344826171076 0.05615863055526363 0.029275947027058286 0.06809311268278138 0.0473247127182461 0.018643448261710754 0.12686134548634007 0.01864344826171076 0.07531367133430465 0.018643448261710747 0.15141421674572791 0.09796769189692177 0.027682163309924183 0.057583532003872555 0.037808009934336945 0.01864344826171078 0.018643448261710754 0.01864344826171076 0.05194640973330718 0.04206641873993212 
0.03707770383498304 0.02352174566175401 0.04927811155500105 0.012448067552113442 0.02327744756203499 0.012448067552113425 0.4303919947900876 0.012448067552113418 0.012448067552113359 0.012448067552113447 0.1860894376148903 0.018823086894963675 0.017841647678423035 0.06213193964807426 0.012448067552113433 0.012448067552113406 0.012448067552113438 0.012448067552113416 0.019847453872297097 0.01968682291849003 
0.022499318906431098 0.033531683773831866 0.03694177096988749 0.02249931890643117 0.03509841364347069 0.022499318906431146 0.02249931890643114 0.022499318906431146 0.03847050108843829 0.04284276643476701 0.03220086124523364 0.17633670760804582 0.0224993189064312 0.022499318906431136 0.04250408062426145 0.022499318906431146 0.04699286668172891 0.22398167478477135 0.04723116866273915 0.06387295323136825 
0.01657227514743296 0.05383627336848411 0.03753341129568101 0.025157532250282177 0.016572275147433 0.016572275147433008 0.045265523144478986 0.016572275147433015 0.01657227514743304 0.04265712585335708 0.02548763735427615 0.34333475333005203 0.0882562594370213 0.06556547939088513 0.016572275147432983 0.05373756525957819 0.02730658514086733 0.01657227514743309 0.059283652995568724 0.016572275147433025 
0.02134653027060599 0.040775391885130026 0.021346530270606047 0.021346530270606075 0.021346530270606026 0.021346530270606064 0.03498328605616415 0.02134653027060604 0.04249403366368781 0.021346530270605964 0.032399499024168964 0.02134653027060609 0.02134653027060604 0.07670227364694289 0.021346530270605988 0.04124557924390176 0.021346530270606057 0.021346530270606037 0.43444316921779524 0.0407984040149155 
0.007647102667807564 0.007647102667807708 0.018625376389312543 0.02463241030228074 0.03760318862837958 0.010933416831755575 0.021864949424472462 0.010859736338421576 0.13603005416058947 0.030594753116582392 0.15829646752401635 0.03867095111387025 0.011174215020107691 0.03993715003407 0.007647102667807657 0.007647102667807672 0.07100666454753002 0.014400751000109386 0.28590758502248365 0.05887391987476421 
0.012687641698277612 0.08287653145207345 0.12480354225356168 0.026654704120670867 0.026120459283667227 0.012687641698277626 0.0734184668385775 0.01268764169827761 0.07695020666409687 0.062391990561797894 0.2726126654849793 0.01956297614027915 0.051499818490461306 0.0385480592105781 0.025078146562741835 0.02138552360014127 0.012687641698277604 0.02197105914671363 0.012687641698277616 0.012687641698277628 
0.01079839094757174 0.022340348469828086 0.015679428231361696 0.010798390947571658 0.010798390947571701 0.010798390947571674 0.010798390947571743 0.010798390947571727 0.010798390947571705 0.010798390947571833 0.05877955301932855 0.023512761891237646 0.023084545960725067 0.6183620757120359 0.010798390947572827 0.03252006009155739 0.033691414837650584 0.016855724930638357 0.03937787135581868 0.018610696971671788 
0.020973891617775246 0.05737934525673372 0.2985715545263218 0.030318935168817146 0.020973891617775284 0.020973891617775273 0.07390810079350173 0.020973891617775273 0.020973891617775284 0.03374849672617416 0.04227321152142352 0.02097389161777526 0.06005512438508675 0.06116376242403223 0.04044186372734888 0.05076954345628354 0.020973891617775266 0.020973891617775273 0.03912444810195107 0.04445448097011703 
0.009982141565509837 0.026699414537245277 0.03898385482309218 0.09710050087186256 0.031335312758074316 0.009982141565509816 0.052366300974013354 0.015402369107024977 0.04331205067746075 0.08493718082723403 0.4044041733408371 0.014188686836746112 0.015120760925231716 0.026253194023787684 0.021902242028780716 0.009982141565509809 0.009982141565513036 0.009982141565509826 0.037157551438509816 0.04092569900254785 
0.08181393314776524 0.044149449945950416 0.02456998582835217 0.0245699858283522 0.024569985828352032 0.024569985828352216 0.0245699858283522 0.0245699858283522 0.024569985828352216 0.20621191974718944 0.02456998582835244 0.10562567661065501 0.0435910240179232 0.07789791965859996 0.03719652909111257 0.024569985828352268 0.024569985828352486 0.08057859737624438 0.052665106292686205 0.024569985828352233 
0.016804449562208022 0.05456644937340642 0.07753510272020246 0.09543279388590904 0.0168044495622079 0.016804449562208012 0.07814687372875855 0.016804449562208012 0.025938550715051484 0.06700907795716837 0.01680444956220803 0.024598046694387084 0.03098205978306076 0.05053372075635844 0.2778494062226066 0.050453290809991 0.032519030855433013 0.01680444956220801 0.01680444956220806 0.016804449562208158 
0.015361920017109504 0.10301548951210279 0.00975222033851824 0.03299715990019844 0.013941096213902627 0.009752220338518247 0.02533383357096719 0.009752220338518237 0.017459247692849483 0.18573045376693784 0.00975222033851822 0.028682209844550704 0.013809708198275159 0.04226436912488206 0.03650513301732738 0.337565508917197 0.02438748236078342 0.009752220338518278 0.014103708653227081 0.060081577517065034 
0.035262874767743715 0.06038148649394908 0.07366153194583218 0.01809609851452374 0.018096098514523703 0.01809609851452372 0.07268518368855324 0.01809609851452372 0.01809609851452372 0.40258105803890415 0.026993766512624334 0.018096098514523717 0.05244116278445709 0.01809609851452375 0.018096098514523727 0.018096098514523696 0.018096098514523703 0.03133682840691597 0.04559902370126353 0.01809609851452372 
0.01750754645457937 0.03583928155756184 0.01750754645457931 0.017507546454579376 0.017507546454579553 0.017507546454579373 0.017507546454579335 0.027682141072689716 0.017507546454579727 0.02573404564369869 0.017507546454579363 0.17179199293215006 0.061993080850964485 0.04339162594540248 0.1372312290294378 0.02900639459999832 0.017507546454579408 0.2662702810152129 0.01750754645457934 0.02598446280709013 
0.15470206193691585 0.06755031321344447 0.023746111061924393 0.13101759299315174 0.03765807621396228 0.023746111061924372 0.08369952833750337 0.02374611106192437 0.03488301672830634 0.023746111061924396 0.09192909967192131 0.02374611106192438 0.03388224355095676 0.047592532175581494 0.054463227292308805 0.023746111061924376 0.02374611106192429 0.023746111061924372 0.023746111061924396 0.048907308328616665 
0.016560693685496973 0.02427410486532275 0.01656069368549675 0.026302606427614443 0.016560693685496983 0.016560693685496973 0.3339864773295174 0.016560693685496973 0.016560693685496973 0.016560693685496983 0.18636093617274554 0.016560693685497084 0.0348191422662972 0.043159511162224995 0.04288452959722085 0.04024282536701626 0.016560693685496935 0.06863279611941224 0.016560693685497008 0.033730133837666196 
0.03819766065992174 0.018736006247824025 0.01297403908902616 0.3449765936723305 0.012974039089026135 0.012974039089026146 0.03586200442626284 0.012974039089026139 0.07666393760277532 0.012974039089026116 0.012974039089026196 0.012974039089026139 0.012974039089026152 0.13791593741516064 0.012974039089026473 0.024742433918921253 0.02888345736889475 0.035741702485245885 0.09102614041122564 0.05048777399018082 
0.006589929494245367 0.06496682472004682 0.03662616983266113 0.455764111900612 0.016535457293834717 0.00658992949424545 0.02359834580275954 0.0065899294942454445 0.021880393664354698 0.028551068497151326 0.012586479188365992 0.01892195149574388 0.013370059345235373 0.11511240949661443 0.013731975389913123 0.01642372297518544 0.009440430803355849 0.0065899294942454514 0.04563965485952867 0.08049122675765932 
0.011417193887750293 0.07362898610663024 0.031707267801662366 0.05903981471629949 0.2785309754728937 0.011417193887750234 0.0589748987724443 0.011417193887750234 0.02814319872666196 0.14657679659978193 0.011417193887750237 0.011417193887750218 0.03658457175784596 0.022631150488089245 0.026680217550417388 0.04105853552911564 0.04695513763382012 0.01632378186414127 0.03832781451354296 0.03775088302790391 
0.011984444178398253 0.42390532364478195 0.044608435591813066 0.05817226369234773 0.04080010406880872 0.008042187907773531 0.10225981891564075 0.008042187907773527 0.008042187907773505 0.012534650090621628 0.10063985097303377 0.008042187907773552 0.013871251058111584 0.023214778379373392 0.015240423624078143 0.03327513701719259 0.00804218790777345 0.013158666459447672 0.0207590231148566 0.04536488965262902 
0.011057369407057985 0.3366388320603876 0.023942464544567013 0.03502170284085618 0.01105736940705805 0.011057369407058006 0.08362701877937108 0.011057369407058001 0.025310217925798358 0.016473261486985115 0.016362193625085474 0.025238414525751936 0.02566902308865729 0.15902903308083471 0.037143607276346746 0.011057369407057867 0.031509817411689886 0.07453601176206222 0.04315418514924485 0.011057369407058032 
