0.1470245302709442 0.016747281075567288 0.016747281075567295 0.04710569977880756 0.016747281075567288 0.016747281075567284 0.016747281075567274 0.016747281075567277 0.016747281075567378 0.01674728107556729 0.016747281075567288 0.016747281075567395 0.01674728107556729 0.05296780972415432 0.35883781541308685 0.01674728107556731 0.016747281075567284 0.14285492867950017 0.016747281075567312 0.016747281075567288 
0.01125433293936094 0.011254332939361214 0.011254332939361232 0.5673579617775205 0.011254332939361152 0.011254332939361216 0.011254332939361249 0.011254332939361077 0.03821930618542625 0.011254332939361221 0.011254332939361192 0.01125433293936121 0.011254332939361221 0.020438815057468394 0.11793840251701136 0.011254332939361216 0.011254332939361213 0.08723052037217699 0.011254332939361223 0.011254332939361166 
0.31685180798391926 0.012425347905993561 0.012425347905993553 0.14514291037839847 0.012425347905993579 0.012425347905993568 0.025727614953421157 0.012425347905992921 0.08981641199869794 0.012425347905993572 0.012425347905993556 0.012425347905993716 0.012425347905993584 0.027158422306035605 0.10774318905325389 0.024843111716249987 0.012425347905993577 0.11361235673808219 0.01242534790599357 0.01242534790599361 
0.014460293337916468 0.01446029333791625 0.014460293337916255 0.43379739463247446 0.014460293337916257 0.014460293337916262 0.01446029333791616 0.02858298272988099 0.05670390782474101 0.014460293337916244 0.014460293337916267 0.014460293337916265 0.01446029333791626 0.029992857046377813 0.17361326452220163 0.014460293337916255 0.014460293337916262 0.07486548651350508 0.014460293337916276 0.01446029333791624 
0.010008774327489188 0.010008774327491756 0.010008774327491752 0.24846480241087668 0.02260049993595696 0.01000877432749175 0.01000877432749198 0.019955426529037097 0.18539928029539648 0.010008774327491756 0.010008774327491747 0.010008774327491742 0.010008774327491757 0.04364612996117064 0.010008774327490259 0.010008774327491747 0.010008774327491768 0.33165352906180184 0.018166265548348104 0.010008774327491752 
0.06551004424559541 0.01493651682688494 0.01493651682688499 0.07378957585538294 0.014936516826884984 0.014936516826884984 0.03307664359137209 0.2117140569196452 0.03137515033483685 0.014936516826884984 0.02719607763251008 0.014936516826884993 0.014936516826885012 0.2356262880626754 0.12698195990946928 0.014936516826885014 0.014936516826884988 0.030428518352764906 0.014936516826884984 0.014936516826884972 
0.10552274802010321 0.012639016759605362 0.01263901675960534 0.01263901675960543 0.01263901675960534 0.01263901675960534 0.024552254451873937 0.012639016759605357 0.23764895677997813 0.012639016759605338 0.012639016759605338 0.022400891775720307 0.012639016759605338 0.02762544415555904 0.06403230054283304 0.012639016759605331 0.012639016759605335 0.35391018639901434 0.01263901675960534 0.012639016759605357 
0.06352617852977305 0.013560876604959709 0.013560876604959693 0.04124671589042736 0.013560876604959693 0.013560876604959693 0.06820310954669025 0.013560876604959724 0.18329585083023328 0.013560876604959693 0.013560876604959674 0.013560876604959646 0.013560876604959693 0.1869174527486491 0.12489355514019305 0.013560876604959603 0.01356087660495969 0.15562574144953645 0.013560876604959698 0.013560876604959712 
0.00539785665930834 0.005397856659310459 0.00539785665931045 0.10996379257768925 0.005397856659310447 0.00539785665931044 0.00539785665931045 0.06343748708999643 0.21354542901656473 0.009423110049763948 0.17777528552420194 0.0053978566593104495 0.005397856659310467 0.06586967903472908 0.005397856659310429 0.005397856659310452 0.005397856659310434 0.2898130801360106 0.005397856659310494 0.0053978566593104555 
0.04874032716984736 0.011709462257334581 0.011709462257334605 0.5936031686208043 0.011709462257334585 0.011709462257334585 0.01170946225733463 0.011709462257334543 0.06012169051559528 0.011709462257334583 0.011709462257334586 0.011709462257334597 0.011709462257334576 0.011709462257334574 0.07080092189295527 0.011709462257334576 0.011709462257334585 0.05109195794076648 0.011709462257334593 0.011709462257334595 
0.028021040219426967 0.008982115021186702 0.008982115021186704 0.008982115021186572 0.008982115021186707 0.008982115021186707 0.008982115021186718 0.49664356120661973 0.04361818083494995 0.008982115021186702 0.008982115021186721 0.017126900900113866 0.008982115021186721 0.2676486100041215 0.021192096538165582 0.008982115021186782 0.008982115021186704 0.008982115021186723 0.008982115021186695 0.008982115021186714 
0.057479819131755296 0.018088881839422664 0.01808888183942267 0.018088881839422907 0.01808888183942267 0.01808888183942267 0.0530232213573648 0.018088881839422748 0.060704672906218435 0.018088881839422664 0.01808888183942268 0.01808888183942268 0.018088881839422664 0.4933361547609552 0.06412290425237084 0.018088881839422432 0.01808888183942267 0.018088881839422866 0.018088881839422668 0.018088881839422664 
0.040916227459016234 0.018915215403522225 0.01891521540352224 0.03836529613907429 0.01891521540352224 0.01891521540352224 0.10914067226729525 0.12193954959141551 0.018915215403522367 0.07504977102280955 0.01891521540352242 0.01891521540352224 0.018915215403522243 0.15334021360841985 0.01891521540352232 0.018915215403522225 0.01891521540352224 0.21535046966617705 0.01891521540352224 0.01891521540352224 
0.02394052690535503 0.005848516236697295 0.005848516236697278 0.005848516236696889 0.005848516236697291 0.005848516236697298 0.005848516236697333 0.5354923269068051 0.049881988103024154 0.005848516236697283 0.005848516236697392 0.005848516236697306 0.005848516236697294 0.23355005332457304 0.005848516236697207 0.005848516236697136 0.005848516236697298 0.06940736120973824 0.0058485162366972996 0.005848516236697285 
0.02321661438481633 0.0065021030229897294 0.006502103022989728 0.022609902643712567 0.006502103022989728 0.006502103022989728 0.04010109267979141 0.020327291369866933 0.09927428328930722 0.006502103022989728 0.0065021030229897294 0.006502103022989737 0.013471987697188752 0.030427672523720136 0.6725459191357271 0.006502103022989733 0.006502103022989726 0.006502103022989795 0.006502103022989935 0.0065021030229897745 
0.055192706583946954 0.03193123471625283 0.03193123471625283 0.03193123471625284 0.03193123471625283 0.03193123471625283 0.031931234716252824 0.03193123471625286 0.24392792182468243 0.03193123471625283 0.03193123471625295 0.03193123471625285 0.03193123471625284 0.1580483814150701 0.03193123471625286 0.03193123471625283 0.03193123471625283 0.031931234716252845 0.03193123471625283 0.03193123471625283 
0.06060647882731562 0.01485211072060303 0.014852110720602999 0.047853146324819774 0.014852110720603006 0.01485211072060301 0.014852110720603015 0.014852110720603072 0.18025865708432523 0.01485211072060302 0.022215690549236826 0.014852110720603004 0.014852110720603006 0.033060751268233046 0.18503905394839756 0.014852110720602975 0.014852110720603011 0.27788878262983074 0.01485211072060301 0.014852110720603015 
0.10371815245668214 0.010787924744997523 0.010787924744997514 0.04678611603064904 0.010787924744997525 0.010787924744997521 0.021651152273156206 0.02285485341308281 0.49010091047992793 0.010787924744997526 0.010787924744997455 0.023021920901205424 0.01078792474499751 0.010787924744997675 0.0813343066874489 0.010787924744997542 0.01078792474499751 0.08107749081788324 0.010787924744997526 0.010787924744997521 
0.050552980997044535 0.009069831847769593 0.00906983184776959 0.009069831847769818 0.009069831847769588 0.009069831847769591 0.009069831847769648 0.009069831847769605 0.0545083520542891 0.009069831847769593 0.009069831847769601 0.009069831847769555 0.009069831847769586 0.3685532283817769 0.01781296873454645 0.00906983184776959 0.00906983184776959 0.3725249921158 0.00906983184776959 0.009069831847769593 
0.010888434582319731 0.010888434582317544 0.010888434582317547 0.01088843458231753 0.010888434582317544 0.010888434582317431 0.1051238218753791 0.010888434582317669 0.2904762821366893 0.010888434582317544 0.010888434582317525 0.01088843458231759 0.010888434582317544 0.03902504965394223 0.019298229389571857 0.22063826694782468 0.010888434582317546 0.17300026584415432 0.01088843458231756 0.010888434582317542 
0.007301112631283245 0.00730111263128322 0.007301112631283223 0.007301112631283249 0.007301112631283224 0.007301112631283221 0.014240089394454284 0.014718035122071234 0.023595519285857274 0.007301112631283221 0.007301112631283208 0.007301112631283218 0.007301112631283221 0.11944903345028213 0.7095373693244106 0.016244376584965643 0.00730111263128322 0.007301112631283233 0.007301112631283221 0.007301112631283221 
0.06963248008523368 0.005687790013591015 0.005687790013591023 0.005687790013591044 0.005687790013591027 0.005687790013591023 0.010923415654326758 0.012520811780368336 0.5050447307698647 0.005687790013591038 0.005687790013591043 0.005687790013591013 0.005687790013591016 0.09126716372921351 0.05526564642581764 0.005687790013591019 0.0056877900135910205 0.1814044813784974 0.005687790013591017 0.005687790013591025 
0.151760654467607 0.029770857486618497 0.029770857486618497 0.029770857486618407 0.029770857486618497 0.029770857486618497 0.06278036500538249 0.029770857486618507 0.029770857486618407 0.029770857486618497 0.029770857486618497 0.029770857486618504 0.029770857486618493 0.029770857486618455 0.2474960853154189 0.029770857486618497 0.029770857486618497 0.06162917542569577 0.029770857486618497 0.029770857486618497 
0.008789727383770766 0.00878972738377049 0.008789727383770485 0.09771538488681837 0.008789727383770483 0.00878972738377048 0.017906342162146656 0.008789727383770318 0.14480557162527166 0.008789727383770485 0.00878972738377046 0.008789727383770507 0.008789727383770485 0.04732914268830291 0.07769888334382778 0.00878972738377046 0.008789727383770488 0.4914884919207655 0.008789727383770488 0.008789727383770492 
0.03420951136582879 0.010411172308792585 0.010411172308792578 0.0524055099133857 0.010411172308792589 0.010411172308792585 0.046470377335837185 0.01041117230879262 0.3498160801786271 0.021731300397350616 0.010411172308792606 0.02124800657475253 0.01041117230879258 0.2365649970349285 0.10143249992286697 0.010411172308792611 0.010411172308792585 0.021598821879710017 0.010411172308792594 0.010411172308792571 
0.03151718802594669 0.015211415579187655 0.015211415579187655 0.015211415579187655 0.01521141557918765 0.015211415579187645 0.025266820723565394 0.03982718874248476 0.10418918377566448 0.015211415579187655 0.015211415579187655 0.015211415579187634 0.01521141557918765 0.07375747205666941 0.3930811493506387 0.015211415579187667 0.015211415579187645 0.13461259479558807 0.015211415579187591 0.015211415579187655 
0.057699316188706676 0.011950336268523775 0.01195033626852377 0.09845782320878367 0.01195033626852377 0.011950336268523785 0.011950336268523662 0.011950336268523758 0.02567827151661974 0.011950336268523766 0.01195033626852377 0.01195033626852377 0.011950336268523775 0.2965463361772363 0.3177284691904825 0.036585075958834326 0.01195033626852377 0.011950336268523787 0.011950336268523777 0.011950336268523779 
0.037549454143220334 0.018382386476916156 0.01838238647691616 0.061593510447894774 0.018382386476916156 0.01838238647691616 0.19241033091117998 0.08476659540420914 0.1158335796855792 0.01838238647691616 0.01838238647691654 0.018382386476914148 0.01838238647691616 0.1269583547009763 0.11970214598448022 0.018382386476916136 0.018382386476916156 0.040597390999454676 0.01838238647691616 0.018382386476916177 
0.04665269689447273 0.007285761202998072 0.007285761202998066 0.15155084093825857 0.007285761202998064 0.0072857612029980715 0.03777566287656143 0.02433214611390903 0.007285761202998088 0.007285761202998059 0.007285761202998062 0.00728576120299807 0.007285761202998062 0.21744737646909204 0.39625930364689194 0.007285761202998064 0.007285761202998066 0.03126707742186228 0.007285761202998062 0.0072857612029980584 
0.011706862385181623 0.011706862385181562 0.01170686238518158 0.011706862385181534 0.0117068623851816 0.01170686238518158 0.011706862385181593 0.022802850298424028 0.03464533148440413 0.01170686238518157 0.011706862385181583 0.01170686238518158 0.01170686238518157 0.034560220534201706 0.02258502690032144 0.011706862385181576 0.011706862385181576 0.709803635004956 0.011706862385181583 0.011706862385181574 
0.0184628854689045 0.018462885468904462 0.018462885468904462 0.34968584200939795 0.018462885468904455 0.018462885468904462 0.018462885468904455 0.018462885468904455 0.03793778960656642 0.018462885468904462 0.018462885468904462 0.018462885468904452 0.018462885468904455 0.018462885468904473 0.2315548784088875 0.01846288546890447 0.018462885468904462 0.08541532247268101 0.018462885468904455 0.01846288546890441 
0.024478583697326747 0.024478583697326944 0.024478583697326948 0.10170002545106195 0.024478583697326948 0.024478583697326948 0.024478583697326983 0.08082381589194049 0.12315559323108123 0.024478583697326948 0.024478583697326948 0.024478583697326944 0.024478583697326944 0.07622655446303808 0.22486310740502624 0.024478583697326948 0.024478583697326948 0.02447858369732695 0.05053073179527545 0.024478583697326965 
0.025752702060053503 0.013325654468208012 0.013325654468207986 0.03703990630629486 0.013325654468208012 0.013325654468208005 0.0403358543836016 0.013325654468208126 0.01332565446820812 0.013325654468208006 0.013325654468208029 0.013325654468208003 0.013325654468208005 0.3604244775324695 0.14051587839782975 0.013325654468208036 0.013325654468208005 0.20937201876485484 0.01332565446820799 0.013325654468207992 
0.45462087065389206 0.009162473942162082 0.009162473942162094 0.03871862379402142 0.009162473942162089 0.00916247394216208 0.03685882331886818 0.009162473942162241 0.009162473942162064 0.009162473942162078 0.009162473942162078 0.009162473942162092 0.00916247394216206 0.29472482913909165 0.037639743961714676 0.009162473942159353 0.00916247394216208 0.009162473942162118 0.009162473942162111 0.009162473942162068 
0.03627290994044563 0.018550897951968248 0.01855089795196825 0.042448750364358065 0.01855089795196825 0.01855089795196825 0.018550897951968227 0.0374693640723248 0.1999656953065316 0.018550897951968254 0.018550897951968258 0.018550897951968244 0.018550897951968254 0.05670005124659229 0.27493363750814753 0.018550897951968248 0.01855089795196825 0.11104791818601525 0.018550897951968258 0.01855089795196823 
0.13679980344139245 0.012935471777455989 0.012935471777455987 0.07076810843819581 0.012935471777455989 0.012935471777455989 0.02706401301793137 0.39680119350138365 0.12464573921474177 0.012935471777456 0.012935471777455989 0.012935471777455987 0.012935471777455994 0.03479287624299514 0.012935471777456008 0.012935471777455972 0.012935471777455987 0.040967133036438376 0.012935471777455982 0.012935471777455994 
0.2941941683071416 0.007653400434240719 0.0076534004342407045 0.007653400434240725 0.007653400434240717 0.007653400434240717 0.007653400434240649 0.4850121148984376 0.01388937150468387 0.007653400434240711 0.007653400434240714 0.007653400434240733 0.007653400434240692 0.007653400434240741 0.0076534004342407825 0.0076534004342406975 0.007653400434240723 0.08444993834190075 0.007653400434240723 0.007653400434240706 
0.1415031323061011 0.004741374272833936 0.004741374272833937 0.0608843487964789 0.004741374272833934 0.00474137427283393 0.0235942244061908 0.023688704671540634 0.09828752265224208 0.0047413742728339365 0.004741374272833916 0.00978937445598934 0.004741374272833942 0.07217064357668951 0.30451898148138595 0.004741374272833957 0.004741374272833933 0.21340795065219717 0.004741374272833932 0.0047413742728339365 
0.10632277067409361 0.016387364370303466 0.016387364370303463 0.1841300613624921 0.01638736437030345 0.01638736437030346 0.03306404954900655 0.016387364370303376 0.24395770776376038 0.01638736437030346 0.016387364370303463 0.01638736437030346 0.016387364370303453 0.15869763072493054 0.04440467874146864 0.016387364370303494 0.01638736437030346 0.01638736437030369 0.016387364370303463 0.016387364370303456 
0.042115187982570565 0.0200274663719421 0.020027466371942106 0.020027466371945354 0.020027466371942092 0.04488819683370603 0.020027466371942065 0.03888698104185921 0.04149577138576401 0.0200274663719421 0.0200274663719421 0.0398760075327047 0.020027466371942113 0.20526306272036554 0.26307786958350615 0.020027466371942127 0.0200274663719421 0.0840673264562179 0.0200274663719421 0.0200274663719421 
0.0584510668500413 0.016798987247528364 0.016798987247528367 0.06615941839334954 0.016798987247528367 0.01679898724752837 0.0468539158770661 0.016798987247528464 0.016798987247528364 0.01679898724752837 0.01679898724752837 0.016798987247528378 0.016798987247528367 0.2633906337747096 0.25996087714086763 0.016798987247528423 0.01679898724752837 0.06999826649856267 0.01679898724752836 0.01679898724752837 
0.011189992007381374 0.011189992007381524 0.011189992007381513 0.04535303286436276 0.01118999200738151 0.011189992007381518 0.01118999200738158 0.24864775261159824 0.0232798677480755 0.01118999200738152 0.011189992007381497 0.011189992007381511 0.011189992007381515 0.5036794746578571 0.011189992007381504 0.011189992007381345 0.011189992007381518 0.011189992007381477 0.01118999200738152 0.01118999200738153 
0.01636914940527516 0.01636914940527515 0.016369149405275136 0.33043092579535127 0.01636914940527514 0.01636914940527514 0.016369149405275098 0.041982553499726835 0.016369149405275132 0.016369149405275132 0.016369149405275136 0.016369149405275174 0.01636914940527514 0.186938383522726 0.06261903104988516 0.01636914940527514 0.01636914940527514 0.1324918650531788 0.01636914940527515 0.01636914940527515 
0.034949859925568726 0.009734399892676935 0.009734399892676935 0.49699298791627033 0.009734399892676928 0.009734399892676928 0.009734399892676977 0.0740679979328002 0.034136720063152604 0.009734399892676928 0.009734399892676934 0.009734399892676942 0.009734399892676935 0.1003050215350509 0.060302619525747204 0.009734399892676928 0.009734399892676937 0.0726975944967089 0.00973439989267693 0.009734399892676937 
9.406819587924272E-5 9.406819587924275E-5 9.406819587924272E-5 9.406819587924272E-5 9.406819587933277E-5 9.40681958792427E-5 9.406819587924275E-5 9.406819587924272E-5 4.579056838602048E-4 9.406819587924274E-5 9.406819587924274E-5 9.406819587924267E-5 0.9970814916628565 9.406819587951008E-5 6.565856439106485E-4 2.989258753046631E-4 9.406819587924274E-5 9.406819587924294E-5 9.406819587924274E-5 9.406819587924272E-5 
0.03668143632041099 0.00849419001118243 0.00849419001118243 0.008494190011182883 0.008494190011182429 0.008494190011182443 0.008494190011182373 0.016877497355596828 0.11109590495364352 0.008494190011182458 0.008494190011182443 0.008494190011182437 0.008494190011182415 0.3699116047636168 0.01690571450728593 0.00849419001118244 0.008494190011182444 0.32960918194289907 0.008494190011182352 0.008494190011182436 
0.013371497113733935 0.01337149711373424 0.013371497113734242 0.14509524438211743 0.013371497113734237 0.013371497113734237 0.0133714971137343 0.44099463775290954 0.042745722160363805 0.013371497113734237 0.013371497113734244 0.013371497113734223 0.013371497113734235 0.05271023985294388 0.01337149711373394 0.01337149711373424 0.013371497113734237 0.11788169914562976 0.013371497113734223 0.01337149711373424 
0.10671898139481917 0.013272784471217595 0.013272784471217595 0.013272784471217602 0.013272784471217595 0.013272784471217604 0.013272784471217821 0.654370898123309 0.01327278447121761 0.013272784471217595 0.013272784471217625 0.013272784471217599 0.013272784471217595 0.013272784471217578 0.013272784471217703 0.013272784471217595 0.013272784471217599 0.013272784471217821 0.013272784471217585 0.013272784471217599 
0.015468577281851453 0.01546857728185551 0.015468577281855508 0.015468577281855527 0.015468577281855515 0.015468577281855508 0.11803737740627043 0.015468577281855536 0.3452714231868949 0.015468577281855514 0.015468577281855505 0.015468577281855496 0.015468577281855508 0.11037489681730156 0.09836821140557664 0.015468577281855475 0.015468577281855508 0.09591943195610837 0.015468577281855508 0.015468577281855496 
0.19247749236577053 0.005652492522073897 0.005652492522073888 0.011430910707957728 0.0056524925220738905 0.005652492522073887 0.00565249252207413 0.32557232165620853 0.005652492522073886 0.00565249252207389 0.0056524925220738965 0.0056524925220738965 0.005652492522073892 0.005652492522073919 0.28350273698831274 0.005652492522073874 0.005652492522073893 0.1022291504506359 0.005652492522073872 0.005652492522073886 
0.0672623777073452 0.015654073375654533 0.015654073375654533 0.11888398741686268 0.015654073375654533 0.015654073375654536 0.029650716486916646 0.29184537902032204 0.0156540733756563 0.015654073375654533 0.015654073375654585 0.015654073375654526 0.01565407337565453 0.14454147190602534 0.11439964364375588 0.015654073375654536 0.015654073375654533 0.029913469935264468 0.015654073375654526 0.01565407337565456 
0.015328864930726457 0.015328864930726376 0.015328864930726396 0.6449637785154876 0.0153288649307264 0.015328864930726395 0.015328864930726464 0.0153288649307265 0.015328864930726356 0.015328864930726395 0.015328864930726351 0.015328864930726395 0.015328864930726395 0.07257865788587643 0.021866859776298674 0.015328864930726415 0.015328864930726391 0.015328864930726402 0.01532886493072642 0.015328864930726405 
0.014511284666140904 0.01451128466614172 0.014511284666141724 0.04235809695913874 0.014511284666141724 0.014511284666141721 0.04303493774960429 0.014511284666141423 0.09428400486410876 0.01451128466614172 0.01451128466614172 0.014511284666141714 0.014511284666141726 0.08812772895626092 0.47044025932286876 0.01451128466614173 0.014511284666141724 0.05859698682203551 0.014511284666141724 0.014511284666141724 
0.3859259018608142 0.016060040705211446 0.01606004070521145 0.016060040705210707 0.016060040705211446 0.016060040705211446 0.016060040705211488 0.04483642895888291 0.01606004070521155 0.03087757508304766 0.01606004070521145 0.016060040705211463 0.01606004070521145 0.01606004070521156 0.0617681949532688 0.01606004070521154 0.016060040705211446 0.23569128856581453 0.01606004070521144 0.016060040705211446 
0.19528392091137017 0.013460213098459945 0.013460213098459945 0.013460213098460152 0.013460213098459945 0.013460213098459944 0.01346021309845996 0.04576987647596811 0.04129785961142256 0.01346021309845994 0.01346021309845994 0.013460213098459971 0.013460213098459949 0.0806838709036885 0.42179428543979275 0.01346021309845994 0.01346021309845995 0.026727203279339508 0.013460213098459956 0.013460213098459945 
0.03592770246647703 0.011218401923417312 0.011218401923417312 0.08430689763202184 0.011218401923417306 0.011218401923417312 0.01121840192341735 0.11917598136289562 0.011218401923417321 0.03424438249426479 0.011218401923417306 0.011218401923417312 0.011218401923417318 0.01121840192341735 0.08502422288022478 0.011218401923417295 0.011218401923417312 0.48426318623629006 0.011218401923417312 0.011218401923417312 
0.022783060542381068 0.02372096458567173 0.011232716571467067 0.18676065493847324 0.011232716571467068 0.011232716571467068 0.06890043476665957 0.011232716571467037 0.3746316513736565 0.011232716571467044 0.011232716571467067 0.011232716571467133 0.011232716571467077 0.011232716571467334 0.11939527466515044 0.011232716571467068 0.011232716571467068 0.057782643698927286 0.011232716571467056 0.011232716571467077 
0.042886885340947214 0.01386308235497952 0.01386308235497952 0.1807980412657489 0.013863082354979513 0.013863082354979513 0.013863082354979503 0.42168605666546294 0.013863082354979163 0.01386308235497952 0.013863082354979513 0.01386308235497951 0.013863082354979513 0.05618004216431349 0.041988166398144025 0.013863082354979527 0.013863082354979524 0.06237765519566443 0.013863082354979525 0.01386308235497951 
0.009494031985528647 0.009494031985528794 0.009494031985528792 0.009494031985528834 0.00949403198552867 0.009494031985528792 0.058030109787366876 0.06637566975287007 0.04072433245541671 0.009494031985528789 0.009494031985528794 0.009494031985528789 0.009494031985528777 0.6122925546944126 0.024142849034113987 0.009494031985528818 0.009494031985528794 0.05457047043612652 0.020441598027809788 0.009494031985528792 
0.005771375451667681 0.005771375451667694 0.005771375451667694 0.0655944943926573 0.005771375451667686 0.005771375451667692 0.005771375451667719 0.01668664576067867 0.03592051266577401 0.005771375451667694 0.011667482345917208 0.005771375451667741 0.005771375451667687 0.06394140917237784 0.6879000879871097 0.00577137545166769 0.005771375451667694 0.04326148680380026 0.005771375451667694 0.005771375451667701 
0.03554440072839582 0.005657698705527171 0.005657698705527194 0.022780581070891204 0.005657698705526963 0.005657698705527198 0.005657698705527171 0.04833571122875488 0.005657698705527194 0.005657698705527186 0.005657698705527174 0.005657698705527289 0.005657698705527197 0.6633284001710235 0.010586806922442562 0.0056576987055272495 0.005657698705527198 0.13619929624485283 0.009674720461787889 0.005657698705527122 
0.011310387221757484 0.011310387221757274 0.011310387221757277 0.11127594054210865 0.011310387221757283 0.011310387221757274 0.36446132518217433 0.29574937692317815 0.011310387221757263 0.011310387221757274 0.011310387221757293 0.011310387221757276 0.011310387221757288 0.0475471618044175 0.011310387221757257 0.011310387221757274 0.011310387221757276 0.011310387221757364 0.01131038722175728 0.011310387221757269 
0.27896160531917413 0.010464669352053523 0.010464669352053535 0.22139297291803858 0.010464669352053528 0.010464669352053532 0.010464669352053528 0.059146828904984065 0.031732830870165374 0.010464669352053532 0.021598797351531026 0.010464669352053512 0.010464669352053538 0.02307539499702333 0.16985532897581912 0.010464669352053535 0.010464669352053526 0.06866020843863371 0.010464669352053523 0.010464669352053523 
0.005965795267515471 0.0018317814110305555 0.0018317814110305557 0.001831781411030551 0.0018317814110305655 0.0018317814110305562 0.0018317814110305015 0.001831781411030559 0.0018317814110305557 0.0018317814110305564 0.001831781411030555 0.0018317814110306815 0.0018317814110305557 0.006831437547810452 0.9560624831971546 0.0018317814110305555 0.0018317814110300045 0.0018317814110305523 0.0018317814110305562 0.0018317814110305557 
0.009124897907311637 0.00912489790731162 0.009124897907311608 0.05906760313321727 0.009124897907311608 0.009124897907311594 0.1827287363669414 0.021709433230799102 0.06675939851147959 0.00912489790731161 0.00912489790731161 0.009124897907311623 0.009124897907311611 0.02025371593258739 0.009124897907311575 0.5018155241713955 0.009124897907311606 0.029041915858524656 0.009124897907311594 0.009124897907311604 
0.04444742410045874 0.005375102009913933 0.00537510200991394 0.2071150312331443 0.005375102009913938 0.005375102009913941 0.009803840884744883 0.005375102009914038 0.060931292027854626 0.0053751020099139235 0.005375102009913926 0.0053751020099139365 0.005375102009913905 0.5013895729631196 0.028600817121312818 0.005375102009913944 0.005375102009913933 0.07783569554048635 0.005375102009913933 0.005375102009913933 
0.008879566842454575 0.008879566842429926 0.008879566842429926 0.10600947407807776 0.008879566842429926 0.008879566842429925 0.016275575055863203 0.03662327229325202 0.06358052818566731 0.008879566842429912 0.008879566842429939 0.008879566842429956 0.00887956684242992 0.04339368232312746 0.5621030050947201 0.00887956684242993 0.008879566842429926 0.05658009401790009 0.00887956684242992 0.008879566842429928 
0.04182602180615119 0.01943273524045892 0.019432735240458927 0.019432735240459444 0.019432735240458934 0.019432735240458937 0.03445159006287591 0.0429095514916898 0.5365580686193339 0.019432735240458934 0.0355033302648431 0.019432735240458937 0.01943273524045893 0.019432735240459076 0.019432735240458923 0.019432735240458927 0.019432735240458913 0.036693144388684235 0.01943273524045895 0.01943273524045893 
0.07482157949365117 0.004171249632152096 0.004171249632152079 0.2208899239139388 0.00417124963215208 0.0041712496321520695 0.020031324598623987 0.026596968929983145 0.35304427020256396 0.004171249632152083 0.004171249632152062 0.004171249632152092 0.004171249632152078 0.07433513350990525 0.05903003690331458 0.004171249632152067 0.004171249632152053 0.12119576686219581 0.004171249632152064 0.004171249632152104 
0.018280571084464133 0.011905383727456566 0.011905383727456559 0.2009700232095743 0.011905383727456559 0.011905383727456567 0.28681664902257703 0.05331982306911913 0.011905383727456559 0.011905383727456554 0.011905383727456554 0.011905383727456567 0.011905383727456555 0.030804739879809116 0.023961404422396956 0.01190538372745653 0.011905383727456566 0.23107680085512222 0.011905383727456564 0.011905383727456571 
0.012413266522858561 0.0016512180353595533 0.001651218035359541 0.0031746958723812553 0.0016512180353595674 0.0016512180353595517 0.011309604343852508 0.0016512180353595667 0.0016512180353595405 0.0016512180353595524 0.0016512180353595543 0.0016512180353595062 0.0016512180353595543 0.03365158609330731 0.8966929310811792 0.0016512180353595496 0.0016512180353595504 0.019640863591386542 0.0016512180353595485 0.0016512180353595496 
0.013046647066854988 0.013046647066855004 0.013046647066855004 0.15671674835965646 0.013046647066854997 0.013046647066854995 0.29604742927957917 0.025482210459711642 0.24619499580534698 0.013046647066855006 0.013046647066854978 0.013046647066854997 0.013046647066855011 0.0248959530080428 0.02422016741573326 0.013046647066854999 0.013046647066855016 0.05683608380280199 0.01304664706685501 0.013046647066854997 
0.038168350793220666 0.017589049147568685 0.01758904914756869 0.2560001904668408 0.017589049147568685 0.01758904914756869 0.07512330855921874 0.08081182534927386 0.017589049147569234 0.01758904914756869 0.0175890491475687 0.017589049147568682 0.017589049147568685 0.0648947809856155 0.2191833180315118 0.017589049147568692 0.017589049147568696 0.03716058689591009 0.017589049147568692 0.017589049147568685 
0.005315191834475205 0.005315191834475048 0.005315191834475049 0.01624617074219997 0.005315191834475043 0.0053151918344750484 0.005315191834475062 0.005315191834475034 0.02440618175254081 0.005315191834475045 0.005315191834475072 0.005315191834475048 0.005315191834475042 0.1191127821669445 0.7551917959866916 0.005315191834475059 0.005315191834475049 0.005315191834475011 0.005315191834475058 0.005315191834475048 
0.028474469991638777 0.0125116617659805 0.0125116617659805 0.38517952206927203 0.0125116617659805 0.0125116617659805 0.012511661765980316 0.18964601710142912 0.03859460898519605 0.0125116617659805 0.01251166176598049 0.012511661765980507 0.012511661765980505 0.02403362757773854 0.15890848955096296 0.012511661765980508 0.0125116617659805 0.012511661765980562 0.012511661765980491 0.012511661765980482 
0.02401615054393115 0.011913588915693298 0.011913588915693293 0.35110465541251146 0.011913588915693291 0.011913588915693291 0.011913588915693397 0.011913588915693135 0.08177897047109853 0.011913588915693347 0.011913588915693272 0.01191358891569327 0.011913588915693291 0.1136994530059009 0.06214143702904764 0.011913588915693272 0.011913588915693291 0.2004690887178347 0.0119135889156933 0.011913588915693303 
0.10260333695763167 0.007713614209385783 0.007713614209385781 0.4641346984034285 0.007713614209385778 0.007713614209385768 0.022487283104545522 0.015594845024198594 0.007713614209385728 0.0077136142093857775 0.0077136142093857975 0.007713614209385764 0.007713614209385776 0.01492328869568994 0.1829379102187206 0.007713614209385771 0.007713614209385776 0.09704165287373132 0.0077136142093858105 0.007713614209385771 
0.05041662168808661 0.016565793732961825 0.016565793732961815 0.044031815676052716 0.01656579373296181 0.016565793732961815 0.016565793732961874 0.4542021080517411 0.016565793732961822 0.016565793732961815 0.016565793732961773 0.016565793732961787 0.016565793732961815 0.05050793708025918 0.06644151654623101 0.016565793732961787 0.01656579373296182 0.10247888869616036 0.016565793732961815 0.016565793732961808 
0.09428553627458032 0.010799188339911196 0.010799188339911212 0.1333681209143337 0.010799188339911189 0.010799188339911189 0.010799188339911949 0.3920666299797322 0.10168746555431918 0.010799188339911198 0.010799188339911206 0.010799188339911255 0.010799188339911217 0.054962105582300275 0.07244150493598016 0.010799188339911203 0.010799188339911194 0.010799188339911302 0.010799188339911198 0.010799188339911194 
0.3481574070291372 0.028620408470975366 0.014103793224511376 0.0761990323538728 0.014103793224511359 0.01410379322451137 0.014103793224511399 0.014103793224509682 0.01410379322451138 0.014103793224511402 0.01410379322451138 0.014103793224511408 0.03092556776543157 0.04143450846738453 0.05652872866271001 0.014103793224511359 0.014103793224511382 0.2347850353318168 0.014103793224511392 0.01410379322451137 
0.14476691691559856 0.00424784099060313 0.004247840990603136 0.17559138492889506 0.004247840990603099 0.004247840990603127 0.008383585133188863 0.004247840990603165 0.06664654021736083 0.004247840990603116 0.004247840990603165 0.0042478409906031075 0.004247840990603126 0.013292314295464435 0.023154972365816626 0.004247840990603162 0.004247840990603115 0.5129423532657421 0.004247840990603135 0.004247840990603123 
0.006892116194962659 0.006892116194962514 0.006892116194962632 0.45186269397546847 0.006892116194962621 0.006892116194962619 0.006892116194962619 0.02281520291044399 0.04692689889024712 0.006892116194962627 0.006892116194962612 0.006892116194962633 0.0068921161949626235 0.09441042495645552 0.12296597829389858 0.13370809382962473 0.014874759558031848 0.029730553246266046 0.006892116194962624 0.006892116194962628 
0.5634106365147407 0.006369895366188524 0.006369895366188509 0.21774528691009018 0.00636989536618852 0.0063698953661885235 0.006369895366188446 0.006369895366188642 0.0126718371392218 0.014793027288719814 0.006369895366188513 0.006369895366188517 0.00636989536618852 0.033917628122395065 0.01991488236571206 0.013130935492543273 0.011586496655905018 0.04276042048261716 0.00636989536618852 0.006369895366188527 
0.09172330640718608 0.013093756438983743 0.013093756438983715 0.14458789947878498 0.013093756438983691 0.01309375643898371 0.013093756438983722 0.013093756438983691 0.01309375643898373 0.013093756438983709 0.013093756438983712 0.013093756438983717 0.01309375643898371 0.09116029858535732 0.43470867654146095 0.013093756438983651 0.01309375643898371 0.04141347240245042 0.013093756438983712 0.013093756438983709 
0.04606701090340974 0.005295166056196082 0.005295166056196077 0.38144652853485017 0.0052951660561960275 0.005295166056196087 0.005295166056196083 0.005295166056196016 0.06783522159367149 0.005295166056196079 0.005295166056196078 0.010966216342782092 0.005295166056196075 0.2657093191759579 0.01965099349978659 0.0052951660561960726 0.005295166056196079 0.1394875512190011 0.005295166056196074 0.005295166056196028 
0.017225145601170666 0.017225145601170676 0.017225145601170673 0.09328218057131049 0.017225145601170676 0.017225145601170676 0.09949878242029912 0.017225145601170735 0.15007500706795743 0.03707389948311077 0.017225145601170666 0.017225145601170673 0.017225145601170676 0.2626563101040119 0.03600546993671865 0.017225145601170718 0.017225145601170676 0.09748145760137553 0.01722514560117069 0.017225145601170676 
0.010503438547044263 0.01050343854704451 0.010503438547044545 0.010503438547044485 0.010503438547044533 0.010503438547044545 0.021256414314281255 0.010503438547044558 0.11311752618617653 0.01050343854704452 0.010503438547044516 0.01050343854704454 0.010503438547044521 0.4221207741891492 0.10186468458166399 0.010503438547044525 0.010503438547044509 0.1840890225230571 0.010503438547044485 0.010503438547044495 
0.004571126851558627 0.004571126851560914 0.004571126851560909 0.0045711268515609 0.004571126851560911 0.0045711268515609095 0.007472241260994497 0.004571126851560777 0.07872345281357372 0.004571126851560913 0.004571126851560911 0.004571126851560916 0.004571126851560916 0.56876221509198 0.23948270767545757 0.00457112685156092 0.004571126851560916 0.0369924803845424 0.004571126851560919 0.004571126851560918 
0.0226428385101878 0.012476785578660488 0.012476785578660473 0.058181344621297884 0.012476785578660488 0.012476785578660493 0.012476785578660495 0.02427531509031233 0.021747897005144214 0.012476785578660493 0.012476785578660483 0.012476785578660499 0.012476785578660488 0.02587875899293454 0.6475944843991843 0.012476785578660478 0.012476785578660488 0.03748114885838681 0.012476785578660488 0.012476785578660488 
0.011185624318608006 0.01118562431860802 0.011185624318608003 0.03394963352967904 0.011185624318607985 0.011185624318608003 0.011185624318607836 0.5446172313664777 0.042584476392598596 0.011185624318608001 0.01118562431860822 0.011185624318608011 0.011185624318608004 0.1998786696134838 0.01118562431860799 0.011185624318608 0.011185624318608006 0.011185624318608008 0.011185624318608003 0.011185624318608027 
0.015302623269445727 0.01530262326944773 0.015302623269447747 0.19675653343783234 0.015302623269447736 0.01530262326944773 0.20745308229696982 0.01530262326944771 0.20183268981947855 0.01530262326944773 0.01530262326944773 0.015302623269447703 0.015302623269447724 0.0607694438141844 0.04766279587526007 0.015302623269447733 0.01530262326944773 0.07128872898399655 0.015302623269447728 0.015302623269447738 
0.010752883188432713 0.010752883188432667 0.010752883188432672 0.3259248564603923 0.02240319141598374 0.010752883188432658 0.023662152147383795 0.020921224131235445 0.0820943368312103 0.010752883188432668 0.010752883188432661 0.010752883188432668 0.010752883188432661 0.03240621515757769 0.31712564552211187 0.023299409984955468 0.010752883188432675 0.033881253276367394 0.010752883188432665 0.010752883188432668 
0.28495222589836827 0.007955669132197946 0.00795566913219796 0.007955669132197944 0.007955669132197947 0.007955669132197946 0.007955669132198024 0.018115292691765084 0.35096227596941537 0.007955669132197935 0.007955669132197947 0.007955669132197956 0.007955669132197933 0.0520340981355242 0.018078778299273023 0.017489592336175964 0.007955669132197946 0.15494403795089096 0.007955669132197944 0.007955669132197956 
0.08165801977082374 0.004006049573347843 0.004006049573347862 0.03988210347958934 0.00400604957334784 0.004006049573347862 0.004006049573347884 0.0040060495733475485 0.5101011621778614 0.004006049573347856 0.004006049573347852 0.004006049573347926 0.004006049573347857 0.0611618491823039 0.0845928987641904 0.008359928205590025 0.004006049573347872 0.16216539396612042 0.004006049573347855 0.004006049573347851 
0.006693488744862355 0.006693488744863086 0.006693488744863089 0.022851782658178537 0.006693488744863046 0.006693488744863087 0.006693488744862705 0.03757427884993009 0.10381679359840788 0.006693488744863083 0.006693488744863076 0.01321413894669045 0.006693488744863102 0.48451445011471417 0.08943762783435706 0.006693488744863098 0.006693488744863085 0.1615755743144352 0.006693488744863087 0.006693488744863083 
0.01148996122670254 0.003922927929707948 0.003922927929707961 0.09184921920623494 0.003922927929707934 0.003922927929707949 0.00877162653078775 0.00392292792970774 0.04134700982898135 0.003922927929707956 0.003922927929707964 0.003922927929707963 0.003922927929707921 0.5191798999079202 0.0728376350066454 0.0039229279297079925 0.003922927929707956 0.20352658520653902 0.0039229279297079535 0.0039229279297079605 
