0.028089887640449437 0.07303370786516854 0.028089887640449437 0.15168539325842698 0.028089887640449437 0.03932584269662921 0.05056179775280899 0.028089887640449437 0.11797752808988764 0.03932584269662921 0.028089887640449437 0.03932584269662921 0.07303370786516854 0.03932584269662921 0.028089887640449437 0.028089887640449437 0.028089887640449437 0.03932584269662921 0.08426966292134831 0.028089887640449437 
0.021551724137931036 0.03879310344827586 0.021551724137931036 0.03017241379310345 0.04741379310344827 0.125 0.06465517241379311 0.03879310344827586 0.05603448275862069 0.021551724137931036 0.021551724137931036 0.021551724137931036 0.08189655172413793 0.03017241379310345 0.03017241379310345 0.021551724137931036 0.03879310344827586 0.04741379310344827 0.03017241379310345 0.21120689655172414 
0.022727272727272728 0.04090909090909091 0.022727272727272728 0.022727272727272728 0.022727272727272728 0.04090909090909091 0.05 0.031818181818181815 0.19545454545454546 0.07727272727272727 0.04090909090909091 0.04090909090909091 0.022727272727272728 0.022727272727272728 0.20454545454545456 0.022727272727272728 0.022727272727272728 0.04090909090909091 0.022727272727272728 0.031818181818181815 
0.026041666666666668 0.046875 0.026041666666666668 0.11979166666666667 0.036458333333333336 0.057291666666666664 0.026041666666666668 0.026041666666666668 0.06770833333333333 0.078125 0.036458333333333336 0.036458333333333336 0.036458333333333336 0.026041666666666668 0.026041666666666668 0.036458333333333336 0.046875 0.16145833333333334 0.026041666666666668 0.057291666666666664 
0.036 0.076 0.036 0.02 0.108 0.02 0.02 0.044 0.028 0.028 0.028 0.068 0.036 0.02 0.124 0.028 0.02 0.124 0.076 0.06 
0.026041666666666668 0.036458333333333336 0.026041666666666668 0.046875 0.026041666666666668 0.046875 0.078125 0.046875 0.046875 0.06770833333333333 0.026041666666666668 0.036458333333333336 0.08854166666666667 0.026041666666666668 0.026041666666666668 0.140625 0.078125 0.046875 0.057291666666666664 0.026041666666666668 
0.24056603773584906 0.0330188679245283 0.08962264150943396 0.0330188679245283 0.1179245283018868 0.07075471698113207 0.0330188679245283 0.0330188679245283 0.05188679245283019 0.0330188679245283 0.0330188679245283 0.04245283018867924 0.02358490566037736 0.02358490566037736 0.02358490566037736 0.02358490566037736 0.02358490566037736 0.02358490566037736 0.02358490566037736 0.02358490566037736 
0.03431372549019608 0.04411764705882353 0.04411764705882353 0.05392156862745098 0.10294117647058823 0.024509803921568627 0.03431372549019608 0.14215686274509803 0.03431372549019608 0.04411764705882353 0.024509803921568627 0.19117647058823528 0.03431372549019608 0.024509803921568627 0.03431372549019608 0.024509803921568627 0.024509803921568627 0.024509803921568627 0.03431372549019608 0.024509803921568627 
0.030952380952380953 0.02142857142857143 0.016666666666666666 0.02619047619047619 0.05952380952380952 0.016666666666666666 0.02142857142857143 0.40714285714285714 0.016666666666666666 0.02619047619047619 0.02619047619047619 0.04047619047619048 0.016666666666666666 0.016666666666666666 0.011904761904761904 0.04047619047619048 0.030952380952380953 0.02619047619047619 0.08333333333333333 0.06428571428571428 
0.022123893805309734 0.048672566371681415 0.022123893805309734 0.05752212389380531 0.030973451327433628 0.022123893805309734 0.12831858407079647 0.03982300884955752 0.048672566371681415 0.022123893805309734 0.048672566371681415 0.022123893805309734 0.19911504424778761 0.022123893805309734 0.048672566371681415 0.030973451327433628 0.022123893805309734 0.10176991150442478 0.022123893805309734 0.03982300884955752 
0.02631578947368421 0.018796992481203006 0.02631578947368421 0.02631578947368421 0.03383458646616541 0.07894736842105263 0.018796992481203006 0.018796992481203006 0.018796992481203006 0.02631578947368421 0.20676691729323307 0.02631578947368421 0.018796992481203006 0.02631578947368421 0.02631578947368421 0.11654135338345864 0.21428571428571427 0.02631578947368421 0.02631578947368421 0.018796992481203006 
0.028409090909090908 0.03977272727272727 0.028409090909090908 0.028409090909090908 0.028409090909090908 0.05113636363636364 0.03977272727272727 0.09659090909090909 0.028409090909090908 0.03977272727272727 0.028409090909090908 0.03977272727272727 0.028409090909090908 0.0625 0.0625 0.028409090909090908 0.03977272727272727 0.028409090909090908 0.24431818181818182 0.028409090909090908 
0.030120481927710843 0.15060240963855423 0.030120481927710843 0.030120481927710843 0.030120481927710843 0.04216867469879518 0.030120481927710843 0.04216867469879518 0.030120481927710843 0.05421686746987952 0.030120481927710843 0.06626506024096386 0.030120481927710843 0.10240963855421686 0.030120481927710843 0.09036144578313253 0.04216867469879518 0.05421686746987952 0.030120481927710843 0.05421686746987952 
0.028645833333333332 0.013020833333333334 0.028645833333333332 0.018229166666666668 0.013020833333333334 0.07552083333333333 0.0234375 0.028645833333333332 0.013020833333333334 0.013020833333333334 0.09114583333333333 0.0234375 0.033854166666666664 0.0234375 0.049479166666666664 0.18489583333333334 0.2786458333333333 0.013020833333333334 0.013020833333333334 0.033854166666666664 
0.03571428571428571 0.04591836734693878 0.07653061224489796 0.17857142857142858 0.0663265306122449 0.03571428571428571 0.04591836734693878 0.08673469387755102 0.03571428571428571 0.05612244897959184 0.025510204081632654 0.03571428571428571 0.03571428571428571 0.03571428571428571 0.025510204081632654 0.04591836734693878 0.025510204081632654 0.03571428571428571 0.03571428571428571 0.03571428571428571 
0.040983606557377046 0.040983606557377046 0.07377049180327869 0.040983606557377046 0.05737704918032787 0.040983606557377046 0.05737704918032787 0.10655737704918032 0.05737704918032787 0.05737704918032787 0.040983606557377046 0.040983606557377046 0.040983606557377046 0.05737704918032787 0.040983606557377046 0.040983606557377046 0.040983606557377046 0.040983606557377046 0.040983606557377046 0.040983606557377046 
0.02577319587628866 0.03608247422680412 0.03608247422680412 0.04639175257731959 0.11855670103092783 0.07731958762886598 0.02577319587628866 0.02577319587628866 0.08762886597938144 0.02577319587628866 0.02577319587628866 0.08762886597938144 0.12886597938144329 0.02577319587628866 0.03608247422680412 0.02577319587628866 0.02577319587628866 0.02577319587628866 0.06701030927835051 0.04639175257731959 
0.08189655172413793 0.04741379310344827 0.04741379310344827 0.03879310344827586 0.10775862068965517 0.03017241379310345 0.03017241379310345 0.17672413793103448 0.03017241379310345 0.05603448275862069 0.03879310344827586 0.03879310344827586 0.05603448275862069 0.03017241379310345 0.03879310344827586 0.03017241379310345 0.021551724137931036 0.021551724137931036 0.021551724137931036 0.05603448275862069 
0.17452830188679244 0.02358490566037736 0.02358490566037736 0.04245283018867924 0.05188679245283019 0.04245283018867924 0.0330188679245283 0.05188679245283019 0.02358490566037736 0.04245283018867924 0.0330188679245283 0.04245283018867924 0.02358490566037736 0.0330188679245283 0.05188679245283019 0.02358490566037736 0.02358490566037736 0.02358490566037736 0.21226415094339623 0.02358490566037736 
0.03535353535353535 0.09595959595959595 0.06565656565656566 0.025252525252525252 0.12626262626262627 0.07575757575757576 0.025252525252525252 0.05555555555555555 0.045454545454545456 0.045454545454545456 0.025252525252525252 0.07575757575757576 0.03535353535353535 0.10606060606060606 0.025252525252525252 0.025252525252525252 0.025252525252525252 0.025252525252525252 0.025252525252525252 0.03535353535353535 
0.041176470588235294 0.052941176470588235 0.029411764705882353 0.029411764705882353 0.029411764705882353 0.052941176470588235 0.041176470588235294 0.029411764705882353 0.029411764705882353 0.20588235294117646 0.029411764705882353 0.06470588235294118 0.029411764705882353 0.06470588235294118 0.08823529411764706 0.06470588235294118 0.029411764705882353 0.029411764705882353 0.029411764705882353 0.029411764705882353 
0.02284263959390863 0.12436548223350254 0.04314720812182741 0.012690355329949238 0.35786802030456855 0.12436548223350254 0.017766497461928935 0.02284263959390863 0.012690355329949238 0.04314720812182741 0.02284263959390863 0.012690355329949238 0.012690355329949238 0.027918781725888325 0.02284263959390863 0.012690355329949238 0.012690355329949238 0.02284263959390863 0.0583756345177665 0.012690355329949238 
0.03968253968253968 0.07142857142857142 0.03968253968253968 0.10317460317460317 0.03968253968253968 0.03968253968253968 0.03968253968253968 0.03968253968253968 0.03968253968253968 0.03968253968253968 0.03968253968253968 0.0873015873015873 0.03968253968253968 0.05555555555555555 0.03968253968253968 0.03968253968253968 0.03968253968253968 0.05555555555555555 0.07142857142857142 0.03968253968253968 
0.2591240875912409 0.040145985401459854 0.025547445255474453 0.025547445255474453 0.032846715328467155 0.06934306569343066 0.01824817518248175 0.040145985401459854 0.032846715328467155 0.10583941605839416 0.01824817518248175 0.01824817518248175 0.06934306569343066 0.025547445255474453 0.01824817518248175 0.01824817518248175 0.01824817518248175 0.05474452554744526 0.08394160583941605 0.025547445255474453 
0.029411764705882353 0.08823529411764706 0.037815126050420166 0.029411764705882353 0.20588235294117646 0.07983193277310924 0.037815126050420166 0.07142857142857142 0.02100840336134454 0.046218487394957986 0.0546218487394958 0.037815126050420166 0.02100840336134454 0.037815126050420166 0.02100840336134454 0.02100840336134454 0.02100840336134454 0.029411764705882353 0.037815126050420166 0.07142857142857142 
0.03932584269662921 0.07303370786516854 0.028089887640449437 0.028089887640449437 0.03932584269662921 0.1853932584269663 0.028089887640449437 0.028089887640449437 0.10674157303370786 0.03932584269662921 0.03932584269662921 0.028089887640449437 0.05056179775280899 0.05056179775280899 0.028089887640449437 0.03932584269662921 0.028089887640449437 0.03932584269662921 0.03932584269662921 0.06179775280898876 
0.041666666666666664 0.023148148148148147 0.032407407407407406 0.10648148148148148 0.023148148148148147 0.10648148148148148 0.041666666666666664 0.041666666666666664 0.06018518518518518 0.09722222222222222 0.05092592592592592 0.032407407407407406 0.08796296296296297 0.023148148148148147 0.023148148148148147 0.05092592592592592 0.023148148148148147 0.023148148148148147 0.06944444444444445 0.041666666666666664 
0.04430379746835443 0.06962025316455696 0.03164556962025317 0.04430379746835443 0.03164556962025317 0.04430379746835443 0.03164556962025317 0.03164556962025317 0.03164556962025317 0.03164556962025317 0.04430379746835443 0.03164556962025317 0.03164556962025317 0.12025316455696203 0.056962025316455694 0.10759493670886076 0.03164556962025317 0.04430379746835443 0.10759493670886076 0.03164556962025317 
0.034375 0.159375 0.015625 0.096875 0.015625 0.021875 0.071875 0.021875 0.196875 0.021875 0.028125 0.034375 0.059375 0.040625 0.028125 0.028125 0.015625 0.053125 0.021875 0.034375 
0.11946902654867257 0.030973451327433628 0.03982300884955752 0.022123893805309734 0.05752212389380531 0.084070796460177 0.022123893805309734 0.030973451327433628 0.022123893805309734 0.022123893805309734 0.022123893805309734 0.03982300884955752 0.030973451327433628 0.022123893805309734 0.048672566371681415 0.030973451327433628 0.022123893805309734 0.03982300884955752 0.2168141592920354 0.0752212389380531 
0.030120481927710843 0.04216867469879518 0.030120481927710843 0.15060240963855423 0.04216867469879518 0.030120481927710843 0.04216867469879518 0.06626506024096386 0.06626506024096386 0.030120481927710843 0.030120481927710843 0.05421686746987952 0.030120481927710843 0.04216867469879518 0.030120481927710843 0.04216867469879518 0.030120481927710843 0.15060240963855423 0.030120481927710843 0.030120481927710843 
0.03571428571428571 0.03571428571428571 0.03571428571428571 0.12142857142857143 0.03571428571428571 0.07857142857142857 0.03571428571428571 0.06428571428571428 0.05 0.06428571428571428 0.03571428571428571 0.03571428571428571 0.03571428571428571 0.05 0.05 0.05 0.03571428571428571 0.05 0.03571428571428571 0.06428571428571428 
0.032407407407407406 0.041666666666666664 0.023148148148148147 0.032407407407407406 0.032407407407407406 0.023148148148148147 0.023148148148148147 0.032407407407407406 0.16203703703703703 0.023148148148148147 0.2175925925925926 0.0787037037037037 0.05092592592592592 0.032407407407407406 0.06018518518518518 0.023148148148148147 0.023148148148148147 0.023148148148148147 0.023148148148148147 0.041666666666666664 
0.018796992481203006 0.018796992481203006 0.041353383458646614 0.02631578947368421 0.018796992481203006 0.041353383458646614 0.02631578947368421 0.02631578947368421 0.03383458646616541 0.018796992481203006 0.13909774436090225 0.39473684210526316 0.018796992481203006 0.018796992481203006 0.03383458646616541 0.03383458646616541 0.018796992481203006 0.03383458646616541 0.018796992481203006 0.018796992481203006 
0.030120481927710843 0.030120481927710843 0.0783132530120482 0.05421686746987952 0.05421686746987952 0.0783132530120482 0.06626506024096386 0.04216867469879518 0.030120481927710843 0.030120481927710843 0.04216867469879518 0.030120481927710843 0.1144578313253012 0.030120481927710843 0.04216867469879518 0.030120481927710843 0.04216867469879518 0.030120481927710843 0.1144578313253012 0.030120481927710843 
0.0514018691588785 0.02336448598130841 0.08878504672897196 0.02336448598130841 0.03271028037383177 0.03271028037383177 0.02336448598130841 0.0794392523364486 0.02336448598130841 0.03271028037383177 0.06074766355140187 0.03271028037383177 0.02336448598130841 0.03271028037383177 0.04205607476635514 0.04205607476635514 0.02336448598130841 0.03271028037383177 0.26635514018691586 0.03271028037383177 
0.040880503144654086 0.05345911949685535 0.18553459119496854 0.015723270440251572 0.015723270440251572 0.015723270440251572 0.015723270440251572 0.015723270440251572 0.015723270440251572 0.0220125786163522 0.02830188679245283 0.02830188679245283 0.015723270440251572 0.0220125786163522 0.19811320754716982 0.04716981132075472 0.19811320754716982 0.0220125786163522 0.0220125786163522 0.0220125786163522 
0.041304347826086954 0.03260869565217391 0.1108695652173913 0.24130434782608695 0.04565217391304348 0.07608695652173914 0.03260869565217391 0.015217391304347827 0.058695652173913045 0.02391304347826087 0.015217391304347827 0.08043478260869565 0.03260869565217391 0.02826086956521739 0.02391304347826087 0.01956521739130435 0.01956521739130435 0.03695652173913044 0.015217391304347827 0.05 
0.027472527472527472 0.027472527472527472 0.027472527472527472 0.027472527472527472 0.08241758241758242 0.04945054945054945 0.06043956043956044 0.1043956043956044 0.038461538461538464 0.038461538461538464 0.027472527472527472 0.027472527472527472 0.11538461538461539 0.038461538461538464 0.06043956043956044 0.06043956043956044 0.04945054945054945 0.038461538461538464 0.038461538461538464 0.06043956043956044 
0.03164556962025317 0.03164556962025317 0.056962025316455694 0.15822784810126583 0.03164556962025317 0.03164556962025317 0.04430379746835443 0.0949367088607595 0.04430379746835443 0.03164556962025317 0.03164556962025317 0.03164556962025317 0.13291139240506328 0.03164556962025317 0.04430379746835443 0.03164556962025317 0.03164556962025317 0.04430379746835443 0.03164556962025317 0.03164556962025317 
0.05172413793103448 0.16666666666666666 0.028735632183908046 0.06321839080459771 0.028735632183908046 0.06321839080459771 0.028735632183908046 0.028735632183908046 0.028735632183908046 0.06321839080459771 0.040229885057471264 0.10919540229885058 0.028735632183908046 0.028735632183908046 0.028735632183908046 0.028735632183908046 0.028735632183908046 0.040229885057471264 0.040229885057471264 0.07471264367816093 
0.03879310344827586 0.03879310344827586 0.021551724137931036 0.021551724137931036 0.021551724137931036 0.07327586206896551 0.021551724137931036 0.03017241379310345 0.021551724137931036 0.03017241379310345 0.22844827586206898 0.021551724137931036 0.04741379310344827 0.021551724137931036 0.08189655172413793 0.11637931034482758 0.09051724137931035 0.021551724137931036 0.03017241379310345 0.021551724137931036 
0.03888888888888889 0.03888888888888889 0.027777777777777776 0.10555555555555556 0.027777777777777776 0.05 0.027777777777777776 0.10555555555555556 0.027777777777777776 0.027777777777777776 0.03888888888888889 0.03888888888888889 0.10555555555555556 0.05 0.09444444444444444 0.05 0.027777777777777776 0.03888888888888889 0.027777777777777776 0.05 
0.020161290322580645 0.028225806451612902 0.020161290322580645 0.028225806451612902 0.04435483870967742 0.028225806451612902 0.05241935483870968 0.020161290322580645 0.036290322580645164 0.036290322580645164 0.04435483870967742 0.06048387096774194 0.29435483870967744 0.020161290322580645 0.020161290322580645 0.028225806451612902 0.04435483870967742 0.125 0.020161290322580645 0.028225806451612902 
0.041666666666666664 0.07738095238095238 0.02976190476190476 0.041666666666666664 0.02976190476190476 0.05357142857142857 0.02976190476190476 0.05357142857142857 0.02976190476190476 0.18452380952380953 0.041666666666666664 0.02976190476190476 0.02976190476190476 0.02976190476190476 0.041666666666666664 0.041666666666666664 0.02976190476190476 0.02976190476190476 0.10119047619047619 0.05357142857142857 
0.10283687943262411 0.01773049645390071 0.031914893617021274 0.01773049645390071 0.04609929078014184 0.0673758865248227 0.06028368794326241 0.2872340425531915 0.01773049645390071 0.05319148936170213 0.04609929078014184 0.031914893617021274 0.01773049645390071 0.031914893617021274 0.024822695035460994 0.024822695035460994 0.01773049645390071 0.01773049645390071 0.04609929078014184 0.03900709219858156 
0.02403846153846154 0.03365384615384615 0.052884615384615384 0.02403846153846154 0.02403846153846154 0.03365384615384615 0.03365384615384615 0.07211538461538461 0.02403846153846154 0.04326923076923077 0.07211538461538461 0.02403846153846154 0.052884615384615384 0.02403846153846154 0.0625 0.04326923076923077 0.23557692307692307 0.04326923076923077 0.02403846153846154 0.052884615384615384 
0.032407407407407406 0.032407407407407406 0.023148148148148147 0.023148148148148147 0.023148148148148147 0.023148148148148147 0.023148148148148147 0.023148148148148147 0.023148148148148147 0.023148148148148147 0.023148148148148147 0.023148148148148147 0.023148148148148147 0.032407407407407406 0.09722222222222222 0.06944444444444445 0.4027777777777778 0.023148148148148147 0.023148148148148147 0.032407407407407406 
0.05913978494623656 0.04838709677419355 0.05913978494623656 0.026881720430107527 0.08064516129032258 0.03763440860215054 0.03763440860215054 0.08064516129032258 0.06989247311827956 0.11290322580645161 0.026881720430107527 0.026881720430107527 0.03763440860215054 0.11290322580645161 0.03763440860215054 0.026881720430107527 0.026881720430107527 0.026881720430107527 0.026881720430107527 0.03763440860215054 
0.01592356687898089 0.07961783439490445 0.022292993630573247 0.01592356687898089 0.022292993630573247 0.028662420382165606 0.022292993630573247 0.03503184713375796 0.022292993630573247 0.04777070063694268 0.022292993630573247 0.01592356687898089 0.01592356687898089 0.01592356687898089 0.34076433121019106 0.041401273885350316 0.1751592356687898 0.022292993630573247 0.01592356687898089 0.022292993630573247 
0.04891304347826087 0.04891304347826087 0.04891304347826087 0.02717391304347826 0.04891304347826087 0.08152173913043478 0.02717391304347826 0.02717391304347826 0.03804347826086957 0.02717391304347826 0.08152173913043478 0.03804347826086957 0.02717391304347826 0.02717391304347826 0.059782608695652176 0.09239130434782608 0.09239130434782608 0.04891304347826087 0.03804347826086957 0.07065217391304347 
0.03684210526315789 0.02631578947368421 0.02631578947368421 0.03684210526315789 0.02631578947368421 0.02631578947368421 0.05789473684210526 0.02631578947368421 0.1736842105263158 0.12105263157894737 0.04736842105263158 0.02631578947368421 0.05789473684210526 0.02631578947368421 0.02631578947368421 0.02631578947368421 0.03684210526315789 0.08947368421052632 0.02631578947368421 0.07894736842105263 
0.028089887640449437 0.11797752808988764 0.03932584269662921 0.05056179775280899 0.03932584269662921 0.05056179775280899 0.028089887640449437 0.03932584269662921 0.08426966292134831 0.028089887640449437 0.06179775280898876 0.05056179775280899 0.06179775280898876 0.06179775280898876 0.03932584269662921 0.028089887640449437 0.05056179775280899 0.05056179775280899 0.05056179775280899 0.03932584269662921 
0.027472527472527472 0.027472527472527472 0.2692307692307692 0.038461538461538464 0.027472527472527472 0.07142857142857142 0.038461538461538464 0.038461538461538464 0.06043956043956044 0.027472527472527472 0.027472527472527472 0.027472527472527472 0.027472527472527472 0.027472527472527472 0.027472527472527472 0.027472527472527472 0.038461538461538464 0.04945054945054945 0.07142857142857142 0.04945054945054945 
0.024752475247524754 0.20297029702970298 0.10396039603960396 0.024752475247524754 0.034653465346534656 0.08415841584158416 0.04455445544554455 0.024752475247524754 0.034653465346534656 0.034653465346534656 0.024752475247524754 0.054455445544554455 0.04455445544554455 0.024752475247524754 0.024752475247524754 0.024752475247524754 0.034653465346534656 0.034653465346534656 0.09405940594059406 0.024752475247524754 
0.31196581196581197 0.021367521367521368 0.029914529914529916 0.021367521367521368 0.021367521367521368 0.04700854700854701 0.05555555555555555 0.021367521367521368 0.10683760683760683 0.021367521367521368 0.021367521367521368 0.029914529914529916 0.029914529914529916 0.021367521367521368 0.021367521367521368 0.038461538461538464 0.07264957264957266 0.0641025641025641 0.021367521367521368 0.021367521367521368 
0.04090909090909091 0.04090909090909091 0.022727272727272728 0.04090909090909091 0.05909090909090909 0.031818181818181815 0.022727272727272728 0.022727272727272728 0.031818181818181815 0.031818181818181815 0.022727272727272728 0.022727272727272728 0.29545454545454547 0.05 0.022727272727272728 0.022727272727272728 0.04090909090909091 0.07727272727272727 0.05 0.05 
0.04591836734693878 0.025510204081632654 0.03571428571428571 0.03571428571428571 0.025510204081632654 0.05612244897959184 0.0663265306122449 0.03571428571428571 0.025510204081632654 0.025510204081632654 0.17857142857142858 0.025510204081632654 0.03571428571428571 0.025510204081632654 0.03571428571428571 0.025510204081632654 0.1377551020408163 0.07653061224489796 0.05612244897959184 0.025510204081632654 
0.054455445544554455 0.034653465346534656 0.04455445544554455 0.034653465346534656 0.034653465346534656 0.04455445544554455 0.04455445544554455 0.06435643564356436 0.024752475247524754 0.17326732673267325 0.04455445544554455 0.07425742574257425 0.024752475247524754 0.09405940594059406 0.024752475247524754 0.034653465346534656 0.054455445544554455 0.024752475247524754 0.034653465346534656 0.034653465346534656 
0.0371900826446281 0.02066115702479339 0.0371900826446281 0.02066115702479339 0.0371900826446281 0.045454545454545456 0.06198347107438017 0.02066115702479339 0.0371900826446281 0.09504132231404959 0.0371900826446281 0.1859504132231405 0.07851239669421488 0.05371900826446281 0.0371900826446281 0.045454545454545456 0.028925619834710745 0.07024793388429752 0.028925619834710745 0.02066115702479339 
0.07553956834532374 0.11151079136690648 0.025179856115107913 0.03237410071942446 0.017985611510791366 0.039568345323741004 0.017985611510791366 0.03237410071942446 0.03237410071942446 0.017985611510791366 0.29136690647482016 0.03237410071942446 0.025179856115107913 0.017985611510791366 0.017985611510791366 0.039568345323741004 0.0539568345323741 0.03237410071942446 0.03237410071942446 0.0539568345323741 
0.021367521367521368 0.021367521367521368 0.029914529914529916 0.021367521367521368 0.021367521367521368 0.021367521367521368 0.021367521367521368 0.021367521367521368 0.021367521367521368 0.021367521367521368 0.021367521367521368 0.038461538461538464 0.021367521367521368 0.2264957264957265 0.021367521367521368 0.13247863247863248 0.029914529914529916 0.0811965811965812 0.1581196581196581 0.04700854700854701 
0.020491803278688523 0.020491803278688523 0.028688524590163935 0.1762295081967213 0.036885245901639344 0.045081967213114756 0.020491803278688523 0.036885245901639344 0.028688524590163935 0.020491803278688523 0.020491803278688523 0.028688524590163935 0.028688524590163935 0.020491803278688523 0.19262295081967212 0.036885245901639344 0.020491803278688523 0.0778688524590164 0.036885245901639344 0.10245901639344263 
0.02631578947368421 0.13157894736842105 0.04736842105263158 0.02631578947368421 0.04736842105263158 0.02631578947368421 0.03684210526315789 0.03684210526315789 0.02631578947368421 0.02631578947368421 0.05789473684210526 0.06842105263157895 0.03684210526315789 0.06842105263157895 0.1631578947368421 0.03684210526315789 0.04736842105263158 0.02631578947368421 0.03684210526315789 0.02631578947368421 
0.026041666666666668 0.026041666666666668 0.036458333333333336 0.046875 0.026041666666666668 0.036458333333333336 0.046875 0.026041666666666668 0.036458333333333336 0.19270833333333334 0.026041666666666668 0.026041666666666668 0.046875 0.16145833333333334 0.036458333333333336 0.026041666666666668 0.046875 0.06770833333333333 0.036458333333333336 0.026041666666666668 
0.017241379310344827 0.022167487684729065 0.022167487684729065 0.05172413793103448 0.022167487684729065 0.017241379310344827 0.046798029556650245 0.05172413793103448 0.017241379310344827 0.022167487684729065 0.21428571428571427 0.08620689655172414 0.23891625615763548 0.03201970443349754 0.027093596059113302 0.017241379310344827 0.017241379310344827 0.022167487684729065 0.04187192118226601 0.012315270935960592 
0.04741379310344827 0.2629310344827586 0.021551724137931036 0.10775862068965517 0.05603448275862069 0.04741379310344827 0.03017241379310345 0.03879310344827586 0.04741379310344827 0.03879310344827586 0.021551724137931036 0.021551724137931036 0.03017241379310345 0.021551724137931036 0.021551724137931036 0.03017241379310345 0.021551724137931036 0.05603448275862069 0.021551724137931036 0.05603448275862069 
0.030864197530864196 0.030864197530864196 0.043209876543209874 0.030864197530864196 0.06790123456790123 0.08024691358024691 0.043209876543209874 0.030864197530864196 0.030864197530864196 0.17901234567901234 0.030864197530864196 0.030864197530864196 0.043209876543209874 0.030864197530864196 0.030864197530864196 0.043209876543209874 0.043209876543209874 0.030864197530864196 0.030864197530864196 0.11728395061728394 
0.052123552123552123 0.02895752895752896 0.03667953667953668 0.0637065637065637 0.10617760617760617 0.06756756756756757 0.0444015444015444 0.12934362934362933 0.017374517374517374 0.032818532818532815 0.0444015444015444 0.06756756756756757 0.013513513513513514 0.025096525096525095 0.025096525096525095 0.017374517374517374 0.013513513513513514 0.10617760617760617 0.013513513513513514 0.0945945945945946 
0.04824561403508772 0.021929824561403508 0.021929824561403508 0.021929824561403508 0.021929824561403508 0.021929824561403508 0.12719298245614036 0.03070175438596491 0.021929824561403508 0.021929824561403508 0.021929824561403508 0.021929824561403508 0.03070175438596491 0.19736842105263158 0.04824561403508772 0.05701754385964912 0.04824561403508772 0.06578947368421052 0.12719298245614036 0.021929824561403508 
0.02295918367346939 0.08928571428571429 0.017857142857142856 0.02295918367346939 0.012755102040816327 0.04846938775510204 0.02295918367346939 0.017857142857142856 0.03316326530612245 0.03316326530612245 0.08418367346938775 0.03316326530612245 0.02295918367346939 0.16581632653061223 0.29846938775510207 0.012755102040816327 0.012755102040816327 0.012755102040816327 0.02295918367346939 0.012755102040816327 
0.023809523809523808 0.03333333333333333 0.023809523809523808 0.05238095238095238 0.09047619047619047 0.09047619047619047 0.03333333333333333 0.03333333333333333 0.04285714285714286 0.08095238095238096 0.023809523809523808 0.04285714285714286 0.04285714285714286 0.1761904761904762 0.023809523809523808 0.04285714285714286 0.023809523809523808 0.06190476190476191 0.023809523809523808 0.03333333333333333 
0.02976190476190476 0.041666666666666664 0.02976190476190476 0.07738095238095238 0.02976190476190476 0.05357142857142857 0.05357142857142857 0.02976190476190476 0.041666666666666664 0.02976190476190476 0.06547619047619048 0.02976190476190476 0.20833333333333334 0.05357142857142857 0.02976190476190476 0.05357142857142857 0.02976190476190476 0.02976190476190476 0.05357142857142857 0.02976190476190476 
0.02631578947368421 0.23684210526315788 0.03383458646616541 0.02631578947368421 0.041353383458646614 0.041353383458646614 0.018796992481203006 0.03383458646616541 0.07142857142857142 0.02631578947368421 0.10902255639097744 0.02631578947368421 0.10150375939849623 0.03383458646616541 0.04887218045112782 0.02631578947368421 0.018796992481203006 0.018796992481203006 0.02631578947368421 0.03383458646616541 
0.05339805825242718 0.024271844660194174 0.043689320388349516 0.03398058252427184 0.024271844660194174 0.043689320388349516 0.024271844660194174 0.03398058252427184 0.09223300970873786 0.12135922330097088 0.024271844660194174 0.024271844660194174 0.09223300970873786 0.024271844660194174 0.024271844660194174 0.03398058252427184 0.03398058252427184 0.13106796116504854 0.024271844660194174 0.09223300970873786 
0.18807339449541285 0.03211009174311927 0.05045871559633028 0.03211009174311927 0.04128440366972477 0.03211009174311927 0.05963302752293578 0.05045871559633028 0.04128440366972477 0.022935779816513763 0.03211009174311927 0.022935779816513763 0.04128440366972477 0.022935779816513763 0.04128440366972477 0.022935779816513763 0.03211009174311927 0.11467889908256881 0.05045871559633028 0.06880733944954129 
0.016339869281045753 0.12745098039215685 0.016339869281045753 0.09477124183006536 0.02287581699346405 0.016339869281045753 0.12091503267973856 0.016339869281045753 0.016339869281045753 0.016339869281045753 0.016339869281045753 0.016339869281045753 0.17320261437908496 0.06209150326797386 0.02287581699346405 0.016339869281045753 0.029411764705882353 0.12745098039215685 0.02287581699346405 0.049019607843137254 
0.027472527472527472 0.04945054945054945 0.038461538461538464 0.038461538461538464 0.038461538461538464 0.038461538461538464 0.027472527472527472 0.038461538461538464 0.027472527472527472 0.038461538461538464 0.038461538461538464 0.038461538461538464 0.06043956043956044 0.04945054945054945 0.038461538461538464 0.22527472527472528 0.07142857142857142 0.027472527472527472 0.027472527472527472 0.06043956043956044 
0.02100840336134454 0.029411764705882353 0.06302521008403361 0.029411764705882353 0.029411764705882353 0.029411764705882353 0.06302521008403361 0.02100840336134454 0.046218487394957986 0.029411764705882353 0.02100840336134454 0.037815126050420166 0.07983193277310924 0.046218487394957986 0.02100840336134454 0.27310924369747897 0.07142857142857142 0.029411764705882353 0.037815126050420166 0.02100840336134454 
0.025 0.025 0.255 0.035 0.025 0.065 0.035 0.025 0.065 0.035 0.025 0.155 0.035 0.025 0.025 0.025 0.025 0.025 0.045 0.025 
0.014112903225806451 0.04233870967741935 0.034274193548387094 0.010080645161290322 0.018145161290322582 0.02620967741935484 0.07056451612903226 0.014112903225806451 0.02217741935483871 0.03024193548387097 0.010080645161290322 0.2963709677419355 0.014112903225806451 0.02217741935483871 0.1350806451612903 0.010080645161290322 0.010080645161290322 0.11491935483870967 0.038306451612903226 0.06653225806451613 
0.043333333333333335 0.023333333333333334 0.016666666666666666 0.05 0.023333333333333334 0.09 0.03 0.023333333333333334 0.043333333333333335 0.07 0.023333333333333334 0.016666666666666666 0.11 0.03666666666666667 0.03 0.023333333333333334 0.043333333333333335 0.25 0.03 0.023333333333333334 
0.014367816091954023 0.031609195402298854 0.020114942528735632 0.05459770114942529 0.014367816091954023 0.05459770114942529 0.5086206896551724 0.020114942528735632 0.014367816091954023 0.014367816091954023 0.020114942528735632 0.02586206896551724 0.014367816091954023 0.014367816091954023 0.031609195402298854 0.02586206896551724 0.014367816091954023 0.04310344827586207 0.031609195402298854 0.031609195402298854 
0.024271844660194174 0.05339805825242718 0.043689320388349516 0.23786407766990292 0.024271844660194174 0.043689320388349516 0.03398058252427184 0.043689320388349516 0.0825242718446602 0.024271844660194174 0.043689320388349516 0.024271844660194174 0.06310679611650485 0.024271844660194174 0.03398058252427184 0.043689320388349516 0.024271844660194174 0.05339805825242718 0.043689320388349516 0.03398058252427184 
0.03216374269005848 0.02046783625730994 0.043859649122807015 0.038011695906432746 0.07309941520467836 0.06725146198830409 0.07309941520467836 0.038011695906432746 0.014619883040935672 0.06725146198830409 0.014619883040935672 0.06725146198830409 0.13157894736842105 0.02631578947368421 0.038011695906432746 0.02046783625730994 0.02046783625730994 0.14912280701754385 0.043859649122807015 0.02046783625730994 
0.02976190476190476 0.02976190476190476 0.041666666666666664 0.05357142857142857 0.02976190476190476 0.041666666666666664 0.05357142857142857 0.02976190476190476 0.02976190476190476 0.19642857142857142 0.041666666666666664 0.06547619047619048 0.07738095238095238 0.041666666666666664 0.05357142857142857 0.02976190476190476 0.041666666666666664 0.041666666666666664 0.041666666666666664 0.02976190476190476 
0.02 0.044 0.02 0.068 0.044 0.06 0.044 0.3 0.02 0.06 0.068 0.044 0.02 0.02 0.02 0.036 0.02 0.02 0.036 0.036 
0.018617021276595744 0.018617021276595744 0.023936170212765957 0.013297872340425532 0.05053191489361702 0.023936170212765957 0.02925531914893617 0.5132978723404256 0.018617021276595744 0.08776595744680851 0.013297872340425532 0.0398936170212766 0.018617021276595744 0.018617021276595744 0.018617021276595744 0.018617021276595744 0.013297872340425532 0.013297872340425532 0.034574468085106384 0.013297872340425532 
0.028409090909090908 0.23295454545454544 0.05113636363636364 0.08522727272727272 0.028409090909090908 0.03977272727272727 0.028409090909090908 0.05113636363636364 0.0625 0.03977272727272727 0.028409090909090908 0.028409090909090908 0.028409090909090908 0.03977272727272727 0.028409090909090908 0.03977272727272727 0.028409090909090908 0.028409090909090908 0.028409090909090908 0.07386363636363637 
0.0211864406779661 0.0211864406779661 0.0211864406779661 0.029661016949152543 0.029661016949152543 0.07203389830508475 0.0211864406779661 0.029661016949152543 0.0211864406779661 0.0211864406779661 0.1652542372881356 0.0211864406779661 0.0211864406779661 0.0211864406779661 0.1228813559322034 0.21610169491525424 0.07203389830508475 0.0211864406779661 0.029661016949152543 0.0211864406779661 
0.027472527472527472 0.08241758241758242 0.038461538461538464 0.027472527472527472 0.09340659340659341 0.038461538461538464 0.027472527472527472 0.04945054945054945 0.04945054945054945 0.027472527472527472 0.038461538461538464 0.027472527472527472 0.06043956043956044 0.13736263736263737 0.027472527472527472 0.027472527472527472 0.027472527472527472 0.08241758241758242 0.08241758241758242 0.027472527472527472 
0.0211864406779661 0.0635593220338983 0.0211864406779661 0.08898305084745763 0.029661016949152543 0.05508474576271186 0.046610169491525424 0.029661016949152543 0.13135593220338984 0.0211864406779661 0.0211864406779661 0.029661016949152543 0.1059322033898305 0.029661016949152543 0.0211864406779661 0.046610169491525424 0.038135593220338986 0.11440677966101695 0.0211864406779661 0.0635593220338983 
0.029605263157894735 0.03618421052631579 0.0756578947368421 0.023026315789473683 0.2598684210526316 0.029605263157894735 0.16776315789473684 0.049342105263157895 0.01644736842105263 0.023026315789473683 0.01644736842105263 0.029605263157894735 0.023026315789473683 0.023026315789473683 0.08881578947368421 0.01644736842105263 0.023026315789473683 0.01644736842105263 0.029605263157894735 0.023026315789473683 
0.03148148148148148 0.027777777777777776 0.03148148148148148 0.03518518518518519 0.3351851851851852 0.11296296296296296 0.08333333333333333 0.046296296296296294 0.05740740740740741 0.05740740740740741 0.024074074074074074 0.012962962962962963 0.020370370370370372 0.009259259259259259 0.016666666666666666 0.009259259259259259 0.009259259259259259 0.009259259259259259 0.046296296296296294 0.024074074074074074 
0.03273809523809524 0.03273809523809524 0.020833333333333332 0.020833333333333332 0.03869047619047619 0.044642857142857144 0.026785714285714284 0.03869047619047619 0.020833333333333332 0.15773809523809523 0.026785714285714284 0.03273809523809524 0.03869047619047619 0.03273809523809524 0.026785714285714284 0.01488095238095238 0.01488095238095238 0.020833333333333332 0.34226190476190477 0.01488095238095238 
0.014462809917355372 0.06818181818181818 0.01859504132231405 0.03512396694214876 0.030991735537190084 0.4524793388429752 0.026859504132231406 0.06818181818181818 0.03925619834710744 0.022727272727272728 0.010330578512396695 0.022727272727272728 0.022727272727272728 0.014462809917355372 0.010330578512396695 0.010330578512396695 0.01859504132231405 0.05991735537190083 0.014462809917355372 0.03925619834710744 
0.025714285714285714 0.025714285714285714 0.02 0.014285714285714285 0.04857142857142857 0.06571428571428571 0.054285714285714284 0.04285714285714286 0.3914285714285714 0.025714285714285714 0.025714285714285714 0.03142857142857143 0.025714285714285714 0.02 0.054285714285714284 0.04285714285714286 0.02 0.02 0.014285714285714285 0.03142857142857143 
0.076 0.02 0.028 0.028 0.036 0.06 0.028 0.028 0.028 0.052 0.02 0.036 0.044 0.124 0.092 0.028 0.084 0.132 0.028 0.028 
0.028735632183908046 0.028735632183908046 0.028735632183908046 0.028735632183908046 0.028735632183908046 0.028735632183908046 0.040229885057471264 0.040229885057471264 0.028735632183908046 0.05172413793103448 0.040229885057471264 0.028735632183908046 0.028735632183908046 0.06321839080459771 0.05172413793103448 0.07471264367816093 0.27011494252873564 0.040229885057471264 0.040229885057471264 0.028735632183908046 
0.036585365853658534 0.028455284552845527 0.028455284552845527 0.036585365853658534 0.02032520325203252 0.06097560975609756 0.24796747967479674 0.09349593495934959 0.06097560975609756 0.02032520325203252 0.036585365853658534 0.02032520325203252 0.06097560975609756 0.02032520325203252 0.02032520325203252 0.02032520325203252 0.028455284552845527 0.044715447154471545 0.06097560975609756 0.052845528455284556 
0.03731343283582089 0.03731343283582089 0.05223880597014925 0.03731343283582089 0.06716417910447761 0.06716417910447761 0.03731343283582089 0.05223880597014925 0.03731343283582089 0.03731343283582089 0.03731343283582089 0.03731343283582089 0.03731343283582089 0.05223880597014925 0.05223880597014925 0.08208955223880597 0.11194029850746269 0.05223880597014925 0.03731343283582089 0.03731343283582089 
0.03731343283582089 0.03731343283582089 0.03731343283582089 0.03731343283582089 0.03731343283582089 0.08208955223880597 0.09701492537313433 0.05223880597014925 0.03731343283582089 0.1417910447761194 0.03731343283582089 0.05223880597014925 0.03731343283582089 0.03731343283582089 0.03731343283582089 0.03731343283582089 0.05223880597014925 0.03731343283582089 0.03731343283582089 0.03731343283582089 
0.050387596899224806 0.05813953488372093 0.027131782945736434 0.03488372093023256 0.01937984496124031 0.04263565891472868 0.06589147286821706 0.04263565891472868 0.04263565891472868 0.04263565891472868 0.050387596899224806 0.16666666666666666 0.01937984496124031 0.01937984496124031 0.01937984496124031 0.04263565891472868 0.04263565891472868 0.12015503875968993 0.03488372093023256 0.05813953488372093 
