0.038268407184451916 0.015578164869458242 0.08453422204140452 0.015578164869458243 0.015578164869458186 0.015578164869458221 0.04201515235824694 0.03830843460979146 0.029855857966277245 0.015578164869458242 0.038656410737649395 0.015578164869458134 0.20361184761042772 0.015578164869458242 0.015578164869458242 0.015578164869458259 0.02538443790334255 0.015578164869458249 0.02726410726201739 0.015578164869458242 0.015578164869458254 0.015578164869458226 0.015578164869458249 0.015578164869458217 0.015578164869458259 0.08004557586762447 0.0331731641140583 0.025868891943847724 0.05109611065857911 0.03266674183094987 
0.03708033735484382 0.019705482998169016 0.011262729739736592 0.011262729739736542 0.011262729739736565 0.020308802533980957 0.04991504614663185 0.019984983721983287 0.026935208914151843 0.011262729739736604 0.03123564906015026 0.2511591772551306 0.02107600902641654 0.031162467922351146 0.011262729739736568 0.011262729739736549 0.011262729739736606 0.011262729739736565 0.022201648753548787 0.2066164757607633 0.027357236201505496 0.01126272973973659 0.019689837389485192 0.011262729739736629 0.03026072376067674 0.019711453451703668 0.011262729739736601 0.011262729739736639 0.019183973131934987 0.011262729739736585 
0.03729581725857167 0.011236424682237301 0.011236424682237293 0.011236424682237301 0.011236424682237296 0.01123642468223731 0.0362541074104424 0.011236424682237331 0.021291564249313027 0.011236424682237277 0.01123642468223732 0.011236424682237376 0.2133013569717294 0.011236424682237301 0.011236424682237293 0.01123642468223731 0.03443724930890763 0.01123642468223729 0.011236424682237317 0.011236424682237293 0.024266683084172104 0.011236424682237305 0.011236424682237308 0.011236424682237301 0.01123642468223729 0.02323408480482043 0.04534820069573929 0.3176926476456827 0.022149794925876688 0.0112364246822373 
0.014316816387823011 0.014316816387823058 0.13672843394816211 0.03894908160400068 0.014316816387823027 0.030226696373780528 0.014316816387823011 0.014316816387823015 0.014316816387823018 0.014316816387823023 0.014316816387822973 0.04741100489789498 0.014316816387823027 0.014316816387823122 0.014316816387823039 0.025125625309007842 0.11805439832677357 0.026376926489875427 0.014316816387823015 0.042298860846234965 0.1838826015053652 0.01431681638782305 0.033621264792292216 0.024405395780764866 0.014316816387823027 0.014316816387823027 0.01431681638782303 0.014316816387823028 0.01431681638782319 0.035217015145042774 
0.04394821373018266 0.09908017692064446 0.010458818016306468 0.018731546004814085 0.02466085340301046 0.017042521933876873 0.01045881801630646 0.16836453424993378 0.0175530382139446 0.010458818016306461 0.010458818016306454 0.010458818016306461 0.01045881801630646 0.018462933879129804 0.010458818016306501 0.01045881801630646 0.010458818016306447 0.010458818016306465 0.03344006105741196 0.017229369503765607 0.09886824413829301 0.07662502485932943 0.018916754162097846 0.01045881801630644 0.010458818016306467 0.01045881801630647 0.017229369503765468 0.12578601099594008 0.010458818016306447 0.057637895215558635 
0.031926921974527914 0.013784531488789076 0.013784531488789073 0.13281372288595292 0.013784531488789093 0.04734568772130407 0.10944801671038795 0.03294592637765397 0.013784531488789076 0.013784531488789071 0.03128012995738978 0.013784531488789083 0.02611989544184736 0.10895068753700907 0.013784531488789047 0.013784531488789048 0.03286927285895257 0.03772708756903657 0.022890408374041757 0.013784531488788929 0.01378453148878908 0.01378453148878907 0.013784531488789054 0.03676279695465889 0.01378453148878905 0.01378453148878899 0.033791181452742916 0.04259869807848232 0.03855341335431379 0.04099271190864773 
0.012280990414098077 0.12606482270232164 0.026934380533140713 0.0122809904140981 0.050232460381640844 0.012280990414098088 0.021841232733673215 0.04226602052542011 0.012280990414098088 0.19256167286811623 0.0122809904140981 0.012280990414098098 0.023270880537322614 0.012280990414098095 0.021389305370135312 0.08373590220601602 0.023314796778659722 0.012280990414098095 0.012280990414098103 0.02178196022223755 0.012280990414098103 0.012280990414098086 0.012280990414098093 0.020934991657137348 0.020011730596677095 0.02246465875750913 0.03446568425963686 0.02654450498799597 0.012280990414098095 0.08253211949909751 
0.03884961058636934 0.14671089993962214 0.07537859303083622 0.012897031921971074 0.021285174898557215 0.16397552234878046 0.012897031921971114 0.012897031921971057 0.03153256803081835 0.012897031921971043 0.012897031921971077 0.02158144828444975 0.01289703192197108 0.012897031921971126 0.10462888007687682 0.022031311834407135 0.012897031921971034 0.01289703192197107 0.030193035954803604 0.01289703192197109 0.012897031921971065 0.02396860279220313 0.028755489860804697 0.012897031921971098 0.02262022013273031 0.012897031921971084 0.04072580669605806 0.024317263578593706 0.02288712504649635 0.012897031921971067 
0.006079347025131147 0.05417593855996065 0.006079347025131142 0.06576115602396691 0.006079347025131127 0.010041516035133875 0.01990664192802958 0.006079347025131328 0.2147432309625273 0.03359926480206724 0.006079347025131136 0.014522666387977732 0.006079347025131134 0.006079347025131006 0.02548670829830981 0.011619987493249842 0.015229542022813375 0.02784239659618621 0.3338084741247437 0.01509997195420209 0.029061661364066585 0.011026117217985439 0.019584432366276234 0.009906225049323005 0.0060793470251311 0.0060793470251311104 0.006079347025131105 0.0060793470251311 0.0109793904431617 0.010731861093508053 
0.0120213671756469 0.01202136717564693 0.012021367175646547 0.061634027021333124 0.012021367175646898 0.012021367175646901 0.22817523612637414 0.035621986514869204 0.01202136717564691 0.0120213671756469 0.022453571573830294 0.05193534398486438 0.07729781124660827 0.07608751000000555 0.012021367175646922 0.023319348369782986 0.031788306698440856 0.012021367175646891 0.02022448373472927 0.01202136717564696 0.0991747087791027 0.03924360505625749 0.012021367175646891 0.012021367175646893 0.0202607955760654 0.012021367175646901 0.012021367175646893 0.012021367175646919 0.012021367175646882 0.020441390507382 
0.01020491941683506 0.010204919416835066 0.010204919416835058 0.010204919416835063 0.010204919416835061 0.010204919416835097 0.010204919416835058 0.010204919416835071 0.010204919416835063 0.01020491941683505 0.12817029032887198 0.010204919416835106 0.01020491941683509 0.010204919416835061 0.010204919416835073 0.010204919416835061 0.08608274782948785 0.12781888972005612 0.0200117390246036 0.04196602862675297 0.01790725750595621 0.022628883183376074 0.017488791902548012 0.0166287971282893 0.31719818641335745 0.010204919416835066 0.010204919416835082 0.010204919416835063 0.010204919416834756 0.01020491941683507 
0.015646147680948092 0.015646147680948092 0.01564614768094806 0.2976325782622195 0.015646147680948075 0.015646147680948057 0.02651133091194711 0.015646147680948092 0.05897577937355173 0.015646147680948096 0.015646147680948085 0.01564614768094809 0.015646147680948085 0.015646147680948085 0.03854343272924158 0.01564614768094526 0.01564614768094806 0.01564614768094808 0.038430911416159966 0.01564614768094808 0.015646147680948082 0.015646147680948068 0.04022252757523157 0.015646147680948144 0.027665502599649422 0.02744191895573466 0.015646147680948068 0.10201088195241671 0.029642182604894447 0.015646147680948075 
0.03032482397113455 0.017110239037146074 0.017110239037146063 0.034021869132319915 0.017110239037145904 0.037491513694344086 0.017110239037146088 0.10204945759617265 0.029004832835560386 0.01711023903714608 0.04793032307621745 0.0290278636555565 0.017110239037146063 0.028837573158194078 0.03164995374866525 0.03266081126299827 0.017110239037146095 0.11032512142171341 0.03873142072386459 0.01711023903714607 0.029032251016253813 0.01711023903714607 0.09106084733286034 0.03164177437662245 0.017110239037146077 0.03020673628116854 0.02941165305404323 0.03126830521655518 0.017110239037146053 0.01711023903714605 
0.006451239497998472 0.01051221949496727 0.006451239497998478 0.006451239497998478 0.011103692983633015 0.006451239497998475 0.010655786649100812 0.006451239497998486 0.010932187390797444 0.006451239497998457 0.09635117702688342 0.011314356905678754 0.0064512394979984785 0.025435447955878338 0.006451239497998515 0.020921675656163072 0.006451239497998474 0.2105885744330185 0.0064512394979984915 0.09106668726877222 0.01596726608883299 0.03995169538682711 0.01184508858236764 0.018219826457515936 0.25310614215514565 0.023715866520744956 0.0064512394979984785 0.00645123949799845 0.006451239497998386 0.054446195569698104 
0.04700041958693168 0.06933497693161148 0.10909621029242071 0.025518774660031662 0.04863527846270955 0.014223366132505352 0.029307599394318276 0.014223366132505244 0.09043473992409688 0.0373360105859911 0.014223366132505353 0.014223366132505353 0.026170315701583388 0.04630970144762028 0.033923166578712166 0.014223366132505355 0.01422336613250534 0.04004726134470369 0.014223366132505376 0.014223366132505397 0.024249715185748207 0.01422336613250538 0.07461225053945825 0.053782417129036524 0.014223366132505346 0.014223366132505357 0.0357947247567123 0.023542677755737703 0.014223366132505338 0.014223366132505334 
0.041773233117523664 0.02462289379874632 0.05249497155440712 0.024622893798746364 0.024622893798746354 0.02462289379874636 0.024622893798746347 0.024622893798746354 0.13818665356773058 0.02462289379874635 0.024622893798746347 0.02462289379874636 0.02462289379874636 0.02462289379874636 0.024622893798746364 0.024622893798746333 0.024622893798746364 0.02462289379874636 0.02462289379874636 0.02462289379874635 0.02462289379874636 0.024622893798746357 0.024622893798746364 0.02462289379874636 0.024622893798746368 0.024622893798746354 0.024622893798746364 0.02462289379874636 0.02462289379874636 0.12734990299293478 
0.014483957490460254 0.13568828556740492 0.014483957490460303 0.014483957490460303 0.01448395749046033 0.014483957490460293 0.014483957490460301 0.1413486256423683 0.026034385090206218 0.01448395749046031 0.014483957490460298 0.0310518038442706 0.060832468940232635 0.12061983969195086 0.014483957490460284 0.024972693550567818 0.014483957490460319 0.014483957490460287 0.025122821439008843 0.07262331783181446 0.014483957490460284 0.014483957490460293 0.014483957490460294 0.014483957490460289 0.028072284764871763 0.023601439745452476 0.014483957490460287 0.014483957490460286 0.014483957490460279 0.04932079906355578 
0.019482200103727153 0.07353771417108869 0.011590539386529077 0.011590539386529071 0.02697432157718859 0.01946311874087647 0.011590539386529057 0.03957651005801732 0.2645847676607802 0.03706252207634796 0.011590539386529077 0.02831788112287799 0.011590539386529057 0.07307544928081747 0.018886648702789454 0.011590539386529148 0.011590539386529064 0.011590539386529085 0.040079511704291575 0.028862726951374245 0.011590539386529056 0.011590539386529035 0.01943431376531581 0.011590539386529066 0.07834138667905069 0.011590539386529054 0.021329104062029546 0.020561265530348073 0.019184792914008625 0.03215929226072378 
0.049416756064698183 0.05594348801785663 0.021783378546296268 0.02178337854629629 0.013368232288623381 0.03418528400441125 0.013368232288623508 0.013368232288623423 0.024306443763169833 0.013368232288623525 0.013368232288623529 0.013368232288623478 0.02437817008689862 0.013368232288623515 0.01336823228862357 0.31476684216880824 0.013368232288623437 0.013368232288623508 0.042921530744919556 0.013368232288623536 0.01336823228862352 0.0508002555652019 0.013368232288623504 0.0133682322886235 0.013368232288623464 0.0235269402978444 0.013368232288622777 0.022997296843126735 0.021721968613986682 0.07757655011850727 
0.034160969066390184 0.20383051554214032 0.013785754432534068 0.02641570054246177 0.03430514497048201 0.013785754432534141 0.04905112230319831 0.035139499676243656 0.07336920443090279 0.013785754432534028 0.01378575443253409 0.013785754432534042 0.025365131033181835 0.013785754432534025 0.013785754432534015 0.034653005184927914 0.023746709223682855 0.01378575443253407 0.1041315340493258 0.03358407172750425 0.022886827575932255 0.024408406613106615 0.01378575443253406 0.025864341481086264 0.013785754432534048 0.022400398095900147 0.013785754432534048 0.013785754432534058 0.013785754432534048 0.047472610860590125 
0.050545139482536895 0.015465492100352005 0.015465492100352007 0.046659883693203834 0.015465492100351995 0.11296163416820877 0.015465492100351998 0.015465492100351998 0.04391562778623424 0.015465492100352021 0.015465492100351934 0.01546549210035199 0.027066913145241327 0.015465492100352 0.06697950250075932 0.01546549210035232 0.015465492100352038 0.015465492100351981 0.01546549210035201 0.03974044999530888 0.015465492100351978 0.058495985766157096 0.027362840650790657 0.059136745821342 0.027008842974774776 0.015465492100352024 0.03289073888580129 0.07726869719313693 0.04846091358730562 0.04952370284391761 
0.02583314220485086 0.37134210032721765 0.006474065440192923 0.010549414101461393 0.036345880227701875 0.006474065440192903 0.011529819906789572 0.09125555686082008 0.006474065440192905 0.016756137238861095 0.006474065440192889 0.006474065440192925 0.010803671085340477 0.016695890533170117 0.021080819697885687 0.01138192060167148 0.01140789528924946 0.006474065440192942 0.006474065440192948 0.04713460331331735 0.006474065440192925 0.006474065440192923 0.028362490345963075 0.006474065440192924 0.011048701257972011 0.021007581406058407 0.006474065440192932 0.011285079531994802 0.076950606060783 0.0980139701667547 
0.03977969418603674 0.02395520596057417 0.11047004535775372 0.04669001460539217 0.023955205960574162 0.07728657050020714 0.02395520596057417 0.023955205960574155 0.023955205960574155 0.04137924371795179 0.023955205960574166 0.023955205960574173 0.023955205960574176 0.023955205960574162 0.023955205960574173 0.02395520596057417 0.053461899049552744 0.023955205960574162 0.02395520596057417 0.023955205960574207 0.023955205960574186 0.02395520596057418 0.04238355166475039 0.02395520596057418 0.02395520596057417 0.02395520596057417 0.02395520596057417 0.02395520596057417 0.0615344497857244 0.02395520596057416 
0.07967126690036473 0.030249111133185954 0.00878431179796109 0.008784311797961075 0.008784311797961316 0.01559773140078214 0.008784311797961089 0.01548725496289278 0.008784311797961087 0.014709068653884154 0.008784311797961094 0.008784311797961098 0.008784311797961094 0.07250340947827316 0.00878431179796109 0.38681967393346317 0.08747851287789511 0.00878431179796108 0.018760536145905324 0.015373853152124469 0.05756877901057479 0.008784311797961094 0.008784311797961073 0.022635243394819583 0.008784311797961075 0.008784311797961087 0.016178871331556096 0.008784311797961039 0.01990286783381817 0.015299142821099981 
0.06699733789954958 0.1495221371391788 0.010466830785493307 0.023701049374252547 0.01730921089779762 0.010466830785493321 0.010466830785493281 0.010466830785493235 0.0942571358751546 0.010466830785493321 0.010466830785493327 0.07545592191866807 0.010466830785493327 0.010466830785493353 0.03740327635868105 0.010466830785493382 0.026579015814071252 0.01046683078549328 0.010466830785493255 0.11117833803628843 0.010466830785493325 0.010466830785493295 0.010466830785493283 0.010466830785493219 0.01046683078549331 0.027515111605341633 0.0824147659015921 0.02483937714067879 0.049708707323321395 0.04564932214753812 
0.027234084610661645 0.03114170466172194 0.01671327376832706 0.016713273768327066 0.016713273768327052 0.016713273768327052 0.042392813055969945 0.02929928200536642 0.029933276232073546 0.016713273768327045 0.0384772204217886 0.0679375162301804 0.044472144638651255 0.02825143180708447 0.016713273768327007 0.054738682738616866 0.037427171539674536 0.016713273768327055 0.029228467366924242 0.2172642475375574 0.016713273768327055 0.016713273768327055 0.028823112381402647 0.016713273768327132 0.02849055614453677 0.030902455871208274 0.01671327376832702 0.016713273768327045 0.016713273768327073 0.01671327376832708 
0.08107212578224778 0.012320318079190096 0.10465723152683193 0.021608716543670036 0.03821700566252503 0.01232031807919007 0.037674650948988336 0.02136781781011933 0.06972841354533367 0.032849511101892194 0.02249613742537806 0.05594277227526827 0.03129475558138787 0.012320318079190117 0.06375052348643181 0.012320318079189844 0.09423948243800674 0.012320318079190085 0.012320318079190117 0.030018379495664056 0.012320318079190108 0.012320318079190115 0.020075814568106202 0.028932736527795783 0.02160770437722761 0.0329933362705866 0.012320318079190113 0.01232031807919011 0.0559493857614482 0.012320318079190195 
0.02987210298293384 0.017621954961982416 0.01762195496198244 0.017621954961982423 0.017621954961982413 0.017621954961982416 0.01762195496198241 0.017621954961982406 0.017621954961982426 0.017621954961982413 0.01762195496198243 0.017621954961982426 0.017621954961982454 0.02902958756384716 0.029141785237533052 0.033218028625967434 0.017621954961982426 0.10439751568230836 0.017621954961982402 0.01762195496198242 0.032613507405658736 0.017621954961982433 0.14178808283261948 0.031017067897857995 0.017621954961982433 0.017621954961982423 0.017621954961982385 0.017621954961982406 0.16146638303361957 0.05501683949800837 
0.007188891640525704 0.007188891640525685 0.03216548426271887 0.028776045194188388 0.007188891640525691 0.007188891640525688 0.0720498467942552 0.007188891640525698 0.026692830349688945 0.01736500903268072 0.0071888916405256735 0.07095408977983285 0.029226423099745633 0.023641221538894898 0.007188891640525694 0.007188891640525679 0.007188891640525679 0.007188891640525696 0.012662895843624008 0.057068689531245 0.012000419675862567 0.007188891640525694 0.011714215054980952 0.162203969165004 0.007188891640525675 0.02001880523500972 0.03695724402176305 0.007188891640525708 0.27962573432984633 0.013421485763787322 
0.01174327798864702 0.0677705531843977 0.01174327798864701 0.02329256816130823 0.028283517990043767 0.011743277988647003 0.05494733787360989 0.02112321651458551 0.0208213179244473 0.01174327798864701 0.011743277988647018 0.011743277988647027 0.011743277988647029 0.029601888749717167 0.02055248441476369 0.3083290480909439 0.02025823987594864 0.01174327798864702 0.10630545736145197 0.04437712805911586 0.011743277988647034 0.011743277988647011 0.01174327798864701 0.011743277988647039 0.011743277988647008 0.011743277988647015 0.011743277988646897 0.01174327798864687 0.04341309842401604 0.02303169555730104 
0.016244289366575723 0.016244289366575727 0.1597466475154314 0.01624428936657573 0.016244289366575702 0.016244289366575806 0.026809466112998018 0.09207718924327166 0.02801431870613715 0.01624428936657573 0.01624428936657572 0.03206725443686249 0.07788581806543243 0.01624428936657572 0.016244289366575716 0.01624428936657573 0.016244289366575713 0.055876660503880245 0.01624428936657572 0.03992848654550893 0.14646408217238796 0.01624428936657574 0.016244289366575727 0.01624428936657572 0.016244289366575723 0.016244289366575706 0.016244289366575716 0.016244289366575727 0.01624428936657572 0.016244289366575723 
0.05159561194454952 0.020984826759791634 0.15177169492459863 0.020984826759791686 0.02098482675979164 0.02098482675979164 0.020984826759791634 0.02098482675979163 0.07558696425658168 0.02098482675979164 0.02098482675979164 0.06711888015402295 0.04913688608657263 0.02098482675979163 0.020984826759791627 0.020984826759791637 0.020984826759791634 0.020984826759791637 0.0209848267597916 0.020984826759791568 0.03577212898386369 0.02098482675979163 0.020984826759791627 0.020984826759791613 0.02098482675979164 0.03969268771576231 0.02098482675979161 0.038200766160293574 0.02098482675979163 0.050443017818130716 
0.01290492478810343 0.021893463698608825 0.012904924788103397 0.012904924788103728 0.012904924788103298 0.021586157683359693 0.021028424379636812 0.10557764633585275 0.012904924788103412 0.012904924788103407 0.012904924788103416 0.012904924788103461 0.13499421047403828 0.021028424379636833 0.02880479511674336 0.022337057977463676 0.012904924788103487 0.023425837759875008 0.03265698602003374 0.012904924788103476 0.021620507562710698 0.012904924788103405 0.02242159638690209 0.27507483513693815 0.031500198577941174 0.01290492478810342 0.012904924788113895 0.012904924788103447 0.012904924788108433 0.022475986688704264 
0.009626483756975711 0.009626483756975748 0.026225575455345252 0.009626483756975755 0.03273387837079797 0.3861724190238315 0.01662839460376138 0.00962648375697576 0.015686242969194207 0.01971464412952389 0.015858220824986283 0.009626483756975748 0.009626483756975758 0.009626483756975742 0.009626483756975774 0.009626483756975753 0.009626483756975763 0.009626483756975758 0.00962648375697579 0.019861808318736907 0.016409943363241086 0.00962648375697575 0.009626483756975748 0.01644440882227252 0.20723003627481384 0.00962648375697577 0.009626483756975763 0.009626483756975755 0.015686242969194186 0.04769796100567867 
0.1539625030617892 0.0161312469659327 0.02868875452120198 0.01613124696593266 0.016131246965932693 0.027819369837186476 0.028791672462550186 0.016131246965932676 0.01613124696593267 0.016131246965932666 0.016131246965932686 0.027764651088903053 0.06165545535805792 0.17189139467702078 0.016131246965932634 0.01613124696593267 0.01613124696593265 0.01613124696593267 0.01613124696593267 0.05922312020326235 0.01613124696593266 0.01613124696593266 0.02698284928842397 0.01613124696593267 0.01613124696593266 0.05985801163773771 0.029234689244854183 0.016131246965932676 0.01613124696593229 0.03376508323221435 
0.021806376343787078 0.01241417977299477 0.012414179772994763 0.032883121367008876 0.05961244171668601 0.012414179772994778 0.022088523659722772 0.01241417977299474 0.044020610242180326 0.021018055650147107 0.022565987384899504 0.012414179772994763 0.01241417977299476 0.012414179772994733 0.06661979437859225 0.012414179772994676 0.012414179772994784 0.012414179772994733 0.03841511540917043 0.012414179772994742 0.021806376343787032 0.01241417977299471 0.021034981560542284 0.2894966225114627 0.09102966298313897 0.012414179772994657 0.012414179772994745 0.0392339647516058 0.022155669102346395 0.012414179772994765 
0.007801938598963735 0.007801938598963746 0.0078019385989637514 0.0078019385989636725 0.15127598330105502 0.00780193859896376 0.007801938598963772 0.057281758396614466 0.007801938598963741 0.007801938598963777 0.0185355588983737 0.00780193859896383 0.007801938598963743 0.02483965921060516 0.007801938598963757 0.035385986812961255 0.012713167921297933 0.056901913305615726 0.007801938598963739 0.007801938598963731 0.007801938598963792 0.4120725071326749 0.007801938598963783 0.0078019385989637514 0.007801938598964695 0.007801938598963804 0.007801938598963764 0.06715275444258587 0.0078019385989637514 0.007801938598963735 
0.008667374317329574 0.02845479072120496 0.26748551014230654 0.005162769678852813 0.11377268800285438 0.03320430755030347 0.009356497208353937 0.0868616240192176 0.005162769678852855 0.005162769678852865 0.013926878372670244 0.04228989157823406 0.03561053834624381 0.020148629578612506 0.009733146350317872 0.05702261352591493 0.029095644924622497 0.005162769678852803 0.03226498996340853 0.03626918962181729 0.04014934055351365 0.005162769678852733 0.02431966409468073 0.009275098797549708 0.017557618394058536 0.0051627696788527555 0.0051627696788526965 0.01768010256292953 0.0051627696788527485 0.025551703943026877 
0.014678060954124824 0.08058257026365892 0.014678060954124782 0.055902498879502126 0.014678060954124793 0.014678060954124753 0.014678060954124768 0.023917729074876295 0.15386842763448974 0.014678060954124819 0.014678060954124685 0.014678060954124833 0.042662407442383185 0.051903657374443496 0.014678060954124751 0.014678060954124762 0.026232228059519816 0.02437728764988945 0.014678060954124801 0.06527438823123319 0.05391510177350246 0.01467806095412481 0.014678060954124801 0.03172560592210872 0.014678060954124814 0.03220795440854081 0.023917729074876257 0.0892761321372278 0.014678060954124765 0.0240653677618825 
0.017752925145833084 0.03500397344698478 0.017752925145832977 0.01775292514583308 0.046736922858344805 0.017752925145833088 0.04023024852769947 0.029767028611047613 0.017752925145833043 0.017752925145833105 0.01775292514583308 0.017752925145833084 0.017752925145833088 0.18625646268196672 0.03124362301615381 0.01775292514583308 0.01775292514583306 0.017752925145833088 0.017752925145833074 0.01775292514583308 0.029285254154705016 0.01775292514583307 0.03723361246340273 0.01775292514583308 0.031030295933357686 0.01775292514583274 0.042826285951627976 0.02920740856373873 0.12796919801893505 0.031409958292874914 
0.015938645527965086 0.01593864552796514 0.03240728379556053 0.027052919923243685 0.01593864552796514 0.11409451906745204 0.015938645527965117 0.09813317494756627 0.01593864552796516 0.01593864552796515 0.015938645527965135 0.01593864552796516 0.03152084593032913 0.027419042947146283 0.015938645527965128 0.04219424161716223 0.015938645527965138 0.015938645527965162 0.05295723165726263 0.0159386455279651 0.015938645527965162 0.03753646146027588 0.01593864552796515 0.015938645527965135 0.026696352703865955 0.0271700734145166 0.015938645527965135 0.01593864552796514 0.19592223303224365 0.015938645527965 
0.012080251897700935 0.01208025189770092 0.012080251897700919 0.020419961847753666 0.012080251897700909 0.012080251897700919 0.012080251897700947 0.012080251897700954 0.012080251897700931 0.012080251897700919 0.0120802518977009 0.012080251897700943 0.012080251897700936 0.012080251897700916 0.01208025189770092 0.012080251897700922 0.012080251897700917 0.1302379015775951 0.01208025189770097 0.07174016981667371 0.01208025189770093 0.019684629526236976 0.012080251897700948 0.019953465830749088 0.3714161126389039 0.012080251897700933 0.01968462952623699 0.030643629198623415 0.030817281164168576 0.043797180919026436 
0.01513694734762223 0.015136947347622248 0.028607247084934517 0.015136947347622226 0.015136947347622241 0.015136947347622243 0.026920433837098967 0.0751829239125286 0.015136947347622236 0.015136947347622236 0.027609059139402453 0.015136947347622288 0.01513694734762224 0.19289652348022535 0.06022328388127039 0.015136947347622236 0.015136947347622217 0.015136947347622236 0.025492801790267104 0.01513694734762224 0.058611553509472544 0.05174503720788958 0.01513694734762224 0.015136947347622269 0.02511055078782792 0.015136947347622252 0.12933208764438223 0.015136947347622522 0.015136947347622194 0.025803445467494218 
0.009910443479296411 0.03893098320364053 0.009910443479296423 0.04320119423258998 0.009910443479296422 0.00991044347929645 0.00991044347929644 0.009910443479296425 0.009910443479296446 0.04484531028227367 0.03137254950633459 0.00991044347929641 0.07034415719170402 0.3961687942881121 0.009910443479296384 0.00991044347929643 0.009910443479296413 0.009910443479296444 0.009910443479296429 0.016148952023738845 0.10998286423555456 0.022642387561261326 0.009910443479296425 0.009910443479296434 0.009910443479296418 0.009910443479296666 0.02191542934440293 0.009910443479296465 0.009910443479296422 0.016148952023739577 
0.3493324812768325 0.016206043047244444 0.03404578563713512 0.016206043047244448 0.016206043047244437 0.016206043047244434 0.016206043047244423 0.016206043047244417 0.01620604304724446 0.016206043047244437 0.016206043047244427 0.01620604304724444 0.016206043047244448 0.01620604304724447 0.0321132299846515 0.029891056613713645 0.028485137095270292 0.016206043047244448 0.016206043047244455 0.028521243422834488 0.01620604304724445 0.016206043047244448 0.02785891276725326 0.016206043047244417 0.016206043047244493 0.03957929674146918 0.02982470183001954 0.016206043047244444 0.053473932401009956 0.03895940433217545 
0.02307440312369786 0.009582616108853227 0.03027436276048609 0.016237089911487326 0.009582616108853243 0.009582616108853265 0.028700241904503078 0.017568833434370393 0.07782602362817402 0.03207790539728645 0.03242580491828994 0.00958261610885323 0.009582616108853241 0.009582616108853236 0.039617625513846844 0.22522734430101032 0.009582616108853274 0.009582616108853258 0.0469400248439449 0.017599860056576096 0.009582616108853257 0.009582616108853232 0.009582616108853225 0.009582616108853286 0.01884421226759622 0.009582616108853293 0.01852266380047274 0.03494560900639043 0.009582616108853229 0.20596136960792596 
0.012857001533379035 0.02173294754210183 0.012857001533379035 0.01285700153337908 0.012857001533379035 0.012857001533379006 0.03032269286944812 0.021732947542101838 0.012857001533378983 0.012857001533379042 0.01285700153337896 0.021219109013972778 0.012857001533379027 0.031656620157893715 0.030240214476554342 0.022472722614392763 0.012857001533379035 0.028375994792096213 0.022915813181488123 0.036232762811777376 0.012857001533379306 0.3275115573030631 0.012857001533379028 0.012857001533379028 0.1130636597623169 0.012857001533379056 0.012857001533379035 0.04791967347192776 0.022208658978234878 0.0295396024819712 
0.012251208321897791 0.012251208321897763 0.012251208321897765 0.03264137005705344 0.021498018085024422 0.012251208321897687 0.012251208321897768 0.012251208321897772 0.012251208321897758 0.012251208321897853 0.2133736508790952 0.01996320102490627 0.01225120832189777 0.012251208321897744 0.020784420604049315 0.01225120832189778 0.012251208321897782 0.01225120832189777 0.019963201024906244 0.01225120832189779 0.029859272421539153 0.1560401637058351 0.012251208321897768 0.012251208321897765 0.012251208321897761 0.012251208321897774 0.11602815510438334 0.12482438065525232 0.012251208321897774 0.012251208321897774 
0.074928887502732 0.07872378101373732 0.01464049011612032 0.014640490116120317 0.014640490116120317 0.014640490116120345 0.02728336828826488 0.014640490116120265 0.11180934351230451 0.03227116304923239 0.014640490116120336 0.01464049011612033 0.014640490116120343 0.053213696340486866 0.014640490116118983 0.03575478231108954 0.03625688759810529 0.014640490116120333 0.014640490116120293 0.0274852572575608 0.014640490116120349 0.01464049011612035 0.057514575247294475 0.014640490116120336 0.05314555087958579 0.0662128345970114 0.014640490116120366 0.051189448040374064 0.03969014531621805 0.03491292730419367 
0.01863991550301175 0.007437440739350353 0.0074374407393503535 0.017141952746089758 0.007437440739350339 0.007437440739350356 0.01715790322048407 0.07220964983662602 0.00743744073935037 0.00743744073935037 0.007437440739350344 0.007437440739350281 0.007437440739350347 0.007437440739350364 0.02309269896408665 0.030263302001752222 0.017731417353705148 0.03308499419884635 0.007437440739350358 0.007437440739350361 0.0074374407393503605 0.41138994167628773 0.00743744073935035 0.007437440739350325 0.051256993301332994 0.14449103519833603 0.0074374407393503475 0.018264124910774365 0.007437440739350382 0.01883957851970276 
0.015136548279625172 0.01513654827962514 0.015136548279625179 0.02684666964240006 0.01513654827962516 0.024664828822578398 0.015136548279625172 0.015136548279625104 0.015136548279625196 0.01513654827962514 0.047663311557673504 0.0583066234351054 0.015136548279625203 0.024854191812110054 0.015136548279625166 0.04561312843580047 0.0414574675870524 0.10910691417657116 0.015136548279625172 0.10973169752337392 0.01513654827962516 0.07947379566781586 0.015136548279625147 0.015136548279625166 0.13515867348368052 0.015136548279625213 0.015136548279625175 0.015136548279625163 0.02466482882257839 0.01513654827962515 
0.013751056494653623 0.013751056494653646 0.033370969429401945 0.013751056494653639 0.013751056494653628 0.0408693501349825 0.06051646189095331 0.013751056494653607 0.026424237844795043 0.02239455420467227 0.013751056494653625 0.23129614274250387 0.1693524986109923 0.02664957528683213 0.013751056494653613 0.013751056494653625 0.050293787730925986 0.013751056494653613 0.013751056494653632 0.013751056494653418 0.013751056494653408 0.013751056494653623 0.013751056494653625 0.013751056494653625 0.0638112922308865 0.013751056494653647 0.013751056494653642 0.013751056494653632 0.013751056494653625 0.013751056494653626 
0.014996106469081593 0.0149961064690815 0.045590706485526045 0.014996106469081514 0.026301805835388093 0.014996106469081548 0.014996106469081522 0.014996106469081536 0.014996106469081533 0.014996106469081543 0.014996106469081526 0.01499610646908156 0.05639816925833209 0.026305335090307035 0.055013575208850744 0.014996106469081534 0.2290549931279587 0.014996106469081567 0.01499610646908147 0.0804371988784737 0.01499610646908155 0.014996106469081632 0.048726553048066806 0.05686738946853545 0.01499610646908155 0.01499610646908154 0.014996106469081573 0.02544119535698286 0.02512400797755004 0.054809153820563845 
0.015588103465574996 0.015588103465574998 0.06458141831329894 0.015588103465574965 0.30136235490633034 0.015588103465574113 0.015588103465574984 0.015588103465574956 0.015588103465575 0.041444418047295324 0.02691317058031158 0.015588103465574984 0.04954096675962628 0.015588103465574979 0.01558810346557502 0.05379026184106013 0.0425227195800794 0.015588103465574984 0.015588103465574958 0.015588103465574984 0.015588103465574987 0.07690641372935761 0.015588103465574972 0.015588103465574989 0.015588103465574992 0.015588103465575013 0.015588103465574984 0.015588103465574966 0.015588103465574973 0.015588103465574996 
0.02471383944238658 0.013228294921510574 0.013228294921510805 0.013228294921510658 0.05257351975525894 0.02184973731927467 0.02225499242883721 0.01322829492151063 0.013228294921510623 0.03004433827154566 0.01322829492151067 0.023530184199639963 0.08232085823174512 0.06023174022283908 0.04930361766036681 0.013228294921510658 0.01322829492151066 0.013228294921510663 0.013228294921510666 0.02236056664178429 0.01322829492151064 0.013228294921510656 0.01322829492151066 0.013228294921510623 0.013228294921510656 0.06286175161860745 0.013228294921510649 0.04990155230588552 0.24160904375071848 0.04479153940693677 
0.011465005554129402 0.011465005554129395 0.011465005554129404 0.011465005554129399 0.011465005554129406 0.019544009687459684 0.0390973960141572 0.01146500555412938 0.019151606203290282 0.3671839312562343 0.03370609744654888 0.01146500555412941 0.12562285642196672 0.011465005554129394 0.01146500555412938 0.011465005554129395 0.026449347647138036 0.011465005554129392 0.011465005554129395 0.03519428536611259 0.041442757005867255 0.02057528514463836 0.011465005554129395 0.011465005554129402 0.011465005554129448 0.011465005554129408 0.04677541185889771 0.011465005554129383 0.011465005554129404 0.018886915973376852 
0.02341893470779746 0.03640858022156934 0.02010515796820154 0.012338325817878451 0.012338325817878451 0.01233832581787848 0.012338325817878446 0.012338325817878425 0.0321231213929003 0.021126056440157793 0.02413176391374318 0.012338325817878467 0.012338325817878467 0.03944427801083227 0.012338325817877433 0.021377320155803115 0.029880185010951455 0.012338325817878448 0.06350103857227578 0.28027540836925313 0.12052807605546735 0.012338325817878432 0.03090263646874955 0.012338325817878444 0.012338325817878451 0.021763862679440908 0.012338325817878472 0.022029026444691405 0.04024799213787714 0.012338325817878458 
0.013248256607624343 0.02158787957387199 0.013248256607624341 0.4065357810808061 0.013248256607624338 0.01324825660762435 0.027754350067493543 0.01324825660762433 0.013248256607624376 0.013248256607624338 0.033002565308408206 0.03263408394010629 0.013248256607624338 0.013248256607624334 0.013248256607624347 0.06718036373725278 0.013248256607624345 0.01324825660762434 0.01324825660762437 0.05431621355936741 0.02199272040313508 0.013248256607624362 0.013248256607624326 0.013248256607624301 0.013248256607624334 0.013248256607624334 0.02223111553247814 0.013248256607624338 0.04779979464461903 0.013248256607624334 
0.09642938780816859 0.013548662151331674 0.013548662151331634 0.013548662151331629 0.05333557935309087 0.15233561833954518 0.02298557704484609 0.013548662151331636 0.02846655105098668 0.022319434770069195 0.013548662151331612 0.01354866215133168 0.013548662151331171 0.013548662151331665 0.08983491650807325 0.031363621162394696 0.013548662151331613 0.013548662151331676 0.013548662151331695 0.03324607727287336 0.013548662151331655 0.013548662151331646 0.15900853418117528 0.03247084770776402 0.03432793607703888 0.01354866215133168 0.013548662151331672 0.013548662151331665 0.013548662151331712 0.013548662151331593 
0.01076306456828077 0.010763064568281225 0.010763064568281196 0.010763064568281197 0.025769918398919057 0.010763064568281144 0.010763064568281239 0.01831092767929568 0.010763064568281208 0.010763064568281182 0.010763064568281149 0.01076306456828127 0.022319115447548332 0.026401476897805653 0.01076306456828123 0.018434812790194426 0.3808578576003531 0.05772898872637752 0.0107630645682811 0.010763064568281038 0.07965643948326746 0.010763064568281177 0.019315570452800884 0.010763064568281218 0.019896479464069507 0.03296633288789058 0.010763064568281223 0.078084221007089 0.010763064568281277 0.03728576150360718 
0.00883255384814526 0.00883255384814537 0.018834068652608556 0.008832553848145257 0.015428775624212413 0.008832553848145255 0.020576731613897805 0.08498352035039831 0.008832553848145273 0.13481150559052527 0.008832553848145271 0.020519124301410136 0.008832553848145267 0.008832553848145257 0.008832553848145257 0.008832553848145129 0.008832553848145267 0.008832553848145304 0.022140729598070362 0.008832553848145255 0.008832553848145276 0.00883255384814525 0.008832553848145255 0.00883255384814526 0.348374475937348 0.017329969872975578 0.0769366993073814 0.01977488864895971 0.06130354123562124 0.008832553848145748 
0.010858291330266478 0.010858291330266473 0.01085829133026647 0.0638903926313404 0.010858291330266478 0.017693459038294154 0.018011488077858316 0.010858291330266468 0.01085829133026648 0.010858291330266489 0.010858291330266466 0.01938402064182147 0.010858291330266456 0.017693459038294144 0.019384466811783917 0.010858291330266483 0.01085829133026645 0.17664470819151232 0.021059965427609982 0.010858291330266473 0.09103645906585031 0.010858291330266478 0.22028011316130203 0.12861393263926987 0.010858291330266475 0.010858291330266473 0.010858291330266468 0.010858291330266473 0.010858291330266466 0.010858291330266463 
0.009862282565510003 0.00986228256550994 0.1748529900393622 0.009862282565509998 0.042027144134171864 0.009862282565510022 0.009862282565509995 0.00986228256550999 0.017260462446481967 0.009862282565509747 0.016670797548336513 0.034098474868608813 0.00986228256551001 0.022245485571281916 0.009862282565509998 0.009862282565509988 0.009862282565510007 0.024855727611468845 0.009862282565509996 0.009862282565509958 0.13447974306367141 0.023264620384160932 0.016670797548336502 0.009862282565510002 0.009862282565509967 0.016731560150777806 0.018168993648991095 0.26321970826502006 0.03765697367118697 0.009862282565509951 
0.014005629091573046 0.03790004242418385 0.014005629091573017 0.014005629091573048 0.014005629091573059 0.014005629091572758 0.014005629091573043 0.014005629091573055 0.01400562909157302 0.014005629091573038 0.014005629091573046 0.014005629091573064 0.014005629091573038 0.014005629091573038 0.014005629091573008 0.01400562909157306 0.02679807356569118 0.02626317482912647 0.014005629091573065 0.014005629091573065 0.014005629091573055 0.0377535904487932 0.19556493703109565 0.02571625935253632 0.014005629091572873 0.05177368409528089 0.023741837694333606 0.17478311285095635 0.11959270587653788 0.014005629091573008 
