0.28872814867170643 0.04014163646480391 0.07675536887358249 0.01679881031609185 0.021296800600326838 0.025648058357993327 0.1622991579956033 0.01743369091586542 0.016908540343663132 0.011504148914396085 0.01150414891439612 0.011504148914396144 0.011504148914396103 0.05807776759042423 0.019727838272010568 0.01749648215359086 0.011504148914396144 0.02115978561036366 0.02120134854313612 0.13880582071886338 
0.012670200846060218 0.19341527691632668 0.1657416389521823 0.009581703908933037 0.04501923687934296 0.016192524608034452 0.006749300121114364 0.010416056650221875 0.021133112836413722 0.006749300121114346 0.006749300121114345 0.019794116339776426 0.0578310238461945 0.009581703908933065 0.06069195563970183 0.026607424235688456 0.009876832268487668 0.2594483657138232 0.05208883767501005 0.009662088411535751 
0.028404138942796794 0.028404138942796617 0.028404138942796614 0.02840413894279663 0.028404138942796617 0.028404138942796617 0.05073098721425065 0.042124552362238575 0.09298441801310985 0.041833618577421856 0.2132033109309435 0.04123286866272568 0.06056176099136473 0.028404138942796617 0.028404138942796642 0.04975725220270634 0.05203758796491564 0.028404138942796617 0.05923390955333553 0.040662483041802346 
0.022095130221454304 0.2001049574735137 0.013547664801044263 0.008433780807679071 0.012257549292161647 0.15683046203750944 0.3832227607202494 0.008433780807679073 0.00843378080767884 0.008433780807679028 0.013562228809381426 0.00843378080767903 0.06054604372597745 0.008433780807679023 0.021248657319146533 0.008433780807678991 0.008433780807679038 0.018502877470185523 0.0147781927964028 0.015833228871516655 
0.2536346926048228 0.02119732150325741 0.013466622870069351 0.019051631301049192 0.02892627591400292 0.013466622870069462 0.013466622870069438 0.013466622870069623 0.020911324798427486 0.19229815319553317 0.044530082218095866 0.036438779212986945 0.025414610807523892 0.013466622870069445 0.013466622870069382 0.045257808767553885 0.05749236554527208 0.10776613191237878 0.026638004553651 0.039643080445037227 
0.07134686763190337 0.03554070345961707 0.06419842872126612 0.024309024406805456 0.024309024406805477 0.024309024406805477 0.22068047422116766 0.02430902440680542 0.041366894676509745 0.07022328407527724 0.06376730256246897 0.04939645918665038 0.024309024406805487 0.02430902440680546 0.024309024406805425 0.024309024406805452 0.08840626359163899 0.05198307780545708 0.024309024406805418 0.024309024406805463 
0.01643895411068188 0.006924575157005976 0.015928591900301617 0.006924575157005926 0.06457644555590977 0.0069245751570058455 0.025497512446426212 0.006924575157005978 0.06348598219769626 0.022431800050999144 0.15693789926043286 0.025852306283936 0.006924575157005742 0.014900829841992631 0.18778081607565042 0.013713123841879313 0.020042775220736306 0.013104900430690826 0.31110604515985757 0.013579141837718042 
0.04115201675584295 0.021934634971818617 0.021934634971818634 0.29962989488528163 0.13083034024463905 0.02193463497181856 0.021934634971818582 0.03242245470085682 0.02193463497181859 0.034187737343381264 0.06233724127791089 0.0559164823326022 0.02193463497181859 0.02193463497181865 0.046056397367029996 0.021934634971818582 0.021934634971818613 0.05618645040245403 0.0219346349718186 0.021934634971818592 
0.028620712659276428 0.052890360352318165 0.04334289357738221 0.04911415837565229 0.04546575400229052 0.21936717793522442 0.028620712659276435 0.05063522931210826 0.028620712659276338 0.028620712659276428 0.028620712659276307 0.02862071265927645 0.02862071265927644 0.04063164912550361 0.12964791933260064 0.04063164912550368 0.028620712659276428 0.02862071265927644 0.028620712659276445 0.04206608226864804 
0.015497516865251304 0.015497516865251276 0.015497516865251328 0.07540101162477766 0.015497516865251311 0.015497516865251292 0.015497516865251292 0.015497516865251281 0.015497516865251304 0.015497516865251314 0.015497516865251287 0.015497516865251292 0.023988974689569578 0.01549751686525131 0.03025074900160252 0.02491186716686427 0.5876609283802393 0.015497516865251292 0.04082123302344548 0.0154975168652513 
0.6355102275873546 0.011958505623808555 0.03878335103032947 0.012401020280785482 0.019771372978390055 0.021702893937754132 0.008174215326407932 0.008174215326407929 0.031060237865102997 0.012412119961270129 0.015369343620730226 0.012401020280785463 0.008174215326407927 0.028725974739399272 0.06338193291028366 0.008174215326407908 0.012416407346096841 0.019947793762358862 0.008174215326407934 0.023286721443542425 
0.07644173927330035 0.010232795629425515 0.0401441432020867 0.014984360539132505 0.03110942171485387 0.07011613774250232 0.010232795629425504 0.05118614772560254 0.019334217409266236 0.24062105353568505 0.041859578237671106 0.22151697962828185 0.023175331329425952 0.010232795629425447 0.024690989018883877 0.020243547249899865 0.015678794483866013 0.022781950423779482 0.0347364877827556 0.020680733814729044 
0.04915119543687184 0.03462183474545866 0.03462183474545866 0.03462183474545866 0.06409290391476165 0.03462183474545866 0.03462183474545867 0.034621834745458664 0.054672224355520625 0.06092045073301948 0.03462183474545871 0.1501127577227396 0.03462183474545866 0.06553144844662338 0.03462183474545867 0.034621834745458664 0.07840168610839926 0.03462183474545865 0.061655316336557034 0.03462183474545866 
0.014749479550882499 0.1264217038574042 0.020939229746992433 0.2521837778823278 0.014749479550882457 0.031620020458431236 0.029158844641867798 0.014749479550882467 0.014749479550882504 0.014749479550882485 0.014749479550882473 0.014749479550882478 0.014749479550882514 0.01474947955088245 0.014749479550882448 0.0230923233952664 0.014749479550882494 0.014749479550882474 0.022076569586970154 0.31751377582013113 
0.02983328912806257 0.06886572401929184 0.02983328912806257 0.04761521904833956 0.02983328912806257 0.0778386098337102 0.02983328912806257 0.029833289128062563 0.02983328912806257 0.02983328912806258 0.029833289128062546 0.044132393512416164 0.029833289128062553 0.02983328912806257 0.0604392219818285 0.26856795282598156 0.029833289128062525 0.029833289128062632 0.02983328912806257 0.04470812011359874 
0.07168035220548157 0.05169245621092728 0.03288862804286169 0.023965771265456532 0.05803198215535396 0.03156574708703368 0.008262598276536085 0.01815905466137611 0.396547401466366 0.015382638195410678 0.008262598276536214 0.00826259827653608 0.09905247675075644 0.012235101458701792 0.008262598276536089 0.008262598276536552 0.012582635609383844 0.047806162060700715 0.06988985718969071 0.01720674425781391 
0.01993681661012409 0.013627775662019465 0.029568825836485665 0.5009923040357873 0.02363110740575928 0.033769596716050655 0.02050964442967055 0.01362777566201948 0.019509100341690733 0.01362777566201949 0.033083246252781216 0.04715335595420011 0.03464920198980783 0.04453299459943228 0.06353936530433259 0.013627775662019498 0.028010993700907184 0.013627775662019507 0.019346792850763815 0.013627775662019488 
0.11114112406991142 0.013208617895336937 0.10870665751506353 0.009028727354174473 0.031249296379497856 0.038030137870119496 0.02101242023909912 0.01718272194388064 0.11609543691984486 0.017692032518050436 0.018245957138876986 0.013458729332632105 0.3616344216488285 0.009028727354174511 0.03153843946373326 0.009028727354174468 0.009028727354174473 0.03332241941644914 0.009028727354174421 0.0223379508778025 
0.022456005335551935 0.009211519763455873 0.018284498190747685 0.00921151976345581 0.015344572182378322 0.014030413594203385 0.013865890126881516 0.009211519763455694 0.12019603576008346 0.18630080362804569 0.3444788211132841 0.013802952543444364 0.013518557648468224 0.023118226821979178 0.009211519763455762 0.009211519763455758 0.13091862565666587 0.013538885380033236 0.009211519763455609 0.014876593437519323 
0.0433829435488696 0.12287336099022013 0.03852617379229937 0.006065330145739514 0.015365728792524133 0.04032421678224515 0.42592336933936187 0.0724304915070864 0.01305339719502291 0.016513879066798836 0.00606533014573928 0.009089494206298466 0.010007069939165376 0.006065330145739528 0.03854862399802189 0.013079225402873224 0.011591103922049794 0.09052064824165305 0.011208098441990983 0.009366184396291298 
0.020806892091447038 0.17156538939798466 0.0954087916583943 0.019513004357955888 0.21832510019717366 0.2755883233305998 0.012548405382706854 0.020300421992222675 0.01391663768370278 0.011214721655472028 0.007288120340567695 0.007288120340567664 0.0117875890488928 0.04071933856702367 0.020607288642383988 0.007288120340567614 0.007288120340567646 0.0181126807345147 0.013144813556602753 0.007288120340567636 
0.12250400242640573 0.026355546610136033 0.014691986646404262 0.02523228604463983 0.021493708927429776 0.02817132013535613 0.07167486697905494 0.014691986646404295 0.36462508136094474 0.014691986646404316 0.022189001044474153 0.014691986646404285 0.01469198664640429 0.08918268868044629 0.02814853156233798 0.02256266375631126 0.014691986646404285 0.022220525681328818 0.032933687063132565 0.03455416984957541 
0.03992574269469022 0.039256681468284094 0.012700234304140608 0.01853229504103687 0.036106780268141146 0.018024193061937765 0.006505346691578427 0.0466433713227772 0.01738620180755581 0.057274220184018274 0.012569267714041607 0.006505346691578472 0.015210395844336243 0.03895484157475966 0.009235373254282015 0.010488300661658075 0.45928452918439816 0.12045486403897857 0.016654909814159628 0.018287104377652446 
0.06051462215890682 0.010487420585276226 0.01048742058527453 0.01048742058527623 0.01528899476465172 0.015131504696299576 0.020815469781824195 0.018071856236676936 0.01048742058527624 0.016442921996020935 0.2178408052990002 0.02734493941229676 0.010487420585276266 0.01048742058527624 0.026834067382305732 0.4263868222822506 0.047833901711676646 0.023594729595865067 0.010487420585276259 0.010487420585276266 
0.015307640101928017 0.00996144626489109 0.009961446264891052 0.0247141471029315 0.03943437272654402 0.014894261193255515 0.009961446264891025 0.015902024638535562 0.014791812188224174 0.020761581744134415 0.14730176939643752 0.021296755489422392 0.014111348995460859 0.00996144626489109 0.22629847403618314 0.014609768952143875 0.014739308318324089 0.022325276350211816 0.34370422744183227 0.009961446264891134 
0.01551788277688868 0.010930712230405065 0.14040686573784003 0.010930712230405024 0.021750186613796657 0.023827898775362007 0.010930712230404956 0.027467313069726693 0.016603450021338194 0.035348015070838484 0.010930712230404984 0.02050365062198153 0.016417633351611668 0.01691498233066487 0.01093071223040495 0.03518929156963928 0.29657264481074136 0.11410286059435477 0.14325097031690284 0.02147279318628181 
0.033819761704809756 0.2290246550970953 0.15468703268303363 0.24500357847600296 0.014558905105073464 0.04296649170479673 0.019010634304034102 0.007640344027415779 0.0190413753231917 0.012033777113335944 0.020763212907505896 0.011005083319000481 0.007640344027415817 0.07968393405350922 0.0149306708339148 0.012530414291822644 0.029905095726231384 0.007640344027415733 0.01677729567104877 0.021337049603327746 
0.04578210154283284 0.03090663922545922 0.03090663922545921 0.030906639225459165 0.03090663922545919 0.046199708913827325 0.03090663922545924 0.03090663922545919 0.0309066392254592 0.030906639225459213 0.03090663922545922 0.0309066392254592 0.03090663922545919 0.03090663922545919 0.030906639225459193 0.04387688509392745 0.04790818660734234 0.11933478254711097 0.0309066392254592 0.2642053861385292 
0.013390155597161281 0.015505911693387288 0.006917474521841466 0.01660365311001268 0.03748208591258738 0.00691747452184136 0.02227430700817285 0.010390431783086865 0.20705246433209745 0.0805181019520973 0.39001893706862406 0.022687930746445557 0.009820454191764406 0.010167149078055947 0.006917474521841619 0.01131650347353856 0.08296862073242217 0.012934841418704933 0.015227415028692097 0.020888613307599512 
0.21635894774693634 0.024975355222543173 0.024975355222543218 0.024975355222543252 0.024975355222543152 0.024975355222543155 0.10546999105168926 0.036708217576115774 0.024975355222543173 0.06403754116915304 0.02497535522254321 0.024975355222543186 0.06192581983095147 0.04611719464440875 0.036537809925377175 0.024975355222543173 0.077775905402529 0.024975355222543183 0.02497535522254318 0.08033966520487197 
0.02603174934477659 0.04773068173658416 0.03710444804181461 0.03805939179273565 0.03960922632493093 0.04218101915193769 0.02603174934477658 0.07684213496654269 0.040802049126649274 0.24547155845869376 0.03853196786377135 0.026031749344776766 0.026031749344776603 0.026031749344776617 0.026031749344776645 0.02603174934477659 0.10715739018248371 0.02603174934477659 0.026031749344776627 0.052224388250856874 
0.03029357120482884 0.028676194920795095 0.0234656273295652 0.013532345290679638 0.013532345290679622 0.013532345290679563 0.020572342064355587 0.013532345290679586 0.022193489222966652 0.020916719179459503 0.03289054489315294 0.020437618888154947 0.013532345290679605 0.01353234529067958 0.021239679145548012 0.6295908919042963 0.027932213630741016 0.013532345290679568 0.013532345290679598 0.0135323452906796 
0.08482326703414131 0.005571575836150575 0.2942281488121088 0.007919598361659052 0.008158718704390349 0.02371025461352304 0.07336743770683052 0.0055715758361505755 0.11707541267284488 0.005571575836150605 0.0055715758361506015 0.0055715758361505 0.00790973715943524 0.005571575836150514 0.026161044830551365 0.005571575836150567 0.012746582041242863 0.11163331555890288 0.005571575836150618 0.18769387581513575 
0.03067702957219628 0.03067702957219631 0.030677029572196302 0.27271086196542044 0.0306770295721963 0.030677029572196313 0.030677029572196313 0.0460185884511185 0.04675552938532095 0.04601858845111817 0.030677029572196302 0.0571415166926346 0.04473776020182743 0.0306770295721963 0.030677029572196337 0.030677029572196302 0.030677029572196313 0.0437256150081656 0.056711875259628626 0.048732339290594374 
0.01122493560919044 0.017445331660608535 0.08308850197442304 0.023602948986298385 0.011224935609190492 0.02709475354795019 0.03779737768937391 0.024111284056158852 0.025666467982119915 0.03215650665748452 0.011224935609190526 0.01122493560919051 0.017968411295178822 0.026731253297388322 0.26135584954771013 0.01122493560919052 0.054544087790123076 0.011224935609190531 0.2732228869606161 0.027864724899420767 
0.021664396755421707 0.05285774094410918 0.10645913304198276 0.016389637808904844 0.016545192582424633 0.48656432179158904 0.007436073012626552 0.01113129172409765 0.027095006218337405 0.029131086939197404 0.04457489550003819 0.010929373521502351 0.007436073012626617 0.017748834888999906 0.02798667809011152 0.04051406468105169 0.03086788658982855 0.011222140516575514 0.015302206979244061 0.018143965401293816 
0.024557800563906138 0.023258644750588406 0.01209285205508856 0.012092852055088619 0.01209285205508856 0.018140478060749213 0.019677166572049015 0.012092852055088508 0.024348537767352175 0.017311751382689526 0.01939303731058778 0.037492092621389736 0.021957262837618327 0.47513511906515654 0.15725462683198693 0.012092852055088605 0.025790379514197007 0.05103313833609708 0.012092852055088602 0.012092852055088645 
0.1333608261903489 0.02172183758890941 0.016655723976586063 0.015454834696555685 0.06163118799365749 0.04174824701187248 0.03311096859823666 0.034022203165829504 0.31000387928277684 0.011488285565690586 0.028106576805761167 0.007977312976970283 0.18854446625520874 0.021759744673668053 0.011985909819775984 0.012905462367891205 0.013444993449817358 0.016638362695489798 0.011461863907969182 0.007977312976970225 
0.049229327632691965 0.016497301296949422 0.019059230320885658 0.010137671402242528 0.029124868559317525 0.010137671402242542 0.029848713306497993 0.029331149084628753 0.014392035316145685 0.25151600822156334 0.10189894126444096 0.0167588195458838 0.014776695673437343 0.010137671402242733 0.01671952501382267 0.023192921590529835 0.27238820054362817 0.03170998633214625 0.030700263480777076 0.022442998609904716 
0.43815421513116454 0.006564363382113255 0.06808492762156836 0.016096889502187135 0.026705312340655835 0.015761565224197693 0.006931925337251552 0.0066745952857305045 0.06145357058500828 0.010777923729280324 0.012105028892994548 0.00448793527245455 0.011157944020710138 0.0044879352724546025 0.02501144453553109 0.006735974787421599 0.004487935272454471 0.18030920083235802 0.006927168211286764 0.08708414476312676 
0.01959453460845249 0.019594534608452095 0.0278175552253454 0.027817555225345136 0.019594534608452095 0.03519364381988113 0.4436380293573364 0.019594534608452088 0.019594534608452105 0.07680099958008865 0.05322564783961572 0.01959453460845209 0.01959453460845209 0.029788293152301776 0.0195945346084521 0.027817555225345368 0.0404601019442927 0.01959453460845208 0.02939374628548789 0.031696060868953456 
0.013665131834805885 0.07143222256980201 0.013665131834805793 0.40808226518049595 0.08248924699532151 0.041708429980892726 0.013665131834805888 0.013665131834805853 0.02008470462696715 0.03397764347093807 0.12341517604421609 0.013665131834805702 0.01366513183480583 0.013665131834805864 0.05482872911368168 0.01366513183480583 0.013665131834805855 0.013665131834805836 0.013665131834805885 0.013665131834805864 
0.3395348449190613 0.02272823521112109 0.013058275834833105 0.07835350592525485 0.022643571954811745 0.013058275834833074 0.09958583582871845 0.013058275834833034 0.01305827583483305 0.013058275834833096 0.03770844894745001 0.01305827583483311 0.02390835540687716 0.09718504604333886 0.02529927470532956 0.013058275834833101 0.02428904544368968 0.01305827583483311 0.02096570710039045 0.10333192183528617 
0.07559781593524384 0.03063233831618649 0.03063233831618649 0.030632338316186468 0.030632338316186506 0.0807069980548499 0.0306323383161865 0.03063233831618649 0.030632338316186516 0.030632338316186506 0.030632338316186513 0.030632338316186485 0.04604249113622544 0.10407784504574819 0.05883143307838907 0.03063233831618649 0.03063233831618649 0.20589068032293054 0.030632338316186506 0.030632338316186523 
0.01267527454899031 0.08515007351624782 0.0926227799004464 0.0393416383568958 0.012675274548990293 0.012675274548990277 0.012675274548990288 0.01267527454899031 0.025148294099636488 0.012675274548990291 0.012675274548990274 0.012675274548990294 0.029306804331836717 0.09353719447247366 0.012675274548990338 0.012675274548990314 0.012675274548990256 0.018898751910512435 0.03413854963957465 0.4424278937334793 
0.014785032559395452 0.007091165019994496 0.010698037076997728 0.016764474682702844 0.035075723911227076 0.04057633647199884 0.019715896641057457 0.007091165019994501 0.11091396870084648 0.03512547001387111 0.47057390652619435 0.015222100769067753 0.011798645252128584 0.021485570390843707 0.010325273322028953 0.017472856100248204 0.09733007798605431 0.023161835918822312 0.027701298616534364 0.007091165019994496 
0.04388430083177608 0.03046693478262809 0.030466934782628078 0.030466934782628064 0.1048168804744238 0.048111115603985864 0.03046693478262809 0.1078483244221144 0.030466934782628064 0.030466934782628078 0.06096169552826253 0.03046693478262806 0.04325265477329466 0.03046693478262811 0.03046693478262808 0.03046693478262809 0.030466934782628022 0.195054876191982 0.03046693478262809 0.03046693478262809 
0.029110085361048085 0.03423476444727636 0.015738123033977865 0.01778911138261844 0.03043364613030675 0.11552413466300009 0.40168876827413946 0.042658199455497196 0.011085848269671099 0.030758363862678165 0.036337899482599086 0.02499755539726859 0.015738123033977803 0.0162335253600863 0.08486225967882764 0.03290387934741333 0.021104143822948094 0.01662987245726921 0.01108584826967033 0.011085848269670356 
0.05740619713167054 0.029890018661717966 0.029890018661717973 0.07695273286695554 0.029890018661717973 0.029890018661717966 0.15157709914824422 0.04243363067425397 0.045108485203856574 0.029890018661717963 0.05004563006178587 0.05805347796579841 0.14537195938086245 0.044260582287672906 0.029890018661717987 0.029890018661717987 0.029890018661717966 0.029890018661717883 0.029890018661717966 0.029890018661717973 
0.011947076071759993 0.11899947424533 0.00841545540797986 0.06855748602131603 0.008415455407979859 0.012815885221099683 0.06510114015275946 0.020023065327746867 0.008415455407979855 0.017794349431318496 0.008415455407979876 0.0361427692373273 0.14505481522596245 0.0377324395689835 0.008415455407979893 0.022865778085872854 0.008415455407979822 0.008415455407979857 0.2326870644776166 0.1513704690770611 
0.02542753057742232 0.025427530577422346 0.02542753057742232 0.025427530577422326 0.19732140314687277 0.02542753057742234 0.02542753057742231 0.05807669999449569 0.025427530577422336 0.025427530577422346 0.038143819049258926 0.025427530577422443 0.025427530577422294 0.025427530577422326 0.036243222637318925 0.025427530577422336 0.025427530577422322 0.02542753057742232 0.2598977965852328 0.05433163050290499 
0.01485940960504012 0.008404793612984995 0.013415924428599098 0.012693584519609892 0.1422233545905873 0.0520440202103615 0.03609850608867814 0.03862224562560174 0.008404793612980388 0.008404793612984837 0.01751323161689758 0.008404793612984933 0.012032041472762978 0.011931939959726585 0.2627436328285078 0.008404793612984969 0.3076324386711137 0.01221541967367746 0.015545489030844293 0.008404793612984957 
0.0706158728702 0.007368711732675933 0.011108178754857319 0.0180802931171667 0.07589159854008767 0.05632501994836225 0.21498843700510195 0.019377479804753208 0.173277442636073 0.0073687117326759356 0.1141174834874119 0.00736871173267592 0.07822398950743209 0.0395010109237995 0.01559287950079202 0.007368711732675909 0.01579086730308956 0.0408370067954049 0.019428881142065674 0.007368711732675934 
0.12146307404131297 0.0481636681812724 0.018834130584884014 0.028253815936097913 0.01883413058488415 0.02673804089434146 0.03994658111628379 0.0777146470489649 0.02857307105668646 0.028253064794967406 0.028124615922565693 0.018834130584884083 0.018834130584884104 0.04709645211882858 0.018834130584884055 0.03909807918960898 0.32614486699576123 0.018834130584884028 0.02859110860911608 0.01883413058488413 
0.01628516142224949 0.01628516142224948 0.016285161422249526 0.02502522057787975 0.2986976835511242 0.033242430709910585 0.0258121272883624 0.016285161422249495 0.016285161422249554 0.026436207398411064 0.040380070917610325 0.23098413894389785 0.0162851614222495 0.04694267296372779 0.03746455436533223 0.026294824492166764 0.016285161422249485 0.016285161422249513 0.042617316471080545 0.03582146094250217 
0.1133799825545936 0.02614048974935596 0.09657952765701208 0.026140489749356188 0.12022985019866284 0.026140489749355972 0.026140489749355924 0.0701171722985857 0.026140489749355993 0.026140489749355938 0.026140489749355993 0.05531617346496456 0.03954678878849983 0.0411573796995391 0.02614048974935594 0.04377496037258862 0.044483516415872795 0.07398880452309856 0.039749650693661785 0.05255227533807833 
0.37544412697785684 0.00978144858247069 0.2168194199280255 0.009781448582470707 0.00978144858247062 0.01448418667036723 0.07508507827686957 0.027596008876014617 0.00978144858247062 0.009781448582470598 0.019934064288322655 0.01540608271887147 0.014576634664935563 0.02826029936270396 0.02350425838788411 0.013886320423725925 0.02318416391909587 0.009781448582470561 0.009781448582470651 0.08334921542799102 
0.03225309677893527 0.045788395527875024 0.03225309677893523 0.032253096778935286 0.0322530967789353 0.09093152482105415 0.03225309677893525 0.03225309677893527 0.03225309677893478 0.05534105059800221 0.04715837024018861 0.04760644349998123 0.032253096778935265 0.03225309677893527 0.0671187686384304 0.03225309677893527 0.03225309677893527 0.18238884985696058 0.05700435238304691 0.05187817986616775 
0.030010306653844666 0.03001030665384465 0.047267157091271016 0.03001030665384465 0.05028935471321786 0.030010306653844628 0.030010306653844607 0.030010306653844642 0.03001030665384438 0.20174422908711795 0.030010306653844562 0.09020285136687842 0.03001030665384466 0.06160736628544251 0.10066804194799087 0.030010306653844618 0.030010306653844642 0.058087013008105315 0.030010306653844628 0.03001030665384466 
0.030133890629322188 0.08828628152983194 0.030133890629322178 0.030133890629322185 0.2006136255940231 0.04696820081738645 0.030133890629322185 0.030133890629322185 0.030133890629322185 0.030133890629322157 0.030133890629322185 0.030133890629322202 0.030133890629322174 0.030133890629322195 0.0673498002710963 0.0896327174959332 0.030133890629322167 0.030133890629322185 0.08527490548121622 0.030133890629322178 
0.1644943607220012 0.008255764178735704 0.01569706861867511 0.019298965933679225 0.008255764178735725 0.012743624223162298 0.01172036899872822 0.008255764178735761 0.02143401225336599 0.014580280062908901 0.17782058777196524 0.016115698420219385 0.008255764178735716 0.03848865862281819 0.008255764178735709 0.21841325872286668 0.03260484517571061 0.17488460023251934 0.0188036053567829 0.02162124399087091 
0.011982617216086929 0.052358510398558766 0.04754513053284923 0.03444852227332947 0.020318273636084617 0.07928894205979431 0.45343688251154834 0.01809709689522196 0.011982617216086953 0.011982617216086936 0.026714966514993464 0.024490997658168333 0.033595714796858064 0.01797511486360357 0.04809815971582241 0.03735210844274695 0.027760192714535007 0.011982617216087028 0.01860630090541819 0.01198261721608697 
0.010434115962081318 0.11806032839614275 0.010434115962081329 0.029706229231609628 0.010434115962081322 0.02152561012434788 0.06860254856430437 0.027353645796524155 0.333590144785047 0.010434115962081273 0.010434115962081263 0.01493715631439436 0.010434115962081311 0.023146234785877063 0.02507869118288874 0.02455471152678556 0.010434115962081348 0.03108580837366217 0.01565220932425127 0.19366786985955936 
0.0325699341378864 0.044877694792311545 0.05677236965407782 0.017137715196373714 0.03395018552635198 0.015975797354772073 0.01048417981390801 0.016482487031759342 0.00710052388690549 0.0071005238869052065 0.10118118894864195 0.025832217946864588 0.007100523886905157 0.00710052388690526 0.10686057228994009 0.0071005238869051935 0.03028732456897318 0.014197500288795524 0.44692346510546144 0.01096474790935168 
0.012218601713729 0.021595243473563324 0.012218601713729033 0.16449403241649108 0.07523877491574789 0.04236501017296422 0.01775050078531873 0.012218601713729026 0.02205087855443315 0.041072534340472026 0.02646014745250496 0.051225809869234355 0.017346246529455427 0.05475786357203949 0.012218601713729103 0.02396180758861337 0.15663128989307146 0.08659170043549044 0.13169017725851623 0.017893575887177188 
0.07748964560303716 0.017314859444896174 0.017314859444896132 0.03297221270148383 0.057455179518396494 0.026020403781821074 0.07236262410358595 0.03405440637612467 0.01731485944489618 0.027899717032459682 0.05079253862065633 0.03572582990970191 0.01731485944489615 0.31232430261482325 0.02608672982754467 0.027640697362987608 0.0899557032176477 0.025330852660354015 0.017314859444896098 0.01731485944489615 
0.08071587360967963 0.03034763540274067 0.11316757914731669 0.026292311845737555 0.017658562510193113 0.01924223607996834 0.006296578826754526 0.0036388648396230338 0.010669646942339702 0.3386735205397299 0.011909732176064483 0.22765115399171898 0.029173017263427154 0.0036388648396230468 0.035744034143339654 0.011859628237214152 0.005531928915399545 0.006078764843444177 0.015332510333300658 0.00637755551236747 
0.033345520761814615 0.056728089612720876 0.0390293995116004 0.3066513302529002 0.05257390328184302 0.01465888664462454 0.008932882389752445 0.013052213611948145 0.09968783778865424 0.005360939358210054 0.013018356562143002 0.015815383587519792 0.020759019980289447 0.05560212504091762 0.02382853124366112 0.010245150062367746 0.021670648680387292 0.005360939358210232 0.14244476150524313 0.061234080765211356 
0.6244685944955012 0.01908213035521573 0.03192831068326041 0.0220428689729263 0.01572243721625965 0.012023108356163395 0.01926724254278979 0.012854821264447956 0.016145233265165464 0.008469012135594181 0.021087436822323127 0.00846901213559415 0.008469012135594084 0.01274061274030258 0.01448829395299936 0.008469012135594164 0.008469012135594168 0.08688267397772263 0.014379051185418813 0.034542123491502354 
0.03297270337193232 0.017514324735874526 0.03227768572764845 0.017514324735874515 0.017514324735874526 0.5620298605521887 0.017514324735874498 0.017514324735874394 0.017514324735874526 0.047155480925351816 0.029357041284030324 0.017514324735874557 0.017514324735874522 0.026894763606260395 0.025072963274661242 0.017514324735874543 0.025934885486640413 0.02564704367661888 0.017514324735874526 0.017514324735874554 
0.026294829096519083 0.14424609125247098 0.04020585564531476 0.051998992849300714 0.10160138087982935 0.026294829096519118 0.03978028194882454 0.06142820613300874 0.026294829096519052 0.026294829096519073 0.026294829096519024 0.04260730521899223 0.02629482909651907 0.0418342918270671 0.04977027503076907 0.026294829096519107 0.07901940592556636 0.08237142054337487 0.04108834747342224 0.039984341596427775 
0.04102400024164979 0.06904435803764887 0.06411261129347517 0.0719612222467967 0.026612442270555675 0.0405613432208814 0.026612442270555713 0.026612442270555713 0.10236594366715934 0.026612442270555665 0.057728299215628734 0.026612442270555675 0.09493859366252234 0.026612442270555703 0.15435861549128863 0.02661244227055559 0.026612442270555713 0.03778059021739423 0.026612442270555703 0.026612442270555703 
0.02767101350214739 0.045049285564235875 0.18625217555963253 0.027671013502147367 0.2023649447586304 0.060572717492459495 0.04012195274054168 0.02767101350214736 0.027671013502147346 0.027671013502147318 0.027671013502147384 0.027671013502147356 0.04152167051506846 0.06439407784151746 0.027671013502147353 0.027671013502147356 0.027671013502147377 0.027671013502147377 0.027671013502147346 0.027671013502147384 
0.04328901108690492 0.017849660254417733 0.025975789005512166 0.009791445146828743 0.05656895680753375 0.0068970407083614 0.00689704070836139 0.010469141368626839 0.012163584364874908 0.4698736936855483 0.006897040708361414 0.039410498255462986 0.0068970407083612925 0.009873589247227895 0.1663062511616484 0.0068970407083613315 0.016530056560587824 0.017827674582974472 0.05979399978321964 0.00979144514682879 
0.011091395593455828 0.011559951813255597 0.015669547588377773 0.007814472710488714 0.08756948624477405 0.024062689892689292 0.007814472710488737 0.022252087342635396 0.016784000476675696 0.026758540794460724 0.1560150697079686 0.03287272688638586 0.012200989209533839 0.01202746064693907 0.06286082708301281 0.007814472710488695 0.034091375929587386 0.02848000324513684 0.40984666117025126 0.012413768243382153 
0.06738814418323122 0.20392352995633423 0.00672089480575994 0.05117913649572764 0.010728046512330476 0.026663089496764623 0.006720894805759969 0.040537589089925996 0.24789863044742697 0.006720894805759841 0.006720894805759908 0.04644002469838549 0.039277260785108604 0.0815813608542217 0.06070208981628979 0.0189280726988939 0.02056646976371038 0.024010912297444457 0.018029672947281465 0.015262390733871698 
0.06654551476319581 0.025311483097448087 0.02531148309744852 0.025311483097448077 0.03720225079628272 0.038447443836775785 0.02531148309744809 0.025311483097448087 0.20697734619260721 0.025311483097448094 0.025311483097448087 0.025311483097448087 0.025311483097448094 0.25630547016238725 0.02531148309744809 0.025311483097448094 0.025311483097448097 0.04016121088447668 0.025311483097448094 0.025311483097448094 
0.02161615572869905 0.5423380917214243 0.009065410329425025 0.04622396207109983 0.009065410329424923 0.017962472823236573 0.02012754678756814 0.013262283421422856 0.009065410329424975 0.009065410329424959 0.009065410329424959 0.009065410329424949 0.009065410329424907 0.1436600097190567 0.009065410329424982 0.021475144460576384 0.009065410329424933 0.04291767316587567 0.022475577338998635 0.026352389797178435 
0.07271619129475641 0.10478618010135858 0.013767088981043873 0.008911319399788802 0.16664433365651765 0.008911319399788781 0.08061406016436919 0.012981083432997191 0.0360934296790838 0.18761987356804344 0.028757852725513847 0.019647043886088764 0.008911319399788807 0.008911319399788781 0.008911319399788793 0.01265103379528027 0.026677237536149624 0.008911319399788786 0.16170615694843357 0.02187051783160493 
0.09266083325195626 0.021539317658306512 0.021539317658306578 0.040991835467539914 0.09749733818113261 0.037678866515664856 0.02153931765830652 0.021539317658306478 0.11244497400147664 0.021539317658306478 0.021539317658306457 0.021539317658306533 0.133114465510171 0.09322375235760647 0.032311113841800285 0.0215393176583065 0.021539317658306488 0.123144326631277 0.0215393176583065 0.02153931765830649 
0.3890539339326757 0.030956716354458964 0.07772454886870679 0.03346403336412768 0.018041809583264734 0.038261556479063 0.08327074089739087 0.012708552545849896 0.026013753724100034 0.012708552545849855 0.012708552545849905 0.024634053673687917 0.031198388284861673 0.01834208529962092 0.03572061176116446 0.012708552545849903 0.012708552545849926 0.025230752243452826 0.018988014057941822 0.08555623874616937 
0.019918825292050888 0.031909261203680234 0.021878382115048917 0.031898921444336696 0.048028142922171974 0.013099180477806982 0.022215453457242296 0.013099180477806888 0.2713331716384288 0.013099180477806987 0.03497102402267711 0.013099180477807046 0.1362384247286765 0.10068342165359911 0.0369875958021361 0.013099180477806968 0.018596367999012514 0.1071835627259705 0.01953614539054619 0.03312539721538321 
0.03236631726487651 0.032366317264876515 0.03236631726487651 0.03236631726487651 0.1102246268822495 0.032366317264876515 0.03236631726487651 0.03236631726487654 0.054808388360549465 0.046504170610222724 0.0636691847916014 0.0725204990900986 0.0741243844914427 0.04805855945888178 0.03236631726487652 0.032366317264876515 0.0480474597751358 0.03236631726487656 0.05080163019668816 0.10757792369436538 
0.03769604453015703 0.03769604453015705 0.03769604453015704 0.09830113871057523 0.037696044530157034 0.07064069554969932 0.03769604453015704 0.057976814027464796 0.03769604453015704 0.03769604453015705 0.05396448646225422 0.037696044530157034 0.03769604453015705 0.03769604453015704 0.05995728096356568 0.10692167082143168 0.03769604453015704 0.03769604453015704 0.03769604453015704 0.062189334572967526 
0.12195155616957738 0.010814860854855439 0.03241117369892914 0.021132309470415084 0.015836705832734752 0.0478011247554579 0.40862474990658504 0.04342426729835214 0.02135779769053219 0.01081486085485551 0.021642102174307135 0.020294029712985828 0.010814860854855475 0.025300469418817157 0.07146410495887194 0.01594763632636052 0.0470104650055215 0.010814860854855404 0.016059052707096177 0.026483011453950288 
0.04303696007964781 0.04699161937752623 0.03031500061352931 0.03031500061352928 0.0735560254449218 0.05419997626658795 0.09296797258361729 0.07450718715936173 0.03031500061352928 0.04339801325582781 0.04880249797276289 0.030315000613529257 0.03031500061352923 0.030315000613529267 0.030315000613529278 0.04892935731522048 0.17046038440923286 0.030315000613529295 0.030315000613529305 0.030315000613529288 
0.03386076974023115 0.056976837893567805 0.03386076974023117 0.03386076974023116 0.07805394129182992 0.033860769740231174 0.06567483180326464 0.033860769740231174 0.03386076974023116 0.05679987056215505 0.03386076974023117 0.03386076974023117 0.03386076974023117 0.04984862134976378 0.033860769740231174 0.03386076974023118 0.06228071573452789 0.1901751747418673 0.033860769740231174 0.03386076974023117 
0.010689929608036509 0.010689929608036598 0.02759090726747934 0.01068992960803661 0.03128851606885584 0.0455812564598698 0.3498043335045735 0.0876391113813814 0.015418762872518353 0.06612980088002204 0.12396730707035322 0.01068992960803654 0.01587950573458983 0.025093993861844244 0.022032016760929057 0.010689929608036532 0.052512098207188364 0.023146821536596345 0.03558689736949462 0.024879022984121535 
0.11291956451771205 0.04123780410180743 0.016401565019779598 0.24794829466885263 0.09284129612680962 0.029020087231869284 0.011553173196184744 0.011553173196184601 0.016401565019779785 0.011553173196184707 0.11539636797418629 0.05186842749965465 0.027313844195507017 0.011553173196184681 0.1174403670951018 0.01155317319618476 0.028153328302565193 0.011553173196184752 0.011553173196184702 0.022185275873061537 
0.026302569904175163 0.017798574657416095 0.017798574657416067 0.027265574480078828 0.01779857465741605 0.48541871663460706 0.0613745796663397 0.045581410221320506 0.025955679084302873 0.03434862664050383 0.02687424244598338 0.02763717056060455 0.01779857465741608 0.025267904717243824 0.017798574657416067 0.017798574657416 0.01779857465741609 0.01779857465741608 0.05378635372809598 0.01779857465741613 
0.03773800447553271 0.03773800447553271 0.03773800447553271 0.03773800447553272 0.09699059345800863 0.05357509349263351 0.037738004475532716 0.03773800447553271 0.08452127735104659 0.07065598965452623 0.03773800447553272 0.037738004475532716 0.06683588209191772 0.037738004475532806 0.03773800447553271 0.07204779832280903 0.06477930744713274 0.03773800447553297 0.03773800447553271 0.03773800447553272 
0.04023849698490014 0.04023849698490014 0.04023849698490014 0.06356937426522204 0.040238496984900146 0.08217757020029601 0.04023849698490013 0.04023849698490014 0.04023849698490133 0.04023849698490015 0.04023849698490013 0.040238496984900125 0.04023849698490014 0.04023849698490014 0.15332498569976188 0.05711211807631984 0.04023849698490015 0.04023849698490013 0.04023849698490014 0.040238496984900125 
0.14470808213978362 0.01551776694222107 0.16966984952309314 0.031391973611275596 0.10009737345903115 0.022029935771124397 0.015517766942221062 0.015517766942221074 0.02495945092327454 0.015517766942221069 0.024298126327150626 0.02280766620273532 0.19793630683381508 0.038654809276389625 0.038836709221866994 0.03563683029913046 0.015517766942221052 0.0403485178157796 0.01551776694222108 0.015517766942221069 
0.026234419388918375 0.026234419388920058 0.21993213820400503 0.037243926673377906 0.026234419388920054 0.02623441938892019 0.11966557842807979 0.05408470658402952 0.02623441938892004 0.026234419388920124 0.10811497137362401 0.05030224716083905 0.02623441938892007 0.02623441938892008 0.02623441938892008 0.026234419388920058 0.038461133611788975 0.026234419388920082 0.05738226529721806 0.026234419388920006 
0.009232918702173153 0.014061787706199334 0.04058449846101388 0.013498872688976503 0.02223889510665325 0.01369324047013215 0.009232918702173113 0.013850294239147187 0.07602752553343858 0.0724767324169274 0.37409915199439064 0.01407234933953017 0.022238048758115435 0.013702049168750886 0.13567278759115742 0.02134757478080806 0.056538119739403404 0.042100461004907885 0.02609885489393811 0.009232918702173184 
0.02364799484009527 0.023647994840095263 0.033572086072882715 0.06802173375638532 0.023647994840095263 0.03440590921192383 0.023647994840095266 0.02364799484009524 0.03831845912634122 0.02364799484009524 0.1307816238328566 0.023647994840095242 0.02364799484009524 0.02364799484009528 0.03357208607288269 0.34398007777269585 0.02364799484009525 0.023647994840095218 0.03357208607288271 0.02364799484009525 
0.0385639770837183 0.011412076128671109 0.02967062514112582 0.054680710911505274 0.01652033582431297 0.023173008551502 0.016166306049556878 0.011412076128671012 0.02173504048712912 0.01713064077782834 0.022183753995680573 0.024599591024336478 0.28250030599839215 0.017205250358966948 0.34349271386073604 0.01898018557964889 0.016337173712196812 0.011412076128671 0.011412076128671027 0.011412076128671015 
