0.05056179775280899 0.03932584269662921 0.03932584269662921 0.06179775280898876 0.03932584269662921 0.03932584269662921 0.03932584269662921 0.05056179775280899 0.05056179775280899 0.09550561797752809 0.028089887640449437 0.06179775280898876 0.05056179775280899 0.03932584269662921 0.06179775280898876 0.05056179775280899 0.05056179775280899 0.028089887640449437 0.06179775280898876 0.06179775280898876 
0.021551724137931036 0.021551724137931036 0.021551724137931036 0.03017241379310345 0.021551724137931036 0.021551724137931036 0.021551724137931036 0.021551724137931036 0.021551724137931036 0.021551724137931036 0.021551724137931036 0.021551724137931036 0.021551724137931036 0.021551724137931036 0.5301724137931034 0.04741379310344827 0.03017241379310345 0.03879310344827586 0.021551724137931036 0.021551724137931036 
0.022727272727272728 0.022727272727272728 0.022727272727272728 0.022727272727272728 0.031818181818181815 0.022727272727272728 0.022727272727272728 0.022727272727272728 0.031818181818181815 0.022727272727272728 0.022727272727272728 0.031818181818181815 0.04090909090909091 0.022727272727272728 0.4772727272727273 0.031818181818181815 0.04090909090909091 0.04090909090909091 0.022727272727272728 0.022727272727272728 
0.026041666666666668 0.026041666666666668 0.026041666666666668 0.046875 0.06770833333333333 0.026041666666666668 0.08854166666666667 0.026041666666666668 0.026041666666666668 0.026041666666666668 0.026041666666666668 0.036458333333333336 0.036458333333333336 0.036458333333333336 0.16145833333333334 0.19270833333333334 0.026041666666666668 0.026041666666666668 0.026041666666666668 0.046875 
0.02 0.02 0.02 0.02 0.044 0.028 0.02 0.02 0.028 0.02 0.148 0.036 0.036 0.124 0.14 0.124 0.02 0.092 0.02 0.02 
0.026041666666666668 0.026041666666666668 0.026041666666666668 0.036458333333333336 0.08854166666666667 0.026041666666666668 0.046875 0.026041666666666668 0.026041666666666668 0.036458333333333336 0.026041666666666668 0.026041666666666668 0.036458333333333336 0.036458333333333336 0.24479166666666666 0.026041666666666668 0.109375 0.036458333333333336 0.026041666666666668 0.06770833333333333 
0.08962264150943396 0.02358490566037736 0.02358490566037736 0.02358490566037736 0.08018867924528301 0.07075471698113207 0.04245283018867924 0.02358490566037736 0.02358490566037736 0.02358490566037736 0.08962264150943396 0.02358490566037736 0.02358490566037736 0.12735849056603774 0.1650943396226415 0.02358490566037736 0.02358490566037736 0.0330188679245283 0.0330188679245283 0.0330188679245283 
0.024509803921568627 0.024509803921568627 0.024509803921568627 0.024509803921568627 0.04411764705882353 0.024509803921568627 0.07352941176470588 0.024509803921568627 0.024509803921568627 0.024509803921568627 0.03431372549019608 0.024509803921568627 0.024509803921568627 0.12254901960784313 0.3480392156862745 0.03431372549019608 0.024509803921568627 0.024509803921568627 0.024509803921568627 0.024509803921568627 
0.011904761904761904 0.011904761904761904 0.011904761904761904 0.011904761904761904 0.011904761904761904 0.011904761904761904 0.011904761904761904 0.011904761904761904 0.016666666666666666 0.011904761904761904 0.02619047619047619 0.016666666666666666 0.03571428571428571 0.04523809523809524 0.6023809523809524 0.05 0.011904761904761904 0.04047619047619048 0.016666666666666666 0.030952380952380953 
0.022123893805309734 0.022123893805309734 0.022123893805309734 0.03982300884955752 0.030973451327433628 0.030973451327433628 0.06637168141592921 0.022123893805309734 0.022123893805309734 0.022123893805309734 0.022123893805309734 0.022123893805309734 0.022123893805309734 0.030973451327433628 0.048672566371681415 0.18141592920353983 0.2345132743362832 0.09292035398230089 0.022123893805309734 0.022123893805309734 
0.018796992481203006 0.018796992481203006 0.018796992481203006 0.018796992481203006 0.018796992481203006 0.018796992481203006 0.018796992481203006 0.018796992481203006 0.08646616541353383 0.02631578947368421 0.018796992481203006 0.018796992481203006 0.018796992481203006 0.02631578947368421 0.4924812030075188 0.018796992481203006 0.018796992481203006 0.02631578947368421 0.018796992481203006 0.07894736842105263 
0.028409090909090908 0.028409090909090908 0.028409090909090908 0.028409090909090908 0.03977272727272727 0.028409090909090908 0.05113636363636364 0.028409090909090908 0.03977272727272727 0.05113636363636364 0.03977272727272727 0.03977272727272727 0.03977272727272727 0.028409090909090908 0.3465909090909091 0.028409090909090908 0.028409090909090908 0.03977272727272727 0.028409090909090908 0.028409090909090908 
0.04216867469879518 0.030120481927710843 0.030120481927710843 0.030120481927710843 0.04216867469879518 0.030120481927710843 0.030120481927710843 0.030120481927710843 0.030120481927710843 0.0783132530120482 0.12650602409638553 0.030120481927710843 0.030120481927710843 0.030120481927710843 0.16265060240963855 0.06626506024096386 0.04216867469879518 0.030120481927710843 0.030120481927710843 0.0783132530120482 
0.018229166666666668 0.013020833333333334 0.013020833333333334 0.013020833333333334 0.0546875 0.013020833333333334 0.013020833333333334 0.013020833333333334 0.0703125 0.018229166666666668 0.013020833333333334 0.013020833333333334 0.013020833333333334 0.013020833333333334 0.4921875 0.018229166666666668 0.0234375 0.049479166666666664 0.013020833333333334 0.11197916666666667 
0.03571428571428571 0.025510204081632654 0.025510204081632654 0.03571428571428571 0.0663265306122449 0.03571428571428571 0.1377551020408163 0.025510204081632654 0.025510204081632654 0.025510204081632654 0.04591836734693878 0.025510204081632654 0.0663265306122449 0.08673469387755102 0.1377551020408163 0.03571428571428571 0.04591836734693878 0.025510204081632654 0.05612244897959184 0.03571428571428571 
0.040983606557377046 0.040983606557377046 0.040983606557377046 0.040983606557377046 0.05737704918032787 0.040983606557377046 0.05737704918032787 0.040983606557377046 0.040983606557377046 0.040983606557377046 0.040983606557377046 0.040983606557377046 0.09016393442622951 0.05737704918032787 0.12295081967213115 0.040983606557377046 0.040983606557377046 0.040983606557377046 0.040983606557377046 0.040983606557377046 
0.04639175257731959 0.02577319587628866 0.02577319587628866 0.08762886597938144 0.02577319587628866 0.02577319587628866 0.02577319587628866 0.02577319587628866 0.04639175257731959 0.02577319587628866 0.06701030927835051 0.03608247422680412 0.02577319587628866 0.11855670103092783 0.22164948453608246 0.05670103092783505 0.02577319587628866 0.03608247422680412 0.02577319587628866 0.02577319587628866 
0.03017241379310345 0.021551724137931036 0.021551724137931036 0.021551724137931036 0.03017241379310345 0.03017241379310345 0.05603448275862069 0.021551724137931036 0.03017241379310345 0.03017241379310345 0.04741379310344827 0.021551724137931036 0.05603448275862069 0.07327586206896551 0.375 0.03879310344827586 0.021551724137931036 0.03017241379310345 0.021551724137931036 0.021551724137931036 
0.28773584905660377 0.02358490566037736 0.02358490566037736 0.02358490566037736 0.08018867924528301 0.02358490566037736 0.02358490566037736 0.02358490566037736 0.02358490566037736 0.0330188679245283 0.0330188679245283 0.04245283018867924 0.02358490566037736 0.06132075471698113 0.10849056603773585 0.0330188679245283 0.02358490566037736 0.05188679245283019 0.02358490566037736 0.0330188679245283 
0.045454545454545456 0.025252525252525252 0.025252525252525252 0.025252525252525252 0.025252525252525252 0.025252525252525252 0.03535353535353535 0.025252525252525252 0.045454545454545456 0.08585858585858586 0.08585858585858586 0.025252525252525252 0.025252525252525252 0.21717171717171718 0.15656565656565657 0.025252525252525252 0.025252525252525252 0.025252525252525252 0.025252525252525252 0.025252525252525252 
0.029411764705882353 0.029411764705882353 0.029411764705882353 0.029411764705882353 0.13529411764705881 0.029411764705882353 0.041176470588235294 0.029411764705882353 0.029411764705882353 0.041176470588235294 0.029411764705882353 0.041176470588235294 0.07647058823529412 0.029411764705882353 0.19411764705882353 0.041176470588235294 0.029411764705882353 0.041176470588235294 0.041176470588235294 0.052941176470588235 
0.017766497461928935 0.012690355329949238 0.012690355329949238 0.012690355329949238 0.11928934010152284 0.017766497461928935 0.017766497461928935 0.012690355329949238 0.012690355329949238 0.017766497461928935 0.10406091370558376 0.012690355329949238 0.048223350253807105 0.35786802030456855 0.13451776649746192 0.012690355329949238 0.012690355329949238 0.02284263959390863 0.012690355329949238 0.027918781725888325 
0.03968253968253968 0.03968253968253968 0.03968253968253968 0.03968253968253968 0.05555555555555555 0.03968253968253968 0.1349206349206349 0.03968253968253968 0.03968253968253968 0.03968253968253968 0.03968253968253968 0.03968253968253968 0.03968253968253968 0.03968253968253968 0.0873015873015873 0.03968253968253968 0.03968253968253968 0.07142857142857142 0.03968253968253968 0.05555555555555555 
0.3759124087591241 0.01824817518248175 0.01824817518248175 0.01824817518248175 0.01824817518248175 0.01824817518248175 0.040145985401459854 0.01824817518248175 0.040145985401459854 0.032846715328467155 0.040145985401459854 0.01824817518248175 0.06934306569343066 0.032846715328467155 0.04744525547445255 0.10583941605839416 0.01824817518248175 0.01824817518248175 0.01824817518248175 0.032846715328467155 
0.046218487394957986 0.02100840336134454 0.02100840336134454 0.037815126050420166 0.09663865546218488 0.029411764705882353 0.06302521008403361 0.02100840336134454 0.0546218487394958 0.02100840336134454 0.029411764705882353 0.029411764705882353 0.0546218487394958 0.19747899159663865 0.08823529411764706 0.0546218487394958 0.029411764705882353 0.046218487394957986 0.029411764705882353 0.029411764705882353 
0.028089887640449437 0.028089887640449437 0.028089887640449437 0.05056179775280899 0.05056179775280899 0.03932584269662921 0.028089887640449437 0.028089887640449437 0.028089887640449437 0.03932584269662921 0.028089887640449437 0.028089887640449437 0.028089887640449437 0.11797752808988764 0.25280898876404495 0.05056179775280899 0.028089887640449437 0.06179775280898876 0.028089887640449437 0.028089887640449437 
0.023148148148148147 0.023148148148148147 0.023148148148148147 0.05092592592592592 0.20833333333333334 0.023148148148148147 0.10648148148148148 0.023148148148148147 0.032407407407407406 0.023148148148148147 0.032407407407407406 0.023148148148148147 0.06018518518518518 0.05092592592592592 0.14351851851851852 0.032407407407407406 0.032407407407407406 0.032407407407407406 0.032407407407407406 0.023148148148148147 
0.03164556962025317 0.03164556962025317 0.03164556962025317 0.03164556962025317 0.0949367088607595 0.03164556962025317 0.06962025316455696 0.03164556962025317 0.03164556962025317 0.0949367088607595 0.10759493670886076 0.03164556962025317 0.03164556962025317 0.04430379746835443 0.03164556962025317 0.04430379746835443 0.03164556962025317 0.03164556962025317 0.03164556962025317 0.13291139240506328 
0.021875 0.015625 0.015625 0.021875 0.359375 0.015625 0.153125 0.015625 0.034375 0.015625 0.015625 0.021875 0.021875 0.021875 0.046875 0.059375 0.078125 0.028125 0.015625 0.021875 
0.17256637168141592 0.022123893805309734 0.022123893805309734 0.030973451327433628 0.03982300884955752 0.022123893805309734 0.022123893805309734 0.022123893805309734 0.022123893805309734 0.05752212389380531 0.030973451327433628 0.030973451327433628 0.030973451327433628 0.048672566371681415 0.2610619469026549 0.022123893805309734 0.022123893805309734 0.05752212389380531 0.030973451327433628 0.030973451327433628 
0.04216867469879518 0.030120481927710843 0.030120481927710843 0.04216867469879518 0.030120481927710843 0.030120481927710843 0.1144578313253012 0.030120481927710843 0.030120481927710843 0.030120481927710843 0.06626506024096386 0.030120481927710843 0.030120481927710843 0.030120481927710843 0.09036144578313253 0.18674698795180722 0.04216867469879518 0.030120481927710843 0.030120481927710843 0.05421686746987952 
0.05 0.03571428571428571 0.03571428571428571 0.05 0.05 0.03571428571428571 0.10714285714285714 0.03571428571428571 0.03571428571428571 0.03571428571428571 0.03571428571428571 0.05 0.10714285714285714 0.06428571428571428 0.05 0.06428571428571428 0.03571428571428571 0.03571428571428571 0.03571428571428571 0.05 
0.041666666666666664 0.023148148148148147 0.023148148148148147 0.10648148148148148 0.3101851851851852 0.023148148148148147 0.032407407407407406 0.023148148148148147 0.023148148148148147 0.032407407407407406 0.08796296296296297 0.023148148148148147 0.023148148148148147 0.023148148148148147 0.06018518518518518 0.05092592592592592 0.023148148148148147 0.023148148148148147 0.023148148148148147 0.023148148148148147 
0.018796992481203006 0.018796992481203006 0.018796992481203006 0.02631578947368421 0.05639097744360902 0.018796992481203006 0.02631578947368421 0.018796992481203006 0.018796992481203006 0.018796992481203006 0.02631578947368421 0.041353383458646614 0.018796992481203006 0.018796992481203006 0.5150375939849624 0.04887218045112782 0.02631578947368421 0.018796992481203006 0.02631578947368421 0.018796992481203006 
0.030120481927710843 0.030120481927710843 0.030120481927710843 0.10240963855421686 0.04216867469879518 0.030120481927710843 0.05421686746987952 0.030120481927710843 0.030120481927710843 0.04216867469879518 0.030120481927710843 0.05421686746987952 0.030120481927710843 0.15060240963855423 0.06626506024096386 0.030120481927710843 0.1144578313253012 0.030120481927710843 0.04216867469879518 0.030120481927710843 
0.03271028037383177 0.02336448598130841 0.02336448598130841 0.03271028037383177 0.03271028037383177 0.03271028037383177 0.03271028037383177 0.02336448598130841 0.02336448598130841 0.04205607476635514 0.03271028037383177 0.03271028037383177 0.04205607476635514 0.06074766355140187 0.3130841121495327 0.03271028037383177 0.02336448598130841 0.09813084112149532 0.04205607476635514 0.02336448598130841 
0.0220125786163522 0.015723270440251572 0.015723270440251572 0.015723270440251572 0.03459119496855346 0.015723270440251572 0.015723270440251572 0.015723270440251572 0.015723270440251572 0.0220125786163522 0.07861635220125786 0.0660377358490566 0.015723270440251572 0.015723270440251572 0.040880503144654086 0.0220125786163522 0.0220125786163522 0.44339622641509435 0.040880503144654086 0.0660377358490566 
0.05434782608695652 0.010869565217391304 0.010869565217391304 0.041304347826086954 0.010869565217391304 0.01956521739130435 0.21956521739130436 0.010869565217391304 0.01956521739130435 0.03260869565217391 0.08478260869565217 0.02391304347826087 0.010869565217391304 0.03695652173913044 0.1934782608695652 0.0891304347826087 0.02391304347826087 0.015217391304347827 0.07608695652173914 0.015217391304347827 
0.038461538461538464 0.027472527472527472 0.027472527472527472 0.038461538461538464 0.027472527472527472 0.027472527472527472 0.06043956043956044 0.027472527472527472 0.027472527472527472 0.027472527472527472 0.027472527472527472 0.04945054945054945 0.06043956043956044 0.12637362637362637 0.15934065934065933 0.07142857142857142 0.027472527472527472 0.038461538461538464 0.027472527472527472 0.08241758241758242 
0.03164556962025317 0.03164556962025317 0.03164556962025317 0.04430379746835443 0.04430379746835443 0.03164556962025317 0.18354430379746836 0.03164556962025317 0.03164556962025317 0.03164556962025317 0.08227848101265822 0.04430379746835443 0.056962025316455694 0.04430379746835443 0.03164556962025317 0.03164556962025317 0.06962025316455696 0.04430379746835443 0.03164556962025317 0.06962025316455696 
0.040229885057471264 0.028735632183908046 0.028735632183908046 0.028735632183908046 0.05172413793103448 0.028735632183908046 0.14367816091954022 0.028735632183908046 0.040229885057471264 0.028735632183908046 0.14367816091954022 0.028735632183908046 0.028735632183908046 0.040229885057471264 0.14367816091954022 0.05172413793103448 0.028735632183908046 0.028735632183908046 0.028735632183908046 0.028735632183908046 
0.05603448275862069 0.021551724137931036 0.021551724137931036 0.021551724137931036 0.08189655172413793 0.021551724137931036 0.021551724137931036 0.021551724137931036 0.03879310344827586 0.021551724137931036 0.03017241379310345 0.10775862068965517 0.03879310344827586 0.021551724137931036 0.2025862068965517 0.03017241379310345 0.03017241379310345 0.07327586206896551 0.03017241379310345 0.10775862068965517 
0.027777777777777776 0.027777777777777776 0.027777777777777776 0.027777777777777776 0.17222222222222222 0.027777777777777776 0.08333333333333333 0.027777777777777776 0.05 0.027777777777777776 0.03888888888888889 0.06111111111111111 0.03888888888888889 0.03888888888888889 0.027777777777777776 0.15 0.05 0.03888888888888889 0.027777777777777776 0.027777777777777776 
0.036290322580645164 0.020161290322580645 0.020161290322580645 0.06854838709677419 0.14112903225806453 0.028225806451612902 0.04435483870967742 0.020161290322580645 0.05241935483870968 0.020161290322580645 0.020161290322580645 0.020161290322580645 0.020161290322580645 0.04435483870967742 0.036290322580645164 0.22983870967741934 0.07661290322580645 0.05241935483870968 0.020161290322580645 0.028225806451612902 
0.02976190476190476 0.02976190476190476 0.02976190476190476 0.02976190476190476 0.041666666666666664 0.07738095238095238 0.08928571428571429 0.02976190476190476 0.02976190476190476 0.041666666666666664 0.06547619047619048 0.041666666666666664 0.16071428571428573 0.10119047619047619 0.02976190476190476 0.02976190476190476 0.02976190476190476 0.05357142857142857 0.02976190476190476 0.02976190476190476 
0.0673758865248227 0.01773049645390071 0.01773049645390071 0.01773049645390071 0.08865248226950355 0.01773049645390071 0.01773049645390071 0.01773049645390071 0.01773049645390071 0.024822695035460994 0.04609929078014184 0.031914893617021274 0.01773049645390071 0.024822695035460994 0.450354609929078 0.031914893617021274 0.01773049645390071 0.024822695035460994 0.024822695035460994 0.024822695035460994 
0.03365384615384615 0.02403846153846154 0.02403846153846154 0.04326923076923077 0.02403846153846154 0.02403846153846154 0.03365384615384615 0.02403846153846154 0.03365384615384615 0.02403846153846154 0.04326923076923077 0.03365384615384615 0.02403846153846154 0.04326923076923077 0.09134615384615384 0.07211538461538461 0.052884615384615384 0.2932692307692308 0.02403846153846154 0.03365384615384615 
0.023148148148148147 0.023148148148148147 0.023148148148148147 0.023148148148148147 0.032407407407407406 0.023148148148148147 0.023148148148148147 0.023148148148148147 0.27314814814814814 0.023148148148148147 0.023148148148148147 0.06018518518518518 0.023148148148148147 0.023148148148148147 0.0787037037037037 0.032407407407407406 0.023148148148148147 0.18055555555555555 0.023148148148148147 0.041666666666666664 
0.04838709677419355 0.026881720430107527 0.026881720430107527 0.04838709677419355 0.14516129032258066 0.03763440860215054 0.03763440860215054 0.026881720430107527 0.026881720430107527 0.10215053763440861 0.03763440860215054 0.03763440860215054 0.0913978494623656 0.05913978494623656 0.06989247311827956 0.026881720430107527 0.06989247311827956 0.026881720430107527 0.026881720430107527 0.026881720430107527 
0.022292993630573247 0.01592356687898089 0.01592356687898089 0.01592356687898089 0.028662420382165606 0.022292993630573247 0.01592356687898089 0.01592356687898089 0.022292993630573247 0.01592356687898089 0.0732484076433121 0.09872611464968153 0.022292993630573247 0.01592356687898089 0.04777070063694268 0.01592356687898089 0.022292993630573247 0.4554140127388535 0.01592356687898089 0.041401273885350316 
0.09239130434782608 0.02717391304347826 0.02717391304347826 0.02717391304347826 0.03804347826086957 0.02717391304347826 0.02717391304347826 0.02717391304347826 0.09239130434782608 0.02717391304347826 0.02717391304347826 0.08152173913043478 0.02717391304347826 0.04891304347826087 0.059782608695652176 0.059782608695652176 0.059782608695652176 0.07065217391304347 0.02717391304347826 0.125 
0.02631578947368421 0.02631578947368421 0.02631578947368421 0.18421052631578946 0.03684210526315789 0.03684210526315789 0.03684210526315789 0.02631578947368421 0.02631578947368421 0.02631578947368421 0.02631578947368421 0.02631578947368421 0.1 0.03684210526315789 0.06842105263157895 0.12105263157894737 0.06842105263157895 0.02631578947368421 0.02631578947368421 0.04736842105263158 
0.06179775280898876 0.028089887640449437 0.028089887640449437 0.05056179775280899 0.12921348314606743 0.028089887640449437 0.08426966292134831 0.028089887640449437 0.028089887640449437 0.05056179775280899 0.03932584269662921 0.028089887640449437 0.03932584269662921 0.06179775280898876 0.11797752808988764 0.03932584269662921 0.028089887640449437 0.03932584269662921 0.06179775280898876 0.028089887640449437 
0.04945054945054945 0.027472527472527472 0.027472527472527472 0.038461538461538464 0.027472527472527472 0.04945054945054945 0.038461538461538464 0.027472527472527472 0.038461538461538464 0.027472527472527472 0.07142857142857142 0.027472527472527472 0.027472527472527472 0.07142857142857142 0.06043956043956044 0.04945054945054945 0.027472527472527472 0.06043956043956044 0.2032967032967033 0.04945054945054945 
0.034653465346534656 0.024752475247524754 0.024752475247524754 0.024752475247524754 0.11386138613861387 0.024752475247524754 0.14356435643564355 0.024752475247524754 0.024752475247524754 0.024752475247524754 0.054455445544554455 0.024752475247524754 0.034653465346534656 0.11386138613861387 0.07425742574257425 0.07425742574257425 0.024752475247524754 0.04455445544554455 0.04455445544554455 0.04455445544554455 
0.029914529914529916 0.021367521367521368 0.021367521367521368 0.08974358974358974 0.029914529914529916 0.3034188034188034 0.021367521367521368 0.021367521367521368 0.08974358974358974 0.021367521367521368 0.021367521367521368 0.029914529914529916 0.021367521367521368 0.021367521367521368 0.04700854700854701 0.05555555555555555 0.0641025641025641 0.038461538461538464 0.029914529914529916 0.021367521367521368 
0.031818181818181815 0.022727272727272728 0.022727272727272728 0.05 0.022727272727272728 0.031818181818181815 0.05 0.022727272727272728 0.031818181818181815 0.04090909090909091 0.022727272727272728 0.022727272727272728 0.031818181818181815 0.06818181818181818 0.33181818181818185 0.09545454545454546 0.022727272727272728 0.022727272727272728 0.022727272727272728 0.031818181818181815 
0.05612244897959184 0.025510204081632654 0.025510204081632654 0.025510204081632654 0.04591836734693878 0.025510204081632654 0.025510204081632654 0.025510204081632654 0.03571428571428571 0.025510204081632654 0.03571428571428571 0.04591836734693878 0.025510204081632654 0.04591836734693878 0.04591836734693878 0.08673469387755102 0.03571428571428571 0.3112244897959184 0.025510204081632654 0.025510204081632654 
0.034653465346534656 0.024752475247524754 0.024752475247524754 0.04455445544554455 0.06435643564356436 0.034653465346534656 0.034653465346534656 0.024752475247524754 0.04455445544554455 0.07425742574257425 0.04455445544554455 0.024752475247524754 0.07425742574257425 0.024752475247524754 0.28217821782178215 0.024752475247524754 0.034653465346534656 0.034653465346534656 0.024752475247524754 0.024752475247524754 
0.02066115702479339 0.02066115702479339 0.02066115702479339 0.045454545454545456 0.0371900826446281 0.028925619834710745 0.02066115702479339 0.02066115702479339 0.028925619834710745 0.0371900826446281 0.045454545454545456 0.045454545454545456 0.06198347107438017 0.0371900826446281 0.29338842975206614 0.09504132231404959 0.05371900826446281 0.02066115702479339 0.02066115702479339 0.045454545454545456 
0.025179856115107913 0.017985611510791366 0.017985611510791366 0.017985611510791366 0.046762589928057555 0.06115107913669065 0.03237410071942446 0.017985611510791366 0.03237410071942446 0.025179856115107913 0.11870503597122302 0.19784172661870503 0.017985611510791366 0.017985611510791366 0.18345323741007194 0.03237410071942446 0.017985611510791366 0.08273381294964029 0.017985611510791366 0.017985611510791366 
0.029914529914529916 0.021367521367521368 0.021367521367521368 0.021367521367521368 0.021367521367521368 0.021367521367521368 0.021367521367521368 0.021367521367521368 0.021367521367521368 0.3717948717948718 0.021367521367521368 0.021367521367521368 0.021367521367521368 0.029914529914529916 0.029914529914529916 0.08974358974358974 0.021367521367521368 0.038461538461538464 0.021367521367521368 0.13247863247863248 
0.036885245901639344 0.020491803278688523 0.020491803278688523 0.036885245901639344 0.036885245901639344 0.020491803278688523 0.1680327868852459 0.020491803278688523 0.036885245901639344 0.020491803278688523 0.020491803278688523 0.1680327868852459 0.028688524590163935 0.036885245901639344 0.020491803278688523 0.1680327868852459 0.020491803278688523 0.028688524590163935 0.036885245901639344 0.05327868852459016 
0.03684210526315789 0.02631578947368421 0.02631578947368421 0.02631578947368421 0.3105263157894737 0.02631578947368421 0.08947368421052632 0.02631578947368421 0.02631578947368421 0.03684210526315789 0.02631578947368421 0.04736842105263158 0.03684210526315789 0.02631578947368421 0.07894736842105263 0.02631578947368421 0.02631578947368421 0.04736842105263158 0.02631578947368421 0.02631578947368421 
0.026041666666666668 0.026041666666666668 0.026041666666666668 0.06770833333333333 0.057291666666666664 0.026041666666666668 0.026041666666666668 0.026041666666666668 0.036458333333333336 0.13020833333333334 0.026041666666666668 0.036458333333333336 0.11979166666666667 0.036458333333333336 0.13020833333333334 0.057291666666666664 0.046875 0.036458333333333336 0.026041666666666668 0.036458333333333336 
0.012315270935960592 0.012315270935960592 0.012315270935960592 0.012315270935960592 0.45566502463054187 0.012315270935960592 0.022167487684729065 0.012315270935960592 0.017241379310344827 0.027093596059113302 0.03694581280788178 0.027093596059113302 0.027093596059113302 0.03201970443349754 0.03694581280788178 0.0665024630541872 0.11576354679802955 0.027093596059113302 0.017241379310344827 0.017241379310344827 
0.03879310344827586 0.021551724137931036 0.021551724137931036 0.04741379310344827 0.1939655172413793 0.03017241379310345 0.11637931034482758 0.021551724137931036 0.021551724137931036 0.021551724137931036 0.04741379310344827 0.021551724137931036 0.05603448275862069 0.08189655172413793 0.021551724137931036 0.07327586206896551 0.06465517241379311 0.03017241379310345 0.021551724137931036 0.04741379310344827 
0.08024691358024691 0.030864197530864196 0.030864197530864196 0.11728395061728394 0.06790123456790123 0.043209876543209874 0.030864197530864196 0.030864197530864196 0.030864197530864196 0.030864197530864196 0.030864197530864196 0.043209876543209874 0.15432098765432098 0.043209876543209874 0.043209876543209874 0.030864197530864196 0.05555555555555555 0.030864197530864196 0.030864197530864196 0.043209876543209874 
0.013513513513513514 0.009652509652509652 0.009652509652509652 0.009652509652509652 0.0444015444015444 0.021235521235521235 0.052123552123552123 0.009652509652509652 0.009652509652509652 0.013513513513513514 0.0637065637065637 0.013513513513513514 0.07915057915057915 0.09845559845559845 0.32625482625482627 0.14092664092664092 0.021235521235521235 0.025096525096525095 0.021235521235521235 0.017374517374517374 
0.021929824561403508 0.021929824561403508 0.021929824561403508 0.021929824561403508 0.03070175438596491 0.021929824561403508 0.021929824561403508 0.021929824561403508 0.021929824561403508 0.32894736842105265 0.039473684210526314 0.021929824561403508 0.03070175438596491 0.03070175438596491 0.04824561403508772 0.021929824561403508 0.16228070175438597 0.03070175438596491 0.03070175438596491 0.04824561403508772 
0.02295918367346939 0.012755102040816327 0.012755102040816327 0.02295918367346939 0.4260204081632653 0.012755102040816327 0.058673469387755105 0.012755102040816327 0.017857142857142856 0.08928571428571429 0.04846938775510204 0.07908163265306123 0.04336734693877551 0.017857142857142856 0.017857142857142856 0.017857142857142856 0.03316326530612245 0.02806122448979592 0.012755102040816327 0.012755102040816327 
0.06190476190476191 0.023809523809523808 0.023809523809523808 0.06190476190476191 0.04285714285714286 0.023809523809523808 0.05238095238095238 0.023809523809523808 0.03333333333333333 0.10952380952380952 0.023809523809523808 0.023809523809523808 0.08095238095238096 0.16666666666666666 0.03333333333333333 0.1 0.03333333333333333 0.03333333333333333 0.023809523809523808 0.023809523809523808 
0.041666666666666664 0.02976190476190476 0.02976190476190476 0.16071428571428573 0.041666666666666664 0.02976190476190476 0.08928571428571429 0.02976190476190476 0.041666666666666664 0.05357142857142857 0.05357142857142857 0.02976190476190476 0.02976190476190476 0.02976190476190476 0.05357142857142857 0.05357142857142857 0.05357142857142857 0.08928571428571429 0.02976190476190476 0.02976190476190476 
0.018796992481203006 0.018796992481203006 0.018796992481203006 0.05639097744360902 0.22180451127819548 0.03383458646616541 0.2894736842105263 0.018796992481203006 0.018796992481203006 0.02631578947368421 0.05639097744360902 0.03383458646616541 0.018796992481203006 0.02631578947368421 0.02631578947368421 0.02631578947368421 0.018796992481203006 0.018796992481203006 0.018796992481203006 0.03383458646616541 
0.03398058252427184 0.024271844660194174 0.024271844660194174 0.03398058252427184 0.07281553398058252 0.03398058252427184 0.03398058252427184 0.024271844660194174 0.06310679611650485 0.024271844660194174 0.024271844660194174 0.024271844660194174 0.06310679611650485 0.024271844660194174 0.13106796116504854 0.18932038834951456 0.05339805825242718 0.03398058252427184 0.024271844660194174 0.06310679611650485 
0.05045871559633028 0.022935779816513763 0.022935779816513763 0.04128440366972477 0.022935779816513763 0.12385321100917432 0.05045871559633028 0.022935779816513763 0.04128440366972477 0.022935779816513763 0.03211009174311927 0.022935779816513763 0.022935779816513763 0.05045871559633028 0.05045871559633028 0.22477064220183487 0.04128440366972477 0.0779816513761468 0.03211009174311927 0.022935779816513763 
0.02287581699346405 0.016339869281045753 0.016339869281045753 0.02287581699346405 0.029411764705882353 0.016339869281045753 0.11437908496732026 0.016339869281045753 0.029411764705882353 0.06862745098039216 0.09477124183006536 0.02287581699346405 0.016339869281045753 0.016339869281045753 0.02287581699346405 0.2973856209150327 0.12745098039215685 0.016339869281045753 0.016339869281045753 0.016339869281045753 
0.038461538461538464 0.027472527472527472 0.027472527472527472 0.027472527472527472 0.07142857142857142 0.038461538461538464 0.027472527472527472 0.027472527472527472 0.17032967032967034 0.038461538461538464 0.07142857142857142 0.038461538461538464 0.038461538461538464 0.027472527472527472 0.027472527472527472 0.04945054945054945 0.038461538461538464 0.027472527472527472 0.027472527472527472 0.15934065934065933 
0.02100840336134454 0.02100840336134454 0.02100840336134454 0.0546218487394958 0.037815126050420166 0.029411764705882353 0.02100840336134454 0.02100840336134454 0.3067226890756303 0.037815126050420166 0.029411764705882353 0.02100840336134454 0.02100840336134454 0.046218487394957986 0.046218487394957986 0.07983193277310924 0.0546218487394958 0.06302521008403361 0.037815126050420166 0.029411764705882353 
0.045 0.025 0.025 0.075 0.045 0.025 0.035 0.025 0.035 0.035 0.235 0.035 0.045 0.025 0.025 0.025 0.035 0.025 0.155 0.025 
0.03024193548387097 0.010080645161290322 0.010080645161290322 0.018145161290322582 0.02620967741935484 0.018145161290322582 0.02620967741935484 0.010080645161290322 0.010080645161290322 0.010080645161290322 0.3810483870967742 0.08266129032258064 0.02620967741935484 0.018145161290322582 0.018145161290322582 0.16733870967741934 0.018145161290322582 0.07459677419354839 0.03024193548387097 0.014112903225806451 
0.016666666666666666 0.016666666666666666 0.016666666666666666 0.05 0.03666666666666667 0.043333333333333335 0.09666666666666666 0.016666666666666666 0.023333333333333334 0.023333333333333334 0.023333333333333334 0.023333333333333334 0.06333333333333334 0.03666666666666667 0.25 0.15666666666666668 0.03666666666666667 0.03 0.016666666666666666 0.023333333333333334 
0.020114942528735632 0.014367816091954023 0.014367816091954023 0.014367816091954023 0.04310344827586207 0.014367816091954023 0.04310344827586207 0.014367816091954023 0.02586206896551724 0.02586206896551724 0.03735632183908046 0.014367816091954023 0.014367816091954023 0.020114942528735632 0.014367816091954023 0.05459770114942529 0.5258620689655172 0.03735632183908046 0.03735632183908046 0.014367816091954023 
0.043689320388349516 0.024271844660194174 0.024271844660194174 0.09223300970873786 0.05339805825242718 0.024271844660194174 0.24757281553398058 0.024271844660194174 0.0825242718446602 0.024271844660194174 0.03398058252427184 0.024271844660194174 0.03398058252427184 0.05339805825242718 0.043689320388349516 0.06310679611650485 0.024271844660194174 0.024271844660194174 0.03398058252427184 0.024271844660194174 
0.03216374269005848 0.014619883040935672 0.014619883040935672 0.02046783625730994 0.049707602339181284 0.03216374269005848 0.03216374269005848 0.014619883040935672 0.02046783625730994 0.014619883040935672 0.06140350877192982 0.014619883040935672 0.038011695906432746 0.10818713450292397 0.0847953216374269 0.2719298245614035 0.1023391812865497 0.03216374269005848 0.02631578947368421 0.014619883040935672 
0.02976190476190476 0.02976190476190476 0.02976190476190476 0.02976190476190476 0.10119047619047619 0.02976190476190476 0.041666666666666664 0.02976190476190476 0.02976190476190476 0.05357142857142857 0.05357142857142857 0.02976190476190476 0.13690476190476192 0.02976190476190476 0.041666666666666664 0.08928571428571429 0.05357142857142857 0.05357142857142857 0.05357142857142857 0.05357142857142857 
0.028 0.02 0.02 0.036 0.18 0.036 0.052 0.02 0.028 0.028 0.036 0.02 0.108 0.036 0.22 0.02 0.02 0.036 0.028 0.028 
0.04521276595744681 0.013297872340425532 0.013297872340425532 0.013297872340425532 0.05585106382978723 0.013297872340425532 0.013297872340425532 0.013297872340425532 0.034574468085106384 0.013297872340425532 0.018617021276595744 0.034574468085106384 0.5026595744680851 0.08776595744680851 0.04521276595744681 0.013297872340425532 0.023936170212765957 0.018617021276595744 0.013297872340425532 0.013297872340425532 
0.028409090909090908 0.028409090909090908 0.028409090909090908 0.03977272727272727 0.1534090909090909 0.03977272727272727 0.10795454545454546 0.028409090909090908 0.028409090909090908 0.028409090909090908 0.0625 0.028409090909090908 0.07386363636363637 0.03977272727272727 0.08522727272727272 0.03977272727272727 0.028409090909090908 0.028409090909090908 0.03977272727272727 0.0625 
0.029661016949152543 0.0211864406779661 0.0211864406779661 0.029661016949152543 0.038135593220338986 0.0211864406779661 0.046610169491525424 0.0211864406779661 0.05508474576271186 0.029661016949152543 0.0211864406779661 0.11440677966101695 0.029661016949152543 0.0211864406779661 0.18220338983050846 0.0211864406779661 0.0211864406779661 0.09745762711864407 0.0211864406779661 0.15677966101694915 
0.04945054945054945 0.027472527472527472 0.027472527472527472 0.04945054945054945 0.038461538461538464 0.038461538461538464 0.06043956043956044 0.027472527472527472 0.027472527472527472 0.13736263736263737 0.04945054945054945 0.027472527472527472 0.038461538461538464 0.14835164835164835 0.038461538461538464 0.08241758241758242 0.04945054945054945 0.027472527472527472 0.027472527472527472 0.027472527472527472 
0.038135593220338986 0.0211864406779661 0.0211864406779661 0.1059322033898305 0.08898305084745763 0.0211864406779661 0.13983050847457626 0.0211864406779661 0.029661016949152543 0.0211864406779661 0.0211864406779661 0.0211864406779661 0.038135593220338986 0.038135593220338986 0.046610169491525424 0.1906779661016949 0.046610169491525424 0.0211864406779661 0.0211864406779661 0.046610169491525424 
0.0625 0.01644736842105263 0.01644736842105263 0.01644736842105263 0.029605263157894735 0.01644736842105263 0.029605263157894735 0.01644736842105263 0.023026315789473683 0.023026315789473683 0.08223684210526316 0.06907894736842106 0.049342105263157895 0.2532894736842105 0.01644736842105263 0.01644736842105263 0.1611842105263158 0.029605263157894735 0.05592105263157895 0.01644736842105263 
0.06481481481481481 0.009259259259259259 0.009259259259259259 0.053703703703703705 0.14629629629629629 0.016666666666666666 0.04259259259259259 0.009259259259259259 0.016666666666666666 0.020370370370370372 0.05740740740740741 0.012962962962962963 0.024074074074074074 0.29814814814814816 0.04259259259259259 0.012962962962962963 0.07962962962962963 0.05 0.020370370370370372 0.012962962962962963 
0.050595238095238096 0.01488095238095238 0.01488095238095238 0.026785714285714284 0.11011904761904762 0.03273809523809524 0.050595238095238096 0.01488095238095238 0.026785714285714284 0.05654761904761905 0.03869047619047619 0.020833333333333332 0.13392857142857142 0.01488095238095238 0.30654761904761907 0.020833333333333332 0.01488095238095238 0.01488095238095238 0.020833333333333332 0.01488095238095238 
0.09710743801652892 0.010330578512396695 0.010330578512396695 0.03512396694214876 0.04338842975206612 0.010330578512396695 0.07231404958677685 0.010330578512396695 0.022727272727272728 0.01859504132231405 0.047520661157024795 0.01859504132231405 0.022727272727272728 0.03925619834710744 0.3987603305785124 0.07644628099173553 0.01859504132231405 0.014462809917355372 0.014462809917355372 0.01859504132231405 
0.02 0.014285714285714285 0.014285714285714285 0.18 0.3457142857142857 0.03142857142857143 0.014285714285714285 0.014285714285714285 0.02 0.014285714285714285 0.02 0.025714285714285714 0.025714285714285714 0.06571428571428571 0.014285714285714285 0.02 0.04857142857142857 0.054285714285714284 0.025714285714285714 0.03142857142857143 
0.068 0.02 0.02 0.02 0.044 0.02 0.02 0.02 0.028 0.084 0.028 0.02 0.084 0.044 0.044 0.116 0.052 0.188 0.028 0.052 
0.028735632183908046 0.028735632183908046 0.028735632183908046 0.028735632183908046 0.05172413793103448 0.05172413793103448 0.028735632183908046 0.028735632183908046 0.23563218390804597 0.07471264367816093 0.028735632183908046 0.040229885057471264 0.05172413793103448 0.028735632183908046 0.040229885057471264 0.028735632183908046 0.040229885057471264 0.06321839080459771 0.028735632183908046 0.06321839080459771 
0.052845528455284556 0.02032520325203252 0.02032520325203252 0.02032520325203252 0.3617886178861789 0.036585365853658534 0.028455284552845527 0.02032520325203252 0.06097560975609756 0.02032520325203252 0.036585365853658534 0.028455284552845527 0.036585365853658534 0.044715447154471545 0.028455284552845527 0.044715447154471545 0.07723577235772358 0.02032520325203252 0.02032520325203252 0.02032520325203252 
0.06716417910447761 0.03731343283582089 0.03731343283582089 0.03731343283582089 0.03731343283582089 0.03731343283582089 0.03731343283582089 0.03731343283582089 0.09701492537313433 0.03731343283582089 0.05223880597014925 0.03731343283582089 0.03731343283582089 0.05223880597014925 0.05223880597014925 0.03731343283582089 0.03731343283582089 0.11194029850746269 0.03731343283582089 0.08208955223880597 
0.05223880597014925 0.03731343283582089 0.03731343283582089 0.03731343283582089 0.12686567164179105 0.05223880597014925 0.03731343283582089 0.03731343283582089 0.03731343283582089 0.03731343283582089 0.06716417910447761 0.03731343283582089 0.05223880597014925 0.03731343283582089 0.03731343283582089 0.03731343283582089 0.11194029850746269 0.05223880597014925 0.03731343283582089 0.03731343283582089 
