0.08231146552059301 0.11489869723633163 0.05840706416992762 0.11793567184781335 0.1095949100392452 0.09976484731180853 0.11598701367268575 0.09960510268321593 0.08303575111572441 0.11845947640265451 
0.5821029550584436 0.03384795413872723 0.03384795413872726 0.1138454136416894 0.033847954138727224 0.03384795413872721 0.043625414585111176 0.05733849188240216 0.03384795413872721 0.033847954138727196 
0.5711892907300786 0.04403258745952742 0.03432445789972007 0.06348778495807782 0.03432445789972008 0.034324457899720065 0.050391913969217494 0.034324457899720114 0.03432445789972002 0.0992761333845026 
0.38225923543087326 0.0438238866570695 0.043823886657069495 0.05609833733406941 0.04382388665706951 0.0438238866570695 0.21586827557469004 0.0438238866570695 0.06757429083173595 0.05908042754325531 
0.5944892054712275 0.06410651107210462 0.03165527260134008 0.03165527260133826 0.031655272601340045 0.031655272601340045 0.05223271336985705 0.031655272601340045 0.06812158882081379 0.06277361825926268 
0.3863873978461048 0.04255685842670551 0.05322016253152285 0.20545272932757502 0.04255685842670544 0.04255685842670543 0.058318321298811204 0.04255685842670543 0.08383709686250718 0.04255685842670543 
0.42030270525313285 0.1557946855344397 0.0452405866186091 0.037416590097038946 0.03741659009703909 0.037416590097039036 0.03741659009703911 0.03741659009703905 0.037416590097039064 0.15416248201159313 
0.5063432552673746 0.10864703523085063 0.03883132818643418 0.03883132818643407 0.03883132818643409 0.03883132818643411 0.0870045787554477 0.03883132818643407 0.049817357491931155 0.054031132322198965 
0.7840937984755435 0.02321626145884842 0.02605326333688995 0.02303869130840785 0.018625420243040976 0.018625420243041108 0.023720045690086632 0.018625420243041098 0.04069180895513886 0.023309870045913204 
0.19292649508128082 0.05366152400681037 0.03666459715041413 0.35614835962847585 0.03666459715041413 0.03666459715041412 0.16633654109405827 0.03666459715041406 0.047604094437274494 0.03666459715041437 
0.5206188108576933 0.0305507171318898 0.03839515302745657 0.03055071713188978 0.03055071713188981 0.03055071713188982 0.030550717131889844 0.030550717131889855 0.2204268469552287 0.03725488636826921 
0.5134867682633686 0.04952006776696991 0.04952006776696981 0.04952006776697002 0.049520067766969884 0.04952006776696991 0.04952006776696979 0.04952006776696982 0.04952006776696987 0.09035268960081799 
0.2953994291575935 0.09048622768507464 0.12383714302519844 0.0524993257550204 0.05249932575502014 0.05249932575502014 0.05249932575502017 0.0524993257550202 0.13143382489189204 0.0963467464651489 
0.5777982313646469 0.019508114486664695 0.019508114486664736 0.01950811448666479 0.01950811448666474 0.0195081144866647 0.019508114486664764 0.01950811448666471 0.24609412090323607 0.03955084632546169 
0.27982842091933247 0.10619863341921244 0.06780975570857944 0.09794499679460854 0.04267470408906526 0.04267470408906527 0.1656954936359171 0.04267470408906527 0.07842128283577152 0.07607730441939602 
0.22550262627039877 0.14373639493351642 0.07409364849691029 0.09042431630177182 0.07409364849691027 0.07409364849691027 0.07409364849691027 0.07409364849691027 0.07409364849691025 0.09577477151285284 
0.490682777287742 0.07574066025163526 0.04434222218398444 0.08248506016476266 0.0443422221839844 0.04434222218398439 0.04434222218398437 0.06523901386060915 0.05484218158079172 0.05364141811850282 
0.47085243206674765 0.10208721341708783 0.03463911038592246 0.13165115736263278 0.03463911038592243 0.03463911038592245 0.0346391103859227 0.03463911038592246 0.04460370712939454 0.07760993809450574 
0.5612566001938593 0.0653463182938164 0.05752480306349782 0.040008671669472785 0.040008671669473125 0.0400086716694731 0.06050788749531583 0.04000867166947313 0.04000867166947311 0.05532103260611935 
0.3620201025921277 0.1506937560084938 0.15189521162978795 0.04054644440633668 0.04054644440633599 0.040546444406336 0.040546444406336 0.06221156681899909 0.04054644440633598 0.07044714091892153 
0.5587486758162794 0.06106102295295404 0.04029484179128861 0.050423997910265785 0.04029484179128857 0.04029484179128849 0.04029484179128854 0.05335678026483977 0.07493531409920957 0.04029484179128861 
0.4034355389761065 0.38095214973202085 0.04981183815193876 0.031159347339674796 0.019505580203045866 0.019505580203045842 0.024673916266446744 0.019505580203045828 0.019505580203045925 0.03194488872163318 
0.1881968414740553 0.07182039962017947 0.0718203996201794 0.07182039962017947 0.07182039962017947 0.07182039962017948 0.16657762173279134 0.07182039962017947 0.08863327956508246 0.12566985950699572 
0.6653223566536645 0.03380811364813264 0.06800888742881565 0.026696953056129985 0.026696953056130065 0.026696953056130093 0.04875379329807726 0.026696953056130037 0.05062208369066887 0.02669695305613004 
0.5263291764249393 0.1408854909701617 0.04018410608827563 0.04722737202866248 0.03137531611186503 0.031375316111865025 0.07344606309184526 0.03137531611186503 0.04642652694862232 0.031375316111865045 
0.3961416455769128 0.06327206401259255 0.05031594949679666 0.15104243780469215 0.05031594949679666 0.05031594949679664 0.06289296781980014 0.05031594949679663 0.06107706606764824 0.06431002073116074 
0.33766169751147085 0.0877927070841523 0.03700533915607515 0.10241439144323818 0.03700533915607524 0.037005339156075255 0.2074376279590172 0.04473219612640393 0.05555633677373156 0.05338902563376193 
0.24977177757003294 0.06827000767848075 0.18791807508480984 0.07835132814766951 0.05313325468923594 0.05313325468923592 0.10921474421149036 0.0655298421480182 0.06992429599356317 0.0647534197874691 
0.6175636684537749 0.021826755063372415 0.04875371660559005 0.13987933742444447 0.021826755063372366 0.021826755063372488 0.03570316831276358 0.021826755063372352 0.04896633388655611 0.021826755063372116 
0.6061028406347877 0.06567752234241467 0.046003222533426424 0.05269264948872662 0.044718698616676544 0.035492034606062234 0.04283692795971853 0.03549203460606219 0.035492034606062255 0.035492034606062164 
0.07576595249091622 0.050017331650298265 0.050017331650298265 0.05001733165029733 0.050017331650298265 0.05001733165029824 0.44795182538142353 0.05001733165029825 0.07377914564598875 0.10239908657987448 
0.17628267878221057 0.09522283287578598 0.07831165777563442 0.13128479845645943 0.0641265281573258 0.0641265281573258 0.15299559080756 0.0641265281573258 0.09440200008454244 0.07912085674582502 
0.42462984590466757 0.05971104786665276 0.09079559368277733 0.05022889942868108 0.04006617898167672 0.040066178981676706 0.10088865699713608 0.04006617898167669 0.04006617898167669 0.11348124019337077 
0.3908458408981292 0.060708817297589375 0.04814618275395019 0.06389009222301274 0.029149048614854792 0.02914904861485476 0.0380493983396312 0.029149048614854792 0.035959846966894686 0.2749526756762125 
0.2547595434297169 0.09276782850921163 0.06775301812095086 0.16154997944410024 0.048888559403025854 0.04888855940302584 0.13670584853010415 0.0620547815730796 0.04888855940302586 0.07774332218374519 
0.4846535978826464 0.038049087766626896 0.09734756693177755 0.06568686018355749 0.03804908776662671 0.038049087766626716 0.04812660703048876 0.038049087766626695 0.047832305957965296 0.10415671094703965 
0.17268761487874743 0.03080862720973075 0.023817419809911394 0.03647989775890184 0.023817419809911537 0.023817419809911543 0.031615330017979684 0.02381741980991152 0.3251530181977107 0.3079858326972959 
0.25471226291741894 0.041216422799412664 0.058868663706400155 0.05993350642164702 0.01600732073887204 0.01600732073887205 0.30037615510035653 0.01964974763657642 0.02391667009103553 0.20931192984941716 
0.2625415819905674 0.14200541971304761 0.05579323978903182 0.12146801319563137 0.0449588211588852 0.04495882115888521 0.11773936992642445 0.044958821158885234 0.10018710280995216 0.0653888090986909 
0.08747116506142663 0.12098319604717182 0.053747970166677025 0.3047089926931463 0.05374797016667723 0.053747970166677206 0.13917718775492438 0.06692964914102896 0.053747970166677206 0.06573792863557087 
0.4490269403573207 0.04815153574771328 0.08370807590688396 0.07063885878578895 0.04815153574771331 0.04815153574771327 0.09613687201710475 0.04815153574771327 0.04815153574771327 0.059731574194288095 
0.44135590289339055 0.03666029581775586 0.05320240979308693 0.09256641833102369 0.036660295817756004 0.03666029581775601 0.04656431318955132 0.04504958872964258 0.14617688519830205 0.06510359441173146 
0.3717069644761613 0.05641273611498904 0.04590641416672525 0.10669107441687237 0.04590641416672533 0.045906414166725286 0.12628746866163493 0.04590641416672535 0.0686299852998534 0.08664611436358594 
0.06686633827777877 0.05502867466698259 0.05136382586528899 0.3499927836653381 0.029687716132955233 0.02968771613295523 0.2404704573192999 0.02968771613295523 0.08408942127877832 0.06312535052768474 
4.368928106829797E-4 7.345632940376122E-4 4.36892810682975E-4 4.368928106829749E-4 4.368928106829749E-4 4.368928106829749E-4 6.029766088653148E-4 0.9953457072804132 4.368928106829747E-4 6.953959525860233E-4 
0.5387638086475864 0.08779043632393785 0.05468149783991935 0.10412161504881486 0.028992998803018352 0.028992998803018324 0.02899299880301832 0.028992998803018304 0.028992998803018373 0.06967764812463738 
0.25424337613252523 0.047687952795998315 0.048241770559106646 0.08145752746731785 0.039523684572402296 0.03952368457240227 0.03952368457240235 0.03952368457240228 0.3621275673057236 0.04814706744971077 
0.1687829120548039 0.03819848612138415 0.038198486121384184 0.03819848612138414 0.03819848612138417 0.03819848612138416 0.03819848612138418 0.038198486121384156 0.4633527905470775 0.10047489454839882 
0.1925088694288719 0.18276985162279483 0.13761411959133324 0.113095859375486 0.04419769362387286 0.04419769362387284 0.07583782660575247 0.04419769362387281 0.04419769362387278 0.12138269888027393 
0.32079724952267596 0.035148746977821284 0.022162702809423885 0.05665482633433532 0.022162702809423868 0.022162702809423906 0.02216270280942386 0.02216270280942383 0.2487880047724277 0.22779765834560176 
0.1889466265261344 0.09822236262381652 0.05540811599688889 0.11499707565611145 0.04584776474929029 0.04584776474929032 0.08060524186894782 0.045847764749290316 0.26515255192156734 0.05912473115865064 
0.07517654659642106 0.042147752914642844 0.06677648206004523 0.2165573679108425 0.042147752914642886 0.042147752914642886 0.3886030859448535 0.04214775291464291 0.042147752914642914 0.0421477529146429 
0.2952590121637288 0.0810932274836602 0.155198438045504 0.04194635882533346 0.04194635882533342 0.041946358825333444 0.20713669521876935 0.0419463588253334 0.04194635882533335 0.05158083296166998 
0.07171801742101405 0.08398949573471233 0.04685326614787285 0.04685326614787335 0.04685326614787321 0.046853266147873204 0.11871519934880638 0.04685326614787321 0.06680343238024675 0.4245075243758948 
0.4293873721092187 0.07380743387731942 0.039816170068433056 0.07961814362656444 0.039816170068433215 0.03981617006843322 0.09926542737086333 0.05009286827035805 0.06302257894933858 0.0853576655910582 
0.12111858884236289 0.0455870988417819 0.04250762634220187 0.07994881803562504 0.03497857157179335 0.03497857157179335 0.12364685667149451 0.034978571571793356 0.1695480591375698 0.31270723741358813 
0.34500893795437687 0.07272197558739822 0.1305899612655425 0.06768846164667232 0.03592449567947344 0.035924495679473444 0.17392757490005392 0.0442770274440533 0.058012574163518044 0.03592449567947345 
0.20386833093443738 0.05862403286930535 0.03974872223461113 0.10115324249212418 0.03974872223461122 0.03974872223461123 0.09050545580501489 0.03974872223461122 0.3244752909095784 0.06237875805109998 
0.42552959112663047 0.10713167196759621 0.13425017967805483 0.059093744446047626 0.040658357515339354 0.040658357515339395 0.04998431114938578 0.040658357515339374 0.06137707157092259 0.04065835751533948 
0.5129580651639718 0.060703423463433784 0.04934542817315919 0.055538128022637065 0.03142410803164573 0.03142410803164573 0.08211732836592009 0.05659443217278696 0.07434294818294937 0.04555203039182984 
0.5516133199535965 0.05772960840207358 0.1189779828241797 0.05191792602249936 0.02630958607379403 0.026309586073793998 0.04334151889348806 0.026309586073794022 0.036610617857978076 0.06088026782482052 
0.05682143709344314 0.033281311951457095 0.474574649182274 0.03328131195145718 0.03328131195145715 0.0332813119514572 0.07941561790781203 0.03328131195145719 0.18950042410776646 0.03328131195145714 
0.2156605874698961 0.06339421481717285 0.05477785307246581 0.037156899936157256 0.030203695169782524 0.03020369516978254 0.261699015775993 0.030203695169782496 0.08230171817835989 0.19439862524058762 
0.8009672006359518 0.0193100500152787 0.029887065926550077 0.01931005001529099 0.019310050015278656 0.019310050015278614 0.019310050015278635 0.01931005001527867 0.024659008753461303 0.028626424592403575 
0.42148432523008766 0.10207595890727965 0.10552073746238402 0.046032896489873174 0.03733032174190526 0.03733032174190528 0.0879752569293323 0.03733032174190527 0.08758953801340003 0.03733032174190527 
0.5451366468782646 0.026011883459911542 0.043744279190015334 0.2413013118194116 0.018102793280759748 0.018102793280759782 0.03414012100746624 0.01810279328075982 0.01810279328075976 0.03725458452183447 
0.5176097001620561 0.026247608143769918 0.03584448934088983 0.08735511017045061 0.026247608143770005 0.026247608143770022 0.16366055712963126 0.026247608143770015 0.06429210247806982 0.02624760814377008 
0.12171788975556214 0.2181079582387744 0.05249653676291248 0.21430193196885555 0.06793345619866378 0.05249653676291238 0.07578768588942492 0.0661034132155142 0.06336816590838047 0.06768642529898987 
0.2963793090031582 0.21923402450545432 0.02602497704635519 0.06401697827235776 0.014525647443544077 0.014525647443544098 0.1708123902344695 0.01873141434435155 0.025181732608255774 0.15056787909852787 
0.03683839100860151 0.05135912495066699 0.3464955759084606 0.24406657425847658 0.036838391008602096 0.03683839100860209 0.06587332587310062 0.03683839100860208 0.07533539465178235 0.06951644032309597 
0.8033035496746264 0.016406052275676906 0.027810130533870582 0.0482823898075975 0.01312672345045401 0.013126723450453997 0.02209569308541336 0.013126723450454012 0.016253302461294257 0.026468711810160504 
0.34337812085969394 0.15289628292886118 0.08968274509621697 0.07004405511676777 0.03906177030503191 0.039061770305031926 0.13198893962004923 0.03906177030503191 0.039061770305031766 0.055762775158258324 
0.09237467545774453 0.060512227436083546 0.09642202840475556 0.21416425028363567 0.04894866382408113 0.048948663824081154 0.24295855357287482 0.048948663824081154 0.09777360954858041 0.048948663824081154 
0.38290242858137397 0.07805357222982938 0.059992363098024366 0.03908467145661961 0.02652302323113682 0.026523023231136877 0.2683139375767998 0.02652302323113682 0.0324446160680128 0.05963934129595063 
0.21420104970470752 0.07530592803042079 0.04036223063588625 0.10225966609010553 0.04036223063588619 0.040362230635886204 0.26548520140524795 0.040362230635886204 0.08395056252772887 0.09734866969825699 
0.07973376846062381 0.11375382347570336 0.0836213110239853 0.11673147571531953 0.0723786101313902 0.03728689652342152 0.2542957384173708 0.037286896523421535 0.0563946995600032 0.14851678016874856 
0.070700617409713 0.024896135104226814 0.09260581943497365 0.4367325805648625 0.02489613510422685 0.024896135104226814 0.24420915262223392 0.024896135104226846 0.03127115444707705 0.024896135104226877 
0.08148541216751136 0.044998637812862306 0.07853144113148024 0.08254181299099689 0.04499863781286229 0.044998637812862285 0.09005207441606453 0.04499863781286229 0.3919911843632641 0.0954035236792569 
0.17035208023163503 0.05962956581414906 0.0513620087019652 0.10045663590713612 0.033144550294866085 0.03314455029486604 0.07273210492012125 0.041689846094437405 0.3796584071137884 0.05783025062702753 
0.0747744289733028 0.07183120502055149 0.042693060541211005 0.07278585547618459 0.04269306054121209 0.042693060541212094 0.09709588110747319 0.06899684725030511 0.0706222245957341 0.41581437595279147 
0.12111586122986988 0.06195517366433029 0.015294205335614656 0.080591714027614 0.015294205335615351 0.015294205335615367 0.11354857593694827 0.015294205335615357 0.036570208351490906 0.5250416454472744 
0.2100506034609559 0.05273188821115542 0.025375283396555325 0.10985144507631776 0.025375283396555218 0.025375283396555218 0.41086539603097094 0.025375283396555193 0.07828704126775797 0.03671249236661967 
0.033438143885263436 0.027654115878210074 0.033303512068056734 0.6542824574628171 0.021596781895143472 0.02159678189514348 0.06288578727205842 0.021596781895143476 0.02845958869745194 0.09518604905071044 
0.1271368888111243 0.05066662633611492 0.07082448398275673 0.08952063976903901 0.041947783235550574 0.041947783235550574 0.4013707858049752 0.04194778323555054 0.08337615144169563 0.05126107414762851 
0.41302929420062706 0.052407138749242535 0.038609447217231606 0.24751945150965765 0.01996428313101957 0.01996428313101971 0.09920579625975055 0.019964283131019656 0.01996428313101964 0.06937173953940803 
0.2690100773458135 0.12791612921364257 0.1798045671919455 0.06200157919751866 0.07019336406496487 0.04913997165670435 0.05947974766706663 0.04913997165670436 0.06142468696836068 0.07188990503727696 
0.46041943476929614 0.16613900505806212 0.04841326385077347 0.07702692599663431 0.03360889912441602 0.03360889912441619 0.04518623693821587 0.04492458580799021 0.04916947747102573 0.04150327185915221 
0.5245111432208672 0.1924136240390783 0.02434662750092753 0.08950294404074467 0.019504440677036498 0.019504440677036574 0.040688575794578324 0.02674292904509069 0.02930301623101234 0.03348225877360386 
0.5547727887262277 0.036192197029047427 0.053870012637210744 0.0439776986728333 0.03619219702904744 0.03619219702904744 0.11238957251005048 0.036192197029047427 0.05402894230844251 0.036192197029047427 
0.18695508854945667 0.03501509290915874 0.07796062444197491 0.052699077777620604 0.03501509290915871 0.03501509290915874 0.05196194407074826 0.03501509290915875 0.4306440373332721 0.059718856190257304 
0.09972784799578112 0.14939994877656654 0.2349876042188403 0.12597946220016723 0.047492222123848744 0.04749222212384874 0.13899785150244154 0.04749222212384875 0.04749222212384876 0.06093839681080148 
0.1565948931595283 0.049811958634273824 0.0520042352670202 0.10834005495125389 0.033121387370993946 0.033121387370993946 0.44423641489610066 0.04009479710541144 0.049553483873425105 0.03312138737099387 
0.09123957849410155 0.3468962625579616 0.05264586328577564 0.21976250564281619 0.02594807817805229 0.025948078178052277 0.03169246545085183 0.02594807817805233 0.03699174279316974 0.14292734724116762 
0.04011194042967365 0.523564768342593 0.044440864943694085 0.17998528653589363 0.013179858988490854 0.013179858988490903 0.09154381296193433 0.013179858988490863 0.023015937474613637 0.05779781234613011 
0.381545598887389 0.1784729062306908 0.1551920175721019 0.05408342584252567 0.02755569283126198 0.022834387775500408 0.06693961564185562 0.02283438777550047 0.043873156610548435 0.0466688108326487 
0.5184395778641968 0.14056906060022092 0.025834894881892757 0.04951970529527639 0.016084375815547013 0.016084375815547017 0.16178186686626556 0.01608437581554702 0.021913438965884824 0.03368832807965543 
0.28761375854106674 0.04483356746848416 0.04203120742879126 0.2512892006575907 0.022114738814116013 0.02211473881411601 0.13873974829081603 0.022114738814116058 0.07411307579867922 0.09503522537220907 
0.26229470492562057 0.08859456479711554 0.10044105597720351 0.07730291411401795 0.03143938296674962 0.031439382966749606 0.13175404503945154 0.031439382966749634 0.21385518327958805 0.03143938296675035 
0.15571118489953661 0.09293716297925565 0.06220767590111089 0.048429627161263304 0.048429627161263325 0.04842962716126335 0.07023033665741818 0.048429627161263325 0.37676550375638 0.0484296271612634 
0.44604367027521175 0.04454996108506306 0.044013527227229184 0.26049496461586297 0.029975241846719222 0.02997524184671915 0.04114156899713334 0.02997524184671919 0.03633486357553629 0.037495718683755924 
0.08464063201457059 0.08736928694296181 0.0850614945403948 0.12058343396383189 0.06799815171702658 0.06799815171702658 0.06799815171702661 0.06799815171702658 0.28235439395310125 0.06799815171702654 
0.1215251528276304 0.1337846803593121 0.08476046384848455 0.21402008756366486 0.06650334060935927 0.06650334060935927 0.06650334060935931 0.06650334060935925 0.0665033406093593 0.11339291235410992 
0.11751740521374418 0.03969097746155081 0.04797288430577903 0.10357439775371388 0.03198672376437435 0.031986723764374336 0.22958560446741966 0.04847620059745931 0.09543660009622694 0.2537724825753493 
0.26734553031456443 0.283358476732307 0.10469769133988097 0.06481518342934427 0.04129765520524032 0.0412976552052403 0.05466271481650516 0.04129765520524027 0.0506618067758365 0.05056563097583922 
0.20791483662432886 0.06726079467155782 0.05885993185841713 0.22553755708707587 0.0422876371035507 0.04228763710355067 0.10805802945326945 0.04228763710355069 0.05925178761067354 0.1462541513840324 
0.30534977787461864 0.04285918732534313 0.05367288898604205 0.15160240150044463 0.04285918732534316 0.042859187325343134 0.20170375971436771 0.042859187325343155 0.054852030145882504 0.06138239247726427 
0.19305641489645156 0.0442448948337471 0.13629761437643323 0.06879182088282393 0.030923931505675767 0.030923931505675725 0.0663445191136683 0.03092393150567574 0.12136442514408496 0.27712851623577894 
0.08136200792098633 0.035992580783734955 0.04585881529751428 0.044889012616252125 0.024350545196296664 0.024350545196296654 0.02435054519629669 0.02435054519629662 0.32823785586987203 0.36625754672647726 
0.3193541880930914 0.03511679854148892 0.17838224328835106 0.08888324651974909 0.043863854147728504 0.035116798541489073 0.12580671743182673 0.03511679854148906 0.09438518773559001 0.043974167159181905 
0.05615425568297503 0.334312251154902 0.028688794606233817 0.09095126924361156 0.028688794606233886 0.02868879460623382 0.03493635707705174 0.028688794606233792 0.028688794606233785 0.3402018938102996 
0.4351240983230366 0.15787706199516469 0.03370425564191072 0.04293672905908296 0.03370425564191074 0.033704255641910846 0.1395841121887658 0.03370425564191073 0.03370425564191074 0.05595672022440028 
0.09346241623199521 0.08135802192035556 0.05381140545612078 0.05381140545612123 0.05381140545612123 0.05381140545612126 0.19116397579349165 0.053811405456121245 0.06478548527647507 0.30017307349706734 
0.3301954053481242 0.18833395821244103 0.10179790451823445 0.1320054046238993 0.026069285261920525 0.026069285261920545 0.07551029046519056 0.03273571363808877 0.026069285261920462 0.06121346740828084 
0.4774725733482128 0.07926501520887254 0.040742085876699884 0.142166394143229 0.03159040051572926 0.03159040051572925 0.06205602816246887 0.03159040051572925 0.03159040051572881 0.07193630119759378 
0.046987451208433784 0.05661941521290492 0.1107662012348513 0.1919414941379271 0.03880161491858521 0.03880161491858534 0.038801614918585206 0.0388016149185852 0.0388016149185852 0.3996773636129934 
0.09391662147816016 0.10276684157830172 0.04006988061072823 0.09359741667184701 0.04006988061072824 0.04006988061072827 0.4338938012988223 0.04006988061072827 0.04914098708801993 0.06640480944191779 
0.3348567706073638 0.10539403330605901 0.07531688031969885 0.048818478266621564 0.03997808062075731 0.03997808062075731 0.06057898945382387 0.03997808062075727 0.15227686968014842 0.10282373650400169 
0.10604855892908462 0.07445919622212496 0.15610681832992418 0.09728060085197657 0.04690182890784533 0.046901828907845305 0.2747312767887744 0.04690182890784533 0.10376623324672966 0.04690182890784535 
0.15215547851126826 0.2324332412664214 0.0943107967562536 0.1983091221229873 0.03265677955202383 0.03265677955202376 0.12481993672211537 0.03265677955202382 0.05232252625261818 0.04767855971226752 
0.1275870659232681 0.313289827138019 0.04224444204127938 0.16002325780413093 0.04224444204127932 0.04224444204127932 0.05106172950941138 0.0422444420412793 0.0634466837967574 0.11561366766328081 
0.02285099683338518 0.08156772899657025 0.2846157206845322 0.0454281870030865 0.02285099683338607 0.02285099683338606 0.38452729673498337 0.02285099683338603 0.05051709874756185 0.06193998049972465 
0.05736347283423077 0.32335930973417915 0.049632237410163024 0.07355977193095478 0.0335417621899884 0.03354176218998838 0.22087041849022296 0.04333347068472443 0.033541762189988375 0.13125603234554956 
0.08105604849590578 0.09057584672265065 0.32174056019015035 0.06537286303870123 0.05364205482854682 0.05364205482854681 0.1086054350775527 0.053642054828546865 0.10666355036724108 0.06505953162215923 
0.3808954513768535 0.07247743297176973 0.06933960237170422 0.053325946985594126 0.0311775384514281 0.031177538451428122 0.2182312354556771 0.03117753845142811 0.03796558117752149 0.07423213430659435 
0.05967648736291164 0.04219133539837205 0.04301414426638954 0.040252562225155775 0.028887179759315016 0.02888717975931496 0.042766955007059945 0.028887179759314954 0.47261106489616583 0.21282591156594657 
0.04373131476742479 0.085520119819982 0.6461805769422547 0.055411353045192124 0.018276514376220913 0.01827651437622091 0.04610173760253026 0.018276514376220885 0.02840944355348117 0.039815911140471956 
0.17163147826105016 0.23473542128577315 0.08933519931922135 0.07180035571215437 0.02816245646133021 0.022798171740808365 0.3085185035646906 0.022798171740808348 0.022798171740808372 0.027422070173398403 
0.749573986529159 0.02910467000424715 0.04522978807397846 0.02993232588454357 0.02351689296990985 0.023516892969909855 0.028574764658400184 0.02351689296990987 0.023516892969909855 0.02351689296990989 
0.03840136436908351 0.4601995388078077 0.18526375453448027 0.060712862533194425 0.029828557530852652 0.029828557530852576 0.03939666285254525 0.03960083774276471 0.05321358002071111 0.06355428407768623 
0.1863407176638901 0.07093197551263886 0.25607644435173915 0.10246552918580201 0.04246440297882151 0.04246440297882149 0.061300539969880795 0.04246440297882151 0.1530271814007732 0.04246440297882137 
0.10470329575084387 0.04078618650456713 0.3686660451350932 0.055263862709112876 0.04078618650456714 0.04078618650456713 0.2073831285525229 0.04078618650456711 0.04078618650456711 0.060052735329592905 
0.06859456179025654 0.035761790843555616 0.04490815743394639 0.03576179084355559 0.035761790843555616 0.03576179084355556 0.035761790843555595 0.035761790843555616 0.05447342996755093 0.6174531057468837 
0.14512862551750774 0.08287685267045058 0.16298186907619797 0.09177308439009081 0.0690144771973104 0.0519914061407925 0.14639647042916185 0.051991406140792513 0.14585440229690458 0.05199140614079234 
0.05219894781632543 0.3883006339712656 0.11105368250741575 0.05219894781632504 0.052198947816325114 0.052198947816325114 0.07452289667543573 0.05219894781632513 0.07330922842192016 0.09181881934233553 
0.052543208610101186 0.07101308768592456 0.0968049226152662 0.21598809541260452 0.052543208610102025 0.05254320861010205 0.19355438398947028 0.05254320861010202 0.052543208610102025 0.15992346724622286 
0.13313322852349815 0.4738676164522993 0.08639648406116945 0.05562079222145363 0.03214101626029186 0.032141016260291894 0.08247828490834665 0.03214101626029188 0.03214101626029191 0.039939528792033475 
0.05432564180989554 0.4292000017293394 0.06854917499901983 0.17550632740409255 0.025657637777734076 0.025657637777734117 0.025657637777734086 0.02565763777773407 0.06135322516966397 0.1084350777770082 
0.047578387704740946 0.11204607104675582 0.024281721474343772 0.5729059863657846 0.03433200461190496 0.024281721474343737 0.08008673029547507 0.024281721474343772 0.024281721474343754 0.055923934077948226 
0.012286276538138182 0.01018321278890642 0.03182622521474746 0.04149940284229341 0.010183212788906413 0.010183212788906375 0.24066994194467034 0.010183212788906406 0.6180089774593858 0.014976324845195775 
0.036170669589025185 0.11390220195815254 0.09862686980897659 0.40221811296321086 0.028895288098241646 0.02889528809824159 0.08108981280623749 0.028895288098241646 0.047116875774795536 0.1341895928048667 
0.11886211426441584 0.32811723249074864 0.04644334715315237 0.09287374776976681 0.04644334715315238 0.04644334715315238 0.0464433471531524 0.04644334715315238 0.0674124606753167 0.1605177090339952 
0.046606216532691806 0.08318157965898171 0.1507231386386774 0.08111339171669175 0.05791336878196499 0.04660621653269208 0.05662780667635059 0.04660621653269209 0.3436649264407824 0.08695713848848835 
0.2742592695975215 0.16321926827003533 0.06353111534274467 0.174760169833366 0.030805796400284108 0.03080579640028407 0.12067919520298838 0.03080579640028412 0.05586020536091461 0.05527338719159781 
0.08022022167844706 0.09134413745628446 0.06625917787212458 0.08238371551069142 0.06625917787212454 0.06625917787212453 0.06625917787212457 0.06625917787212454 0.12554595796378382 0.28921007803017607 
0.06376653617205746 0.04867316722912849 0.1816943891617498 0.0891024071467982 0.04867316722912843 0.04867316722912842 0.07800360178173969 0.04867316722912842 0.28966728165946054 0.103073115161696 
0.06026430629635233 0.05846799230997928 0.04714475285151205 0.058883592776398465 0.06082816514240308 0.04714475285151203 0.047144752851512026 0.04714475285151203 0.5059573509847927 0.06701958108402552 
0.48764111438475466 0.04557599328309222 0.18514949459520472 0.07028820626518413 0.025642578246576717 0.02564257824657669 0.03217592504874134 0.02564257824657675 0.04679201361757864 0.055449518065717664 
0.28578395402875784 0.28362519731705044 0.11002930482210575 0.04805323773894907 0.03192592647062458 0.03192592647062465 0.09848473183753002 0.0396617096399374 0.03192592647062468 0.03858408520382058 
0.09964308693829775 0.20541755360183678 0.05009721995524712 0.09245884301748636 0.0406432498951936 0.04064324989519362 0.17723921563066405 0.09172409492281833 0.10190568891846273 0.10022779722480558 
0.0459933593748681 0.09814593197573261 0.04599335937487463 0.4521064700770562 0.04599335937487474 0.045993359374874726 0.0576110443971857 0.05661696805859474 0.09307141657534294 0.0584747314165916 
0.06707565319928262 0.3475713399384759 0.06979662966531477 0.10635932781323637 0.039979040476344735 0.03997904047634473 0.06959854661888358 0.039979040476344714 0.039979040476344686 0.1796823408593929 
0.09193592144820392 0.06738450856772008 0.10698778730320152 0.04977518274733251 0.049429048976309606 0.04031284536048185 0.2679321555059414 0.05009431963635809 0.09710174768210639 0.1790464827723556 
0.051369432324760676 0.05511501807949984 0.07967477614090426 0.04241723671242823 0.04241723671242825 0.04241723671242826 0.05998679038538925 0.042417236712428266 0.47546570079987516 0.10871933541980683 
0.059536208597093646 0.08128069761363155 0.09371154266962324 0.12715358898798768 0.0319457525217589 0.03194575252175885 0.34671794199545336 0.0319457525217589 0.14589142573283284 0.049871336838108175 
0.030637984847559873 0.06809540820904497 0.02128862444304457 0.1721619380936849 0.017606237686631554 0.01760623768663144 0.1322754084271307 0.017606237686631537 0.4230635523716061 0.09965837054803398 
0.09294665136864444 0.26511266074837914 0.04764738850212395 0.08402932714933632 0.012919033119102861 0.01291903311910285 0.058980323123411164 0.025159220048955554 0.019097709685903633 0.38118865313503203 
0.03151759108250706 0.04598695152496956 0.04014687141037014 0.0315175910825069 0.031517591082507075 0.03151759108250699 0.03868727535758894 0.031517591082507 0.5730996119068479 0.1444913343876929 
0.06990439612143086 0.11267171597655906 0.09177615954179594 0.37297437732137834 0.048202779553562995 0.048202779553562926 0.08843032331596591 0.048202779553562995 0.04820277955356298 0.07143190950859538 
0.02922230139176925 0.1144258197195446 0.052099538699962596 0.12541457784524795 0.02342183122316739 0.023421831223167346 0.04177421551744279 0.028668595095286162 0.08699454687370857 0.47455674241073226 
0.10042036302848735 0.06820609859094233 0.09245346921317156 0.04855752616500568 0.028069443744713988 0.02806944374471401 0.07971353114297741 0.028069443744713988 0.041929105136785286 0.48451157548846896 
0.11192732436458785 0.07894720588603191 0.06305947118613298 0.11246990064329805 0.06385908103832362 0.04874978323463761 0.15708522198066244 0.04874978323463763 0.06981710940006282 0.24533511903163197 
0.031214187768560473 0.025810711740124923 0.02581071174012505 0.06218066222859502 0.025810711740124927 0.025810711740124916 0.036012118983778346 0.025810711740124913 0.03283759377272126 0.7087018785457387 
0.10638488446975707 0.28272877806070656 0.10342585417896408 0.06037239773664243 0.06037239773664233 0.06037239773664233 0.09685509421125349 0.09265365020866037 0.06037239773664234 0.07646214792406957 
0.10992697264425551 0.05692041149609188 0.3590444388140531 0.035660409545214704 0.028360228806438827 0.02836022880643885 0.028360228806438844 0.028360228806438827 0.15025027796953216 0.1747565743051135 
0.24934481762501343 0.2084462335662843 0.03442629911028405 0.2219340787365029 0.034426299110283574 0.03442629911028354 0.0636155602268568 0.0344262991102836 0.03442629911028359 0.08452781429393293 
0.12045051010657702 0.29614360905736115 0.046286882951871076 0.3241051350833265 0.03170210915151963 0.03170210915151963 0.03170210915151969 0.03170210915151966 0.039570294369705605 0.046635131825129024 
0.0915624907367346 0.12241848984923505 0.06558436038122208 0.29784786428707705 0.0655843603812221 0.0655843603812221 0.08013459391180074 0.0655843603812221 0.0655843603812221 0.08011475930903621 
0.04091993757122423 0.44847482242246856 0.2423278116296664 0.060744795821946446 0.029708831338981702 0.024057862806117537 0.052407587129287225 0.024057862806117554 0.02958979888880403 0.04771068958538296 
0.06694059779947963 0.043493280061133684 0.024734852396273984 0.024734852396273904 0.024734852396274033 0.024734852396273953 0.07886141946973109 0.024734852396274 0.26349719467086535 0.42353324601738485 
0.06287135764834006 0.12038517700178032 0.10827031585165077 0.26092007654415317 0.037876500315320645 0.03787650031532054 0.10638006705737617 0.03787650031532054 0.05527373500944047 0.17226976994131138 
0.15858111233437006 0.1009561158193217 0.23673403312612862 0.1779983422158604 0.029308474024871536 0.029308474024871516 0.13874504377986566 0.04391309400568062 0.04278162441282082 0.04167368625619382 
0.07431812881407734 0.05020319368001758 0.14746197169270298 0.06580120143790902 0.050203193680017535 0.050203193680017494 0.07689666556806427 0.050203193680017515 0.384506064087172 0.05020319368001737 
0.059009478654470454 0.047618441568702125 0.07141030106616363 0.04761844156870202 0.04761844156870208 0.04761844156870207 0.04761844156870205 0.05792495569829961 0.430397047758408 0.1431660089791727 
0.03884870491110628 0.04980130855180903 0.09027773442511582 0.5276002255927069 0.016204154511089714 0.016204154511089704 0.18309901495379322 0.01620415451108969 0.04555639352106057 0.01620415451108987 
0.07287032461122689 0.2658340866900211 0.10627363361314254 0.07254808000314301 0.0583362889368251 0.05833628893682511 0.08638662847796252 0.0583362889368251 0.10680994768188025 0.11426843211214757 
0.129807957676301 0.06660823966204421 0.38279931817487595 0.054870746530110155 0.05487074653011002 0.054870746530110044 0.07978535751286409 0.05487074653011003 0.054870746530109926 0.06664539432338802 
0.059206913009946925 0.12700517294144303 0.08507806844473376 0.37881347896562395 0.02499013869639897 0.024990138696398934 0.19923444288436137 0.02499013869639897 0.04465894437484578 0.031032563289837244 
0.054322836332572545 0.044154620492318726 0.057475358045625785 0.0686112458112086 0.02797663814094362 0.021465050268543208 0.12550549531885186 0.021465050268543243 0.0776355167122603 0.5013881886091339 
0.04616927589215102 0.25788019206716895 0.09372535378292679 0.05853726227619104 0.04616927589215194 0.04616927589215192 0.2832352042700246 0.04616927589215193 0.0757756081429213 0.046169275892151945 
0.11707914647147613 0.22139021859143448 0.1265103632985604 0.07991855395906605 0.04836781855782294 0.048367818557822885 0.1895522845554817 0.048367818557822934 0.07207815889268612 0.04836781855782294 
0.05245637806884596 0.08577352110265365 0.06569504705175175 0.06626856353258913 0.05245637806884585 0.052456378068845864 0.17250380848504607 0.052456378068845864 0.1227031606080039 0.2772303869445719 
0.10142604813533779 0.07149824309980884 0.11738459172093928 0.08484424673121396 0.04596093648112628 0.045960936481126306 0.2875627079290379 0.04596093648112628 0.08851783230666473 0.11088352063361256 
0.09133289422115741 0.0968395272755635 0.2626328356289078 0.0533802631518105 0.027449079843965947 0.02744907984396594 0.2712533541236161 0.02744907984396586 0.08013814396248485 0.06207574210455143 
0.13068775868259833 0.2098379683358697 0.22320010438853147 0.06148097252133682 0.04061631576850809 0.04061631576850811 0.06941164093363772 0.04061631576850809 0.04061631576850808 0.14291629206400872 
0.08225001496694077 0.09511221808784279 0.06313081899318924 0.08280836073315569 0.03330995985636176 0.03330995985636179 0.39280787628540964 0.04174551781135991 0.11496112857669326 0.06056414483270122 
0.1171536915630815 0.06403977674072613 0.12036503059470093 0.2213955316518688 0.03188632297376438 0.03188632297376438 0.23118125464176945 0.045620478678916374 0.038352162827407096 0.0981194273540113 
0.0924861998022868 0.021465247098680168 0.03782965009248173 0.6217091378872144 0.021465247098680033 0.021465247098680026 0.032333639960638594 0.02146524709868002 0.10335170581322123 0.026428678049344352 
0.09076687007215933 0.26997623165571355 0.06670258978401715 0.052955990373322166 0.030779108108240284 0.03077910810824024 0.09958608195250447 0.03077910810824024 0.03914377928253113 0.28853113255508184 
0.14349939504325054 0.11001810179925249 0.11009602662597895 0.05824517458414453 0.058245174584144445 0.05824517458414443 0.1794841572769169 0.05824517458414441 0.09597894935623574 0.12794267156178388 
0.022081983924137176 0.02208198392413721 0.07705603066137064 0.0745623558970689 0.022081983924136964 0.022081983924136968 0.034947537561815595 0.027977872046277174 0.2273655213524886 0.46976274678447655 
0.21800670018040502 0.05684507075942957 0.072128972266847 0.07425533641392647 0.04087278258158351 0.04087278258158356 0.19282488590493954 0.04087278258158352 0.22244790414811041 0.04087278258158353 
0.04115708871931908 0.4146165191495173 0.07317983436210011 0.05153729669229329 0.041157088719319015 0.041157088719318995 0.04115708871931866 0.041157088719319015 0.061446663117786085 0.19343424308173587 
0.05865600941833994 0.048953429896273874 0.10203685028582166 0.06083392906012 0.02603495113859007 0.026034951138590185 0.2980737140707039 0.026034951138590116 0.1563881138572859 0.19695309999569233 
0.2820309280587648 0.05322694231253758 0.19973595718056314 0.07812596803442841 0.06642762667881597 0.05322694231253733 0.09515982115522684 0.0532269423125373 0.053226942312537294 0.06561192964204826 
0.17229687394393348 0.05713514890305356 0.070550103272857 0.17735052853243446 0.05713514890305358 0.05713514890305358 0.14226081022659118 0.05713514890305358 0.08716335635164925 0.12183773206032976 
0.08045078160383591 0.23594757565773322 0.21820260730801425 0.07109431885839348 0.030035168931965128 0.03003516893196509 0.03744728348892661 0.03003516893196509 0.03643266571122612 0.23031926057598365 
0.0280048860299484 0.0397855235067199 0.07920123194079934 0.06338783398197739 0.022766263675598683 0.022766263675598666 0.04037136694286742 0.022766263675598628 0.3938351846026849 0.2871151819681929 
0.04310191541046268 0.09437668577876909 0.03862740095931705 0.052920506030405476 0.031311367633605175 0.03131136763360516 0.04949256544692047 0.031311367633605175 0.26087146739853995 0.3666753560747748 
