0.02007677971878788 0.06949350822134412 0.04053496063623929 0.023548868909903407 0.04236804408035595 0.05377646860473075 0.04025750964560767 0.04024453061113332 0.022896396849930258 0.1375095982466603 0.033473940832503074 0.05737147266113042 0.05405365210092072 0.03921805525504808 0.022170090748568915 0.10513836898406988 0.04587316298514841 0.0611154274108011 0.04832937170475285 0.04254979179236377 
0.005834116817960062 0.005834116817960054 0.00583411681796006 0.005834116817960053 0.005834116817960059 0.005834116817960061 0.005834116817960057 0.005834116817959993 0.005834116817959967 0.08547655970252109 0.00583411681796006 0.005834116817959968 0.0756194354560497 0.005834116817959625 0.5029646932085273 0.005834116817960054 0.00583411681796005 0.00583411681796006 0.00583411681796007 0.24259344254554963 
0.019452998115183463 0.019452998115183466 0.01945299811518354 0.019452998115183404 0.019452998115183463 0.019452998115183463 0.019452998115183463 0.019452998115183463 0.5239978916210236 0.06858961661157485 0.019452998115183456 0.019452998115183463 0.019452998115183463 0.05929063077451284 0.036873891149960744 0.019452998115183463 0.019452998115183456 0.01945299811518342 0.019452998115183463 0.0194529981151837 
0.00773904487649206 0.007739044876492189 0.007739044876492188 0.007739044876492173 0.007739044876492179 0.007739044876492206 0.007739044876492181 0.007739044876492188 0.01265047134999272 0.140152330925409 0.007739044876492173 0.007739044876492184 0.05887049838962938 0.007739044876490725 0.46395528094879773 0.007739044876492173 0.0077390448764921745 0.0077390448764921346 0.015749071845568955 0.2002757182696113 
0.01240683661485254 0.012406836614852472 0.012406836614852475 0.012406836614852484 0.012406836614852479 0.012406836614852498 0.0124068366148525 0.012406836614852474 0.01240683661485259 0.3250228415233411 0.031093601059328804 0.012406836614852467 0.012406836614852496 0.012406836614854212 0.2495059312466273 0.012406836614852484 0.01240683661485248 0.04659057814547372 0.018721480508503825 0.1553698549087963 
0.022627158714865987 0.02262715871486601 0.02262715871486601 0.022627158714866008 0.02262715871486601 0.02262715871486601 0.02262715871486602 0.022627158714866032 0.264448622568008 0.11441168035560226 0.02262715871486601 0.02262715871486602 0.03548999015714866 0.022627158714866164 0.10150414699962287 0.022627158714866015 0.022627158714866015 0.02262715871486604 0.02262715871486602 0.1447381791966347 
0.001119665075448283 0.0011196650754482854 0.0011196650754482858 0.0011196650754482845 0.0011196650754482845 0.001119665075448283 0.0011196650754482845 0.0011196650754482851 0.948758689650284 0.02690279170845179 0.001819857919008979 0.0011196650754482838 0.002879569004416189 0.0011196650754482858 0.002257520209579759 0.001119665075448285 0.0011196650754479848 0.0011196650754482834 0.0011196650754482854 0.0017062604519824263 
0.01948891983703947 0.019488919837039476 0.019488919837039476 0.01948891983703947 0.019488919837039476 0.019488919837039476 0.01948891983703947 0.019488919837039497 0.33017464062516044 0.26427633553041857 0.019488919837039476 0.01948891983703947 0.04612263515685794 0.019488919837039886 0.04760367129494147 0.019488919837039476 0.01948891983703948 0.01948891983703948 0.01948891983703952 0.019488919837039455 
0.026640259173290295 0.02664025917329029 0.026640259173290288 0.02664025917329029 0.02664025917329029 0.02664025917329029 0.02664025917329029 0.02664025917329029 0.07053082019080814 0.2531691803746784 0.026640259173290295 0.02664025917329029 0.02664025917329017 0.03924268867281963 0.06792685621846471 0.02664025917329029 0.026640259173290277 0.02664025917329029 0.12243752400042765 0.07372930211674542 
0.013405993489789948 0.013405993489789953 0.013405993489789965 0.013405993489789948 0.013405993489789953 0.013405993489789946 0.013405993489789957 0.013405993489789958 0.05296429201887067 0.02650758995748703 0.013405993489789953 0.013405993489789944 0.013405993489789964 0.01340599348978903 0.013405993489790068 0.013405993489789951 0.013405993489789953 0.013405993489789953 0.01340599348978994 0.692626228697151 
0.0072326927444616 0.007232692744461653 0.007232692744461616 0.007232692744461655 0.0072326927444616605 0.007232692744461664 0.00723269274446168 0.007232692744461633 0.024172659413929116 0.05676866856460777 0.007232692744461653 0.00723269274446165 0.007232692744461632 0.00723269274446109 0.7884491660801484 0.0072326927444616475 0.007232692744461699 0.007232692744461655 0.010558295268479182 0.011560819505895867 
0.009240928546681975 0.009240928546681954 0.009240928546681947 0.009240928546681945 0.009240928546681957 0.009240928546681886 0.009240928546681949 0.00924092854668196 0.018970436502188794 0.08873749641785572 0.009240928546681937 0.00924092854668193 0.009240928546681912 0.014562499205003307 0.12052232450549376 0.009240928546681957 0.009240928546681954 0.01714284327234564 0.009240928546681952 0.6106914004435217 
0.03313770504200883 0.033137705042008844 0.033137705042008844 0.033137705042008844 0.033137705042008844 0.033137705042008844 0.033137705042008844 0.033137705042008844 0.09512088307483331 0.08309732760471605 0.03313770504200884 0.033137705042008844 0.03313770504200886 0.033137705042009226 0.03313770504200931 0.033137705042008844 0.03313770504200885 0.033137705042008844 0.033137705042008844 0.2584408036063123 
0.013876567246722146 0.013876567246722149 0.013876567246722166 0.013876567246722168 0.013876567246722158 0.013876567246722163 0.013876567246722179 0.02965039629914805 0.2775162276040999 0.013876567246722173 0.013876567246722158 0.013876567246722168 0.013876567246722149 0.013876567246721727 0.08529033607591299 0.013876567246722168 0.013876567246722184 0.013876567246722158 0.013876567246722166 0.3855179640732389 
0.028796000294639634 0.028796000294639627 0.028796000294639627 0.028796000294639627 0.028796000294639627 0.028796000294639645 0.028796000294639627 0.028796000294639627 0.02879600029463963 0.1079278416902146 0.028796000294639627 0.028796000294639627 0.05020001514324869 0.2008655528892726 0.05860121473958852 0.028796000294639627 0.02879600029463962 0.0287960002946396 0.028796000294639627 0.1504653711180789 
0.007176694803471506 0.0071766948034714985 0.007176694803471509 0.007176694803471507 0.007176694803471514 0.007176694803471545 0.007176694803471533 0.007176694803471512 0.023522736557585366 0.5518028005626939 0.0071766948034715184 0.007176694803471509 0.09373636844377378 0.0071766948034714855 0.07597094576589092 0.0071766948034715046 0.007176694803471602 0.007176694803471509 0.007176694803471479 0.1473167266179782 
0.012329186986656526 0.01232918698665653 0.012329186986656538 0.012329186986656521 0.012329186986656528 0.012329186986656538 0.01232918698665653 0.012329186986656521 0.3345190270461167 0.37964100390067457 0.012329186986656526 0.012329186986656554 0.0352267127060592 0.012329186986655978 0.04215642043956588 0.012329186986656512 0.012329186986656526 0.012329186986656526 0.012329186986656533 0.023519031107758714 
0.007783149532036062 0.007783149532036078 0.007783149532036086 0.007783149532036072 0.007783149532036065 0.007783149532036062 0.0077831495320360815 0.007783149532036065 0.01144131844460457 0.21609608595603233 0.007783149532036065 0.007783149532036067 0.41722388331292976 0.007783149532036325 0.22287835891661317 0.007783149532036065 0.007783149532036132 0.007783149532036046 0.00778314953203597 0.015613110389265045 
0.006833470243764364 0.006833470243764364 0.006833470243764366 0.006833470243764365 0.006833470243764359 0.006833470243764364 0.006833470243764364 0.0068334702437643675 0.3514699385063766 0.09721650694844576 0.006833470243764364 0.006833470243764386 0.006833470243764349 0.17182787027847132 0.017600870822629944 0.006833470243764366 0.006833470243764371 0.00683347024376431 0.006833470243764366 0.25938275978761866 
0.0072141464589555344 0.005085013744325691 0.005085013744325697 0.005085013744325692 0.005085013744325676 0.005085013744325687 0.005085013744325671 0.005085013744325678 0.0050850137443257774 0.2630874889997447 0.005085013744325664 0.005085013744325689 0.018045709328710576 0.005085013744324397 0.2327777465119157 0.005085013744325686 0.005085013744325692 0.005085013744325697 0.007297741105116562 0.4003869751750157 
0.005715642315730209 0.005715642315730202 0.005715642315730194 0.005715642315730195 0.00571564231573019 0.005715642315730186 0.00571564231573022 0.0057156423157300705 0.005715642315730196 0.48861254926818426 0.0057156423157301755 0.005715642315730199 0.005715642315730196 0.005715642315729926 0.13468640100375842 0.00571564231573019 0.00571564231573019 0.005715642315730179 0.21826449027980313 0.06698628239657187 
0.013244765088935967 0.013244765088935937 0.013244765088935942 0.013244765088935961 0.013244765088935963 0.01324476508893594 0.013244765088935963 0.013244765088935967 0.02840576719274199 0.3919071888214661 0.013244765088935967 0.013244765088935961 0.013244765088935918 0.021515877938579595 0.324005213021295 0.013244765088935956 0.013244765088935974 0.0201592427645184 0.01890015786996621 0.02292460623525965 
0.011126867159842062 0.005751934381513032 0.005751934381513014 0.005751934381513026 0.005751934381513016 0.005751934381513002 0.005751934381513028 0.005751934381512978 0.005751934381513032 0.20799892080508672 0.005751934381513014 0.005751934381513032 0.009494550493125338 0.005751934381512879 0.09558947621512101 0.005751934381513014 0.005751934381513039 0.0057519343815130115 0.008459123277090317 0.5868039807085544 
0.008959486050062719 0.008959486050062724 0.00895948605006273 0.00895948605006272 0.008959486050062722 0.008959486050062748 0.008959486050062727 0.008959486050062724 0.00895948605006221 0.4170362353620739 0.00895948605006272 0.008959486050062714 0.008959486050062724 0.3085009438294906 0.04427376031106194 0.00895948605006272 0.008959486050062724 0.008959486050062724 0.008959486050062644 0.08683728369634036 
0.009225871417546907 0.009225871417546896 0.009225871417546903 0.009225871417546883 0.009225871417546907 0.009225871417546896 0.009225871417546902 0.009225871417546905 0.009225871417546406 0.4307422439845501 0.009225871417546912 0.009225871417546914 0.02468830202956505 0.00922587141754808 0.015125595034654889 0.0092258714175469 0.00922587141754691 0.009225871417546898 0.009225871417546902 0.38182991627045526 
0.009474464513495671 0.009474464513495684 0.009474464513495661 0.009474464513495682 0.009474464513495718 0.009474464513495673 0.009474464513495704 0.009474464513495682 0.009474464513495628 0.10757546548586086 0.009474464513495675 0.009474464513495694 0.00947446451349563 0.014012074302020451 0.1302012214353534 0.009474464513495665 0.009474464513495677 0.00947446451349568 0.009474464513495687 0.5966198065608289 
0.006574706367030425 0.006574706367030413 0.006574706367030411 0.0065747063670304135 0.0065747063670303875 0.006574706367030409 0.006574706367030423 0.006574706367030394 0.25824755115200965 0.09727539013809118 0.006574706367030404 0.006574706367030434 0.009751331103502245 0.006574706367028768 0.3795151383736424 0.006574706367030413 0.00657470636703042 0.006574706367030401 0.010912694106210851 0.15225200598812622 
0.03069735271524255 0.030697352715242515 0.030697352715242505 0.030697352715242505 0.030697352715242505 0.030697352715242505 0.030697352715242505 0.030697352715242494 0.07350570233885365 0.0778523891776944 0.030697352715242515 0.030697352715242505 0.08212688560575825 0.03069735271524245 0.24277784768155727 0.030697352715242505 0.050315663083129805 0.030697352715242505 0.04365857409961279 0.030697352715242397 
0.004716497659380907 0.004716497659380877 0.004716497659380885 0.004716497659380806 0.004716497659380882 0.004716497659380878 0.004716497659380881 0.004716497659380872 0.47964212826156627 0.20612645526600346 0.0047164976593808885 0.004716497659380877 0.0047164976593808946 0.12590399961358137 0.016313583995209442 0.0047164976593808885 0.004716497659380887 0.004716497659380768 0.0047164976593808946 0.10126636797292066 
0.041010011778746525 0.021645009793752244 0.021645009793752116 0.021645009793752116 0.021645009793752123 0.021645009793752133 0.021645009793752116 0.021645009793752116 0.021645009793752175 0.08563383954210238 0.021645009793752116 0.021645009793752137 0.0636877949381293 0.021645009793752515 0.4248790772168051 0.021645009793752116 0.02164500979375211 0.039231019656692206 0.021645009793752105 0.04252811975503105 
0.024141429200691303 0.024141429200691292 0.02414142920069131 0.024141429200691296 0.024141429200691292 0.024141429200691296 0.02414142920069129 0.024141429200691292 0.03555653391832279 0.049696821074367646 0.024141429200691303 0.024141429200691292 0.024141429200691303 0.024141429200690342 0.05782093183767501 0.024141429200691292 0.024141429200691292 0.024141429200691285 0.024141429200691285 0.47066284595854185 
0.012087009967949341 0.012087009967949335 0.012087009967949374 0.012087009967949357 0.012087009967949341 0.012087009967949357 0.012087009967949343 0.01208700996794935 0.012087009967949206 0.15955985609198203 0.012087009967949331 0.012087009967949343 0.025401878512585498 0.49481107482179404 0.05403686948112494 0.012087009967949343 0.012087009967949352 0.012087009967949348 0.012087009967949341 0.08488517157331708 
0.004906372737192845 0.004906372737192842 0.004906372737192846 0.004906372737192846 0.004906372737192839 0.004906372737192848 0.004906372737192834 0.0049063727371929135 0.004906372737192823 0.08993087339787419 0.004906372737192832 0.0049063727371927955 0.050217494539879864 0.004906372737189759 0.7764432955298538 0.00490637273719285 0.004906372737192898 0.004906372737192843 0.004906372737192851 0.004906372737192879 
0.028738548501765528 0.028738548501765517 0.028738548501765528 0.028738548501765528 0.028738548501765528 0.028738548501765528 0.028738548501765524 0.028738548501765528 0.23741380649714477 0.06026621352002579 0.028738548501765517 0.028738548501765528 0.02873854850176555 0.028738548501765437 0.21376465545280868 0.028738548501765535 0.028738548501765535 0.028738548501765524 0.028738548501765528 0.028738548501765233 
0.010261215003117255 0.010261215003117264 0.010261215003117276 0.010261215003117252 0.01026121500311729 0.010261215003117264 0.010261215003117262 0.01026121500311727 0.010261215003116496 0.19863248607475897 0.010261215003117262 0.010261215003117255 0.13425619417341128 0.010261215003116766 0.12654192264995132 0.010261215003117254 0.010261215003117262 0.01026121500311729 0.010261215003117287 0.37638995705196976 
0.013987877287857943 0.005960572445155927 0.005960572445155937 0.005960572445155932 0.005960572445155934 0.00596057244515594 0.005960572445155931 0.005960572445155921 0.009769180293807526 0.2028435549488853 0.005960572445155928 0.005960572445155934 0.0059605724451559546 0.03038316145844762 0.177568998423503 0.0059605724451559355 0.0059605724451559225 0.00596057244515594 0.3577850648298236 0.13017472097063426 
0.010963952660515296 0.010963952660515306 0.010963952660515312 0.010963952660515308 0.010963952660515308 0.010963952660515296 0.010963952660515308 0.01096395266051527 0.01096395266051587 0.32334496990972794 0.010963952660515315 0.010963952660515317 0.028520804288403187 0.010963952660515702 0.45088025578253693 0.01096395266051531 0.01096395266051531 0.010963952660515308 0.01096395266051531 0.02183072745113114 
0.006653272012488733 0.006653272012488717 0.00665327201248874 0.006653272012488711 0.006653272012488724 0.006653272012488972 0.00665327201248873 0.006653272012488712 0.01526891844307769 0.6481629237147336 0.00665327201248874 0.006653272012488727 0.07155899324057562 0.006653272012490403 0.15855681240183284 0.006653272012488733 0.006653272012488717 0.006653272012488655 0.006653272012488719 0.006653272012488677 
0.008848852265455157 0.008848852265455155 0.008848852265455145 0.008848852265455164 0.00884885226545516 0.008848852265455119 0.008848852265455173 0.00884885226545516 0.039339027292421266 0.15715852096635438 0.008848852265455155 0.00884885226545518 0.008848852265455147 0.008848852265456095 0.021971523644852213 0.008848852265455159 0.008848852265455134 0.008848852265455157 0.008848852265455166 0.6399492918490864 
0.003403759282789102 0.0034037592827891165 0.0034037592827891143 0.0034037592827891147 0.003403759282789115 0.003403759282789118 0.0034037592827891134 0.0034037592827891074 0.035993032406845475 0.2987744706031359 0.003403759282789116 0.003403759282789105 0.29537563450738696 0.0034037592827899647 0.31235641675106635 0.003403759282789122 0.0034037592827891113 0.0034037592827891195 0.003403759282789142 0.006444056489776066 
0.018719220799950385 0.018719220799950403 0.01871922079995038 0.018719220799950382 0.018719220799950375 0.018719220799950382 0.018719220799950382 0.018719220799950368 0.018719220799950375 0.09655434128229841 0.03463701847524644 0.018719220799950385 0.018719220799950396 0.018719220799950153 0.285380861086653 0.018719220799950382 0.018719220799950392 0.018719220799950382 0.018719220799950392 0.2839202463565754 
0.011886677566684437 0.011886677566684453 0.011886677566684411 0.011886677566684437 0.011886677566684451 0.011886677566684453 0.011886677566684448 0.011886677566684444 0.4144551835917705 0.3245192124020766 0.011886677566684437 0.011886677566684448 0.011886677566684453 0.011886677566684038 0.011886677566673618 0.011886677566684435 0.011886677566684446 0.011886677566684442 0.011886677566684444 0.0589520853724865 
0.009631722765916634 0.0096317227659177 0.009631722765916647 0.009631722765916641 0.009631722765916655 0.009631722765916634 0.009631722765916641 0.009631722765916638 0.009631722765916681 0.12201029386861577 0.009631722765916638 0.009631722765916631 0.020197251043505487 0.009631722765916421 0.6842871919426916 0.009631722765916643 0.009631722765916626 0.009631722765916617 0.009631722765916636 0.019397698890500723 
0.02806029561435462 0.028060295614354608 0.02806029561435461 0.028060295614354608 0.028060295614354608 0.028060295614354608 0.02806029561435461 0.02806029561435461 0.03993697971611704 0.057869325816626495 0.028060295614354608 0.028060295614354608 0.1453795493125263 0.02806029561435463 0.3078494153250573 0.028060295614354608 0.0280602956143546 0.028060295614354594 0.028060295614354643 0.02806029561435456 
0.011749829548130324 0.011749829548130322 0.011749829548130324 0.011749829548130324 0.011749829548130341 0.011749829548130322 0.01174982954813033 0.018908024053960155 0.04696790715859423 0.0167006264977951 0.011749829548130333 0.01174982954813033 0.017381725773819388 0.011749829548130034 0.5637076899065375 0.011749829548130315 0.027843457775882822 0.011749829548130333 0.01174982954813035 0.15574278470773859 
0.00571542091742437 0.005715420917424356 0.005715420917424321 0.005715420917424353 0.0057154209174243315 0.005715420917424334 0.005715420917424356 0.005715420917424329 0.2589256013056699 0.3954332947798082 0.005715420917424334 0.00571542091742433 0.02001711654353797 0.14762225679721636 0.01805008177316188 0.00571542091742433 0.005715420917424327 0.005715420917424339 0.005715420917424319 0.07993575595662795 
0.029356236300835597 0.029356236300835597 0.029356236300835597 0.029356236300835597 0.029356236300835597 0.029356236300835597 0.02935623630083559 0.029356236300835597 0.029356236300835597 0.2280338550021533 0.029356236300835607 0.0293562363008356 0.029356236300835607 0.029356236300835482 0.16695340959244576 0.029356236300835597 0.0293562363008356 0.0293562363008356 0.029356236300835597 0.1059567182911874 
0.010232578931728409 0.010232578931728476 0.010232578931728438 0.010232578931728464 0.010232578931728463 0.0102325789317285 0.010232578931728457 0.010232578931728456 0.04314625706609343 0.17849408972017297 0.010232578931728456 0.010232578931728483 0.021841609650856266 0.010232578931729063 0.3964224927471247 0.010232578931728452 0.01023257893172847 0.010232578931728464 0.010232578931728444 0.20660686683981916 
0.02826538020452921 0.02826538020452921 0.02826538020452921 0.028265380204529216 0.02826538020452921 0.02826538020452921 0.02826538020452921 0.02826538020452921 0.02826538020452922 0.10209153067900124 0.028265380204529233 0.02826538020452921 0.2179319331356716 0.028265380204528772 0.146570646236917 0.02826538020452921 0.02826538020452921 0.02826538020452921 0.02826538020452922 0.08115980667594008 
0.007207316185735049 0.00720731618573504 0.0072073161857350255 0.007207316185735038 0.007207316185735033 0.007207316185735105 0.007207316185735043 0.007207316185735023 0.06720288114771192 0.010741434942474211 0.0072073161857350385 0.0072073161857350845 0.09965976750958473 0.007207316185734189 0.06879829439150553 0.007207316185735087 0.0072073161857350515 0.00720731618573504 0.007207316185735018 0.6454878792227374 
0.045913988758364395 0.023762605107813837 0.02376260510781384 0.023762605107813837 0.02376260510781384 0.02376260510781384 0.02376260510781384 0.023762605107813847 0.023762605107813847 0.23883773407265155 0.023762605107813847 0.023762605107813865 0.0237626051078138 0.02376260510781379 0.023762605107816824 0.02376260510781384 0.023762605107813833 0.02376260510781384 0.023762605107813844 0.31128399033615795 
0.007504453873505654 0.0075044538735056 0.007504453873505633 0.00750445387350565 0.007504453873505667 0.007504453873505692 0.007504453873505649 0.007504453873505649 0.013875204870111738 0.4974505916367657 0.007504453873505645 0.007504453873505636 0.007504453873505389 0.007504453873505764 0.007504453873510083 0.007504453873505656 0.007504453873505613 0.007504453873505636 0.007504453873505627 0.3610984876435594 
0.006480923292754041 0.006480923292754036 0.0064809232927540384 0.006480923292754043 0.0064809232927540445 0.0064809232927540445 0.006480923292754045 0.006480923292754036 0.03851260945304978 0.7333373683784683 0.006480923292754025 0.006480923292754048 0.020403800414058995 0.0064809232927534825 0.08568758215010346 0.006480923292754035 0.006480923292754024 0.006480923292754005 0.00648092329275405 0.02484479021296088 
0.017308728705939268 0.017308728705939243 0.017308728705939233 0.01730872870593925 0.01730872870593925 0.017308728705939264 0.01730872870593925 0.017308728705939233 0.04071972581941858 0.22883440684354758 0.017308728705939243 0.017308728705939243 0.017308728705939223 0.017308728705938525 0.04159950649099416 0.01730872870593925 0.01730872870593924 0.017308728705939247 0.017308728705939247 0.41190670155099657 
0.014643727385311125 0.014643727385311136 0.014643727385311115 0.01464372738531113 0.014643727385311115 0.014643727385311162 0.014643727385311146 0.01464372738531113 0.014643727385311276 0.42926802896534866 0.014643727385311125 0.014643727385311105 0.014643727385311089 0.02152899281521411 0.022755193353285137 0.01464372738531113 0.014643727385311108 0.01464372738531113 0.021662718822891402 0.28512915526355015 
0.023254083922592816 0.023254083922592816 0.023254083922592816 0.023254083922592816 0.023254083922592816 0.02325408392259276 0.023254083922592816 0.023254083922592827 0.07480168099479673 0.1978806952814716 0.023254083922592806 0.023254083922592823 0.023254083922592962 0.023254083922592785 0.3188321715734647 0.023254083922592816 0.02325408392259281 0.023254083922592806 0.02325408392259283 0.03642010938877622 
0.007656223910182972 0.007656223910184355 0.007656223910182946 0.0076562239101829405 0.007656223910182946 0.007656223910182935 0.0076562239101829405 0.007656223910182954 0.011784516994409876 0.04899648469657216 0.018758881197726254 0.007656223910182948 0.0076562239101829336 0.007656223910182901 0.7850939322662936 0.007656223910182932 0.007656223910182946 0.015938860653622804 0.007656223910182954 0.012240189448755467 
0.03026048727450329 0.03026048727450329 0.03026048727450329 0.03026048727450329 0.03026048727450329 0.03026048727450329 0.03026048727450329 0.03026048727450329 0.06937999017042312 0.1454052064785779 0.03026048727450329 0.03026048727450327 0.2234044483169443 0.060418126396297275 0.030260487274503183 0.03026048727450329 0.03026048727450329 0.03026048727450329 0.03026048727450329 0.0474849195202051 
0.02823598460421345 0.02823598460421347 0.02823598460421345 0.02823598460421345 0.02823598460421345 0.028235984604213456 0.028235984604213456 0.028235984604213466 0.028235984604213442 0.23289379322370157 0.02823598460421346 0.028235984604213456 0.028235984604213425 0.02823598460421392 0.052470497890436237 0.02823598460421345 0.028235984604213456 0.028235984604213445 0.04341053380856198 0.21944942140988632 
0.028505734174302022 0.028505734174302022 0.028505734174302022 0.028505734174302022 0.028505734174302022 0.028505734174302032 0.028505734174302015 0.028505734174302 0.028505734174302067 0.2823159697358113 0.028505734174302022 0.028505734174302022 0.028505734174301994 0.08225071610384162 0.028505734174302313 0.028505734174302022 0.028505734174302032 0.028505734174302022 0.028505734174302015 0.15083583319721297 
0.007180096940556048 0.007180096940556008 0.007180096940556019 0.007180096940556076 0.007180096940556044 0.007180096940556044 0.007180096940556035 0.007180096940556033 0.007180096940556173 0.4146482368235713 0.007180096940556047 0.007180096940556005 0.011137788695331224 0.14819109757168122 0.3047616452569878 0.007180096940556005 0.007180096940556033 0.007180096940556035 0.013559777544099427 0.007180096940556018 
0.01110539961252622 0.011105399612526259 0.011105399612526273 0.011105399612526268 0.011105399612526259 0.01110539961252628 0.011105399612526257 0.011105399612526287 0.07860511438681678 0.15030587058549816 0.011105399612526266 0.011105399612526257 0.04498481887164444 0.011105399612525733 0.34857617908075345 0.011105399612526249 0.011105399612526266 0.011105399612526249 0.011105399612526264 0.21094702288738384 
0.02052855482892493 0.009436242072996133 0.009436242072995827 0.00943624207299582 0.009436242072995819 0.009436242072995826 0.009436242072995838 0.009436242072995834 0.009436242072996093 0.07868001263132651 0.009436242072995822 0.009436242072995735 0.0094362420729958 0.009436242072995132 0.709430255521128 0.009436242072995827 0.015172879211797899 0.00943624207299605 0.009436242072995827 0.03464466671184843 
0.0011256507082605814 0.001125650708260581 0.0011256507082605769 0.0011256507082605804 0.0011256507082608197 0.0011256507082605817 0.0011256507082605823 0.0011256507082605769 0.9534801156012086 0.005387759907695962 0.0011256507082605786 0.0011256507082605804 0.003322586468830693 0.0011256507082605604 0.003949386652578026 0.001125650708260581 0.0011256507082605806 0.001125650708260579 0.0011256507082605825 0.01697539074577681 
0.010884883800912574 0.010884883800912558 0.010884883800912572 0.010884883800912574 0.010884883800912577 0.010884883800912577 0.01088488380091259 0.010884883800912609 0.010884883800912475 0.3621156032389618 0.010884883800912569 0.010884883800912534 0.010884883800912605 0.010884883800912678 0.0775429676830344 0.010884883800912562 0.010884883800912593 0.010884883800912582 0.010884883800912574 0.37529840446250073 
0.01601834207467899 0.01601834207467899 0.01601834207467898 0.01601834207467898 0.01601834207467898 0.016018342074678973 0.01601834207467898 0.01601834207467898 0.016018342074678872 0.33945555617470274 0.016018342074679 0.01601834207467894 0.01601834207467897 0.01601834207467796 0.3151150249764619 0.01601834207467898 0.01601834207467898 0.016018342074678976 0.016018342074678994 0.07311760357927244 
0.0031149679446620332 0.0031149679446620063 0.003114967944662005 0.003114967944662017 0.003114967944662027 0.0031149679446620363 0.003114967944661999 0.003114967944662001 0.007538405418924522 0.13585203724712955 0.0031149679446620285 0.0031149679446620384 0.0424654458099695 0.005393208883135613 0.17568799449844452 0.003114967944662009 0.0031149679446620293 0.0031149679446619972 0.003114967944662037 0.5894533569171125 
0.004708644163861772 0.004708644163861765 0.004708644163861755 0.0047086441638617615 0.0047086441638617684 0.0047086441638618205 0.004708644163861744 0.007299078567668396 0.3038278757827415 0.3380871378624306 0.004708644163861746 0.00470864416386186 0.007828359981212426 0.004708644163862117 0.08102933935263044 0.004708644163861748 0.004708644163861764 0.00711952962498958 0.004708644163861762 0.19359630469815714 
0.00763787813077741 0.007637878130777388 0.007637878130777433 0.007637878130777395 0.007637878130777413 0.007637878130777335 0.007637878130777413 0.00763787813077741 0.007637878130777719 0.07585066597119347 0.0076378781307773905 0.007637878130777414 0.007637878130777438 0.007637878130777592 0.7866675276748383 0.00763787813077741 0.007637878130777436 0.007637878130777397 0.007637878130777404 0.007637878130777425 
0.01402003967992912 0.014020039679929115 0.014020039679929118 0.014020039679929115 0.01402003967992912 0.014020039679929118 0.01402003967992912 0.014020039679929115 0.014020039679929125 0.2475779460957786 0.032356510527075624 0.014020039679929146 0.014020039679928866 0.01402003967992912 0.08217763950176771 0.01402003967992912 0.01402003967992912 0.014020039679929118 0.37051391018489965 0.05707339849154088 
0.024841165607719772 0.02484116560771979 0.024841165607719772 0.024841165607719772 0.024841165607719762 0.024841165607719772 0.024841165607719772 0.024841165607719755 0.02484116560771984 0.21564490928011515 0.02484116560771976 0.02484116560771977 0.024841165607719692 0.024841165607719543 0.15065124951238365 0.024841165607719772 0.024841165607719776 0.024841165607719772 0.024841165607719776 0.21140402587626847 
0.02519029924264148 0.02519029924264148 0.025190299242641507 0.025190299242641472 0.02519029924264148 0.02519029924264148 0.02519029924264148 0.02519029924264148 0.04089682343806827 0.30564501692739526 0.02519029924264148 0.025190299242641476 0.18499590003763022 0.040465205238479775 0.050142565718807 0.02519029924264148 0.025190299242641472 0.02519029924264148 0.02519029924264148 0.025190299242641455 
0.025635141821606665 0.025635141821606665 0.025635141821606665 0.02563514182160667 0.025635141821606665 0.025635141821606693 0.025635141821606665 0.025635141821606665 0.02563514182160672 0.27903801706496817 0.02563514182160667 0.02563514182160667 0.02563514182160665 0.025635141821606637 0.2595294301461047 0.025635141821606665 0.025635141821606665 0.025635141821606665 0.02563514182160667 0.02563514182160674 
0.0059007294595163195 0.005900729459516317 0.00590072945951631 0.0059007294595163065 0.0059007294595163195 0.005900729459516311 0.005900729459516318 0.005900729459516321 0.005900729459516342 0.24143515511712538 0.005900729459516357 0.0059007294595163524 0.01844124812957916 0.0059007294595180395 0.02823740080070027 0.005900729459516312 0.005900729459516312 0.005900729459516309 0.005900729459516311 0.6174745246003125 
9.977429879995346E-4 9.977429879995346E-4 9.977429879995327E-4 9.977429879995344E-4 9.97742987999695E-4 9.977429879995336E-4 9.977429879995344E-4 9.977429879995344E-4 0.9628228510815203 0.011266273764631728 9.97742987999534E-4 9.977429879995346E-4 9.977429879995357E-4 9.977429879995268E-4 9.97742987999522E-4 9.977429879995346E-4 9.977429879995323E-4 9.977429879995093E-4 9.977429879995355E-4 0.008949244357855202 
0.005924446372004833 0.005924446372004895 0.00592444637200484 0.005924446372004846 0.005924446372004823 0.005924446372004801 0.005924446372004841 0.005924446372004835 0.005924446372004862 0.35726796531639493 0.017110105642836344 0.005924446372004789 0.029086171570942888 0.005924446372003696 0.3797298904468494 0.005924446372004829 0.005924446372004843 0.005924446372004837 0.011584006310022316 0.12227961150489229 
0.03991889512418341 0.025732594262908786 0.025732594262908786 0.025732594262908786 0.025732594262908786 0.02573259426290879 0.025732594262908786 0.025732594262908783 0.1504542844274293 0.37217271797893214 0.02573259426290879 0.02573259426290881 0.025732594262908828 0.02573259426290873 0.025732594262908054 0.025732594262908776 0.025732594262908783 0.025732594262908776 0.02573259426290884 0.025732594262908796 
0.007979722146387397 0.007979722146387024 0.007979722146387425 0.00797972214638739 0.007979722146387376 0.007979722146387423 0.007979722146387392 0.007979722146387399 0.026428158917111845 0.027154478050281688 0.007979722146387392 0.007979722146387522 0.0079797221463874 0.007979722146386913 0.6307792237463541 0.007979722146387402 0.007979722146387404 0.007979722146387407 0.007979722146387397 0.18796258494406065 
0.00803701211955568 0.008037012119555683 0.008037012119555691 0.008037012119555704 0.008037012119555681 0.008037012119555638 0.008037012119555686 0.008037012119555676 0.01915637525355785 0.27173613000279234 0.008037012119555669 0.008037012119555704 0.012231954315202763 0.008037012119555948 0.013098529770908897 0.008037012119555684 0.008037012119555717 0.008037012119555684 0.008037012119555683 0.5632218288642448 
0.019864795600482824 0.019864795600482835 0.019864795600482824 0.019864795600482828 0.01986479560048282 0.019864795600482838 0.01986479560048282 0.019864795600482828 0.07531999148054018 0.3454313257197997 0.019864795600482817 0.019864795600482814 0.20354260978364627 0.019864795600483088 0.057869343408306635 0.019864795600482814 0.019864795600482852 0.019864795600482883 0.019864795600482862 0.019864795600482862 
0.009770701942660203 0.009770701942660671 0.009770701942660229 0.009770701942660227 0.009770701942660227 0.009770701942660227 0.009770701942660224 0.009770701942660226 0.016392514760272505 0.015323564701226285 0.009770701942660219 0.009770701942660248 0.029944704845591124 0.009770701942660125 0.7820079846103973 0.009770701942660227 0.00977070194266021 0.009770701942660255 0.009770701942660217 0.009770701942660217 
0.011518937661645414 0.011518937661645398 0.01151893766164541 0.011518937661645396 0.011518937661645415 0.011518937661645454 0.011518937661645414 0.011518937661645405 0.011518937661645473 0.7043269349695973 0.01151893766164541 0.011518937661645414 0.042356660218862356 0.011518937661645072 0.04218844000903827 0.01151893766164541 0.011518937661645428 0.011518937661645428 0.026824962216233993 0.011518937661645476 
0.031254294126095754 0.03125429412609575 0.031254294126095754 0.031254294126095754 0.031254294126095754 0.03125429412609575 0.031254294126095754 0.031254294126095754 0.03125429412609577 0.219975939361695 0.031254294126095754 0.03125429412609575 0.07542006313959146 0.0312542941260958 0.04962378055850507 0.031254294126095754 0.03125429412609577 0.031254294126095754 0.03125429412609576 0.1549115109226841 
0.03786573386907199 0.03786573386907197 0.03786573386907197 0.03786573386907197 0.03786573386907197 0.03786573386907197 0.03786573386907197 0.03786573386907197 0.06372658018681095 0.07920604289216758 0.03786573386907197 0.03786573386907197 0.03786573386907198 0.09889281750363314 0.1272778596150058 0.03786573386907197 0.03786573386907197 0.03786573386907197 0.03786573386907195 0.0629106917663025 
0.009992118294362562 0.009992118294362598 0.009992118294362603 0.009992118294362595 0.00999211829436259 0.009992118294362584 0.009992118294362598 0.009992118294362569 0.009992118294362577 0.1698517133277432 0.009992118294362575 0.009992118294362598 0.03549613226866304 0.0099921182943622 0.5485086657010083 0.009992118294362601 0.009992118294362588 0.009992118294362593 0.009992118294362596 0.08626959599275329 
0.04544177854621114 0.029754925181275763 0.029754925181275774 0.029754925181275767 0.029754925181275767 0.029754925181275767 0.029754925181275767 0.029754925181275774 0.029754925181275673 0.0818411076263354 0.041705326382522154 0.029754925181275753 0.05351008634866589 0.02975492518127595 0.08185778805326305 0.029754925181275767 0.029754925181275767 0.029754925181275767 0.029754925181275767 0.2790749605051394 
0.032804408685414496 0.03280440868541451 0.0328044086854145 0.0328044086854145 0.0328044086854145 0.03280440868541448 0.0328044086854145 0.0328044086854145 0.06281792716798171 0.12403931899358747 0.032804408685414496 0.0328044086854145 0.0328044086854145 0.032804408685413934 0.1878074048017232 0.0328044086854145 0.0328044086854145 0.0328044086854145 0.0328044086854145 0.10046481007006308 
0.009571119117303323 0.009571119117303276 0.009571119117303305 0.009571119117303305 0.009571119117303321 0.009571119117303259 0.009571119117303309 0.009571119117303304 0.0151298551977646 0.3619415507980748 0.03452137588759984 0.009571119117303297 0.044658662946164385 0.009571119117303354 0.014617559904433355 0.009571119117303298 0.009571119117303292 0.009571119117303302 0.06682919499688406 0.3378772517441261 
0.010437498457501361 0.010437498457501339 0.010437498457501339 0.010437498457501323 0.010437498457501339 0.010437498457501321 0.01043749845750133 0.010437498457501334 0.279873357424183 0.4479433714671546 0.010437498457501321 0.010437498457501335 0.020625825022192144 0.0191604403082026 0.06162151304350825 0.010437498457501332 0.010437498457501342 0.014874182175383818 0.014917173609749252 0.015734155459585387 
0.01588008731180249 0.0158800873118025 0.015880087311802498 0.0158800873118025 0.0158800873118025 0.015880087311802515 0.015880087311802495 0.015880087311802488 0.02409668568816823 0.13377176855469713 0.01588008731180249 0.015880087311802512 0.03179759754383278 0.015880087311802932 0.05609056444730732 0.015880087311802495 0.01588008731180249 0.015880087311802477 0.3389013226640401 0.1930208387367436 
0.03654812395579711 0.03654812395579712 0.03654812395579712 0.03654812395579712 0.03654812395579712 0.03654812395579712 0.03654812395579712 0.036548123955797124 0.036548123955797124 0.2480714815264444 0.03654812395579712 0.03654812395579712 0.09406228726919862 0.036548123955797034 0.036548123955793654 0.03654812395579712 0.03654812395579712 0.03654812395579711 0.036548123955797124 0.03654812395579709 
0.03966216441474642 0.03966216441474641 0.03966216441474641 0.03966216441474641 0.03966216441474641 0.03966216441474641 0.03966216441474641 0.03966216441474641 0.03966216441474631 0.1765545001430398 0.03966216441474642 0.03966216441474641 0.05638948703661873 0.05660427389137748 0.05643221713101235 0.03966216441474641 0.03966216441474641 0.03966216441474641 0.03966216441474641 0.05908705557675205 
0.014111376128864924 0.01411137612886492 0.01411137612886491 0.014111376128864924 0.01411137612886492 0.014111376128864834 0.014111376128864924 0.014111376128864924 0.014111376128864924 0.22811822125696307 0.014111376128864924 0.014111376128864914 0.2767710193958917 0.014111376128864052 0.24923111580726598 0.014111376128864919 0.014111376128864888 0.014111376128864919 0.014111376128864948 0.020097625478033815 
0.024533878860864215 0.02453387886086423 0.024533878860864215 0.02453387886086423 0.02453387886086422 0.024533878860864167 0.02453387886086422 0.024533878860864194 0.03984786682969981 0.2130454489547995 0.04867718413698893 0.024533878860864264 0.02453387886086421 0.0514214195901918 0.2789998975753566 0.02453387886086422 0.02453387886086423 0.02453387886086422 0.02453387886086421 0.024533878860864094 
0.007286920413777232 0.007286920413777237 0.007286920413777239 0.007286920413777241 0.007286920413777247 0.007286920413777247 0.007286920413777211 0.007286920413777239 0.22502863398304376 0.34397817635668515 0.007286920413777215 0.007286920413777247 0.0240815426803367 0.16589438768018092 0.019897062331321453 0.00728692041377724 0.0072869204137772335 0.007286920413777234 0.007286920413777255 0.1191033111755762 
0.020376475170832353 0.020376475170832357 0.020376475170832353 0.02037647517083235 0.02037647517083235 0.02037647517083236 0.02037647517083235 0.020376475170832357 0.028953261830973274 0.10665406705743027 0.03324818563941644 0.020376475170832357 0.020376475170832378 0.44731703371131326 0.02904094913997215 0.02037647517083235 0.020376475170832364 0.020376475170832346 0.020376475170832357 0.0695158502292132 
