0.04118487513979736 0.021345207603949718 0.061610313129007194 0.019001758185876672 0.02121940759464132 0.07421075067730273 0.03222431744571987 0.058504062805358296 0.041660946950051986 0.04206416139362415 0.015918118806889398 0.07359151179048458 0.09909952251948573 0.03652048508787073 0.05362263652136859 0.07542266378311054 0.01922673313886722 0.019534772487818267 0.019961987624614742 0.17407576731416152 
0.0029040960035511833 0.002904096003551222 0.0029040960035511846 0.0029040960035512 0.2546513073900453 0.002904096003551198 0.002904096003551204 0.002904096003551141 0.00290409600355119 0.011224581588395205 0.0029040960035512063 0.0029040960035511985 0.002904096003551178 0.6847544789611955 0.002904096003551196 0.0029040960035511794 0.00290409600355126 0.0029040960035511894 0.002904096003551182 0.0029040960035512054 
0.009392110407871196 0.009392110407871194 0.009392110407871196 0.009392110407871196 0.009392110407871206 0.009392110407871196 0.009392110407871196 0.009392110407871194 0.009392110407871175 0.009392110407871223 0.009392110407871192 0.009392110407871187 0.009392110407871196 0.8215499022504473 0.009392110407871208 0.009392110407871199 0.009392110407871171 0.009392110407871196 0.009392110407871196 0.009392110407871208 
0.004084593677787548 0.004084593677787518 0.004084593677787525 0.004084593677787513 0.4375545991264218 0.004084593677787527 0.004084593677787527 0.004084593677787519 0.004084593677787548 0.004084593677787491 0.00408459367778753 0.004084593677787516 0.004084593677787528 0.4889227146733857 0.0040845936777875284 0.004084593677787536 0.004084593677787567 0.004084593677787522 0.004084593677787534 0.004084593677787534 
0.006415503535319011 0.0064155035353190195 0.006415503535319016 0.006415503535318999 0.34089442079653426 0.006415503535319014 0.006415503535319013 0.006415503535319003 0.006415503535318999 0.01692335119259522 0.006415503535319 0.006415503535319026 0.006415503535319016 0.533118667910389 0.006415503535319038 0.006415503535319017 0.006415503535319004 0.006415503535318992 0.006415503535319017 0.0064155035353190195 
0.012956025678483897 0.012956025678483897 0.012956025678483897 0.012956025678483897 0.1014911108309862 0.012956025678483897 0.012956025678483895 0.012956025678483897 0.0129560256784839 0.0609452253136297 0.012956025678483902 0.031386053885767595 0.012956025678483897 0.5988811991138339 0.012956025678483897 0.012956025678483874 0.012956025678484017 0.012956025678483887 0.012956025678483897 0.012956025678483897 
2.6720255088156695E-4 2.6720255088147864E-4 2.6720255088147766E-4 2.672025508814782E-4 0.006068234937398401 2.6720255088147793E-4 2.6720255088147804E-4 2.67202550881858E-4 2.6720255088147734E-4 0.0011866052860262165 2.672025508814781E-4 2.6720255088147777E-4 2.672025508814779E-4 0.009672864710041848 2.672025508814774E-4 0.9787970542524302 2.672025508814538E-4 2.672025508815872E-4 2.672025508814785E-4 2.6720255088147734E-4 
0.010056729992084812 0.010056729992084804 0.010056729992084812 0.010056729992084784 0.4971727050373736 0.010056729992084812 0.010056729992084812 0.010056729992084812 0.010056729992084812 0.055432950636365996 0.010056729992084823 0.010056729992084804 0.010056729992084812 0.2764299344608267 0.010056729992084812 0.010056729992084812 0.010056729992084776 0.010056729992084816 0.010056729992084812 0.01005672999208481 
0.016947356415587287 0.016947356415587287 0.016947356415587287 0.016947356415587287 0.6641199567867515 0.016947356415587287 0.0169473564155873 0.016947356415587287 0.016947356415587287 0.016947356415586506 0.016947356415587284 0.016947356415587294 0.016947356415587287 0.03082762773267713 0.016947356415587308 0.016947356415587294 0.016947356415587242 0.01694735641558729 0.01694735641558732 0.016947356415587287 
0.00759828017393562 0.007598280173935537 0.007598280173935535 0.007598280173935531 0.8468366018504977 0.007598280173935521 0.007598280173935535 0.007598280173935531 0.007598280173935539 0.0075982801739364406 0.007598280173935528 0.007598280173935539 0.007598280173935542 0.016394355018737445 0.007598280173935533 0.0075982801739355715 0.007598280173935538 0.007598280173935539 0.007598280173935542 0.007598280173935539 
0.003915635780368385 0.00391563578036841 0.003915635780368407 0.003915635780368393 0.6031536274860109 0.003915635780368417 0.003915635780368407 0.003915635780368409 0.003915635780368406 0.003915635780367368 0.003915635780368405 0.0039156357803683825 0.0039156357803684155 0.32636492846723036 0.003915635780368466 0.003915635780368431 0.00391563578036839 0.003915635780368402 0.003915635780368409 0.003915635780368442 
0.004687164728881298 0.004687164728881302 0.0046871647288812815 0.0046871647288813 0.6525354638484716 0.0046871647288813 0.004687164728881268 0.004687164728881304 0.004687164728881302 0.018715234662641637 0.004687164728881301 0.004687164728881285 0.004687164728881294 0.2490675010979059 0.004687164728881302 0.004687164728881304 0.004687164728881273 0.004687164728881305 0.004687164728881289 0.0046871647288813 
0.020143479882548453 0.020143479882548453 0.020143479882548453 0.020143479882548453 0.08003915033932388 0.020143479882548453 0.020143479882548453 0.020143479882548446 0.020143479882548453 0.020143479882548467 0.02014347988254845 0.02014347988254845 0.020143479882548453 0.5573782117748101 0.020143479882548516 0.020143479882548453 0.020143479882548453 0.020143479882548453 0.020143479882548453 0.020143479882548453 
0.008508746017739457 0.008508746017739457 0.008508746017739457 0.008508746017739452 0.8259307959758287 0.008508746017739467 0.008508746017739448 0.008508746017739521 0.020911775704794775 0.008508746017739467 0.008508746017739446 0.00850874601773947 0.008508746017739457 0.00850874601772873 0.00850874601773944 0.008508746017739462 0.008508746017739455 0.008508746017739459 0.008508746017739455 0.008508746017739452 
0.01966036342694675 0.01966036342694675 0.01966036342694675 0.01966036342694675 0.4674975182895381 0.01966036342694675 0.01966036342694675 0.019660363426946742 0.01966036342694675 0.0196603634269467 0.01966036342694675 0.019660363426946742 0.019660363426946693 0.1786159400254486 0.019660363426946756 0.01966036342694675 0.019660363426946752 0.019660363426946763 0.01966036342694674 0.019660363426946756 
0.004117681937065221 0.004117681937065237 0.004117681937065231 0.004117681937065256 0.9070761523484682 0.004117681937065243 0.004117681937065239 0.004117681937065277 0.0041176819370652455 0.018805572784361867 0.004117681937065235 0.004117681937065328 0.004117681937065245 0.004117681937066409 0.004117681937065244 0.004117681937065238 0.004117681937065223 0.004117681937065246 0.004117681937065234 0.0041176819370652516 
0.0067343800564107735 0.00673438005641079 0.0067343800564107804 0.00673438005641079 0.8590590825456685 0.006734380056410783 0.006734380056410799 0.006734380056410787 0.006734380056410802 0.006734380056410456 0.006734380056410776 0.006734380056410787 0.00673438005641079 0.019722076439015093 0.006734380056410817 0.00673438005641079 0.0067343800564107475 0.006734380056410789 0.00673438005641079 0.006734380056410797 
0.004393924080778161 0.004393924080778183 0.004393924080778152 0.0043939240807781615 0.9091675181578763 0.004393924080778157 0.004393924080778155 0.004393924080778178 0.004393924080778135 0.00773530543173304 0.004393924080778162 0.004393924080778176 0.004393924080778157 0.004393924080778184 0.008400467037162102 0.004393924080778161 0.0043939240807780895 0.004393924080778155 0.004393924080778153 0.004393924080778137 
0.0032433402363342993 0.0032433402363342945 0.003243340236334313 0.0032433402363342993 0.12152670430467521 0.0032433402363342798 0.0032433402363342932 0.0032433402363345044 0.003243340236334298 0.163856682212748 0.003243340236334307 0.00679469228101128 0.0032433402363343036 0.6559284774203017 0.0032433402363343015 0.0032433402363343084 0.003243340236334301 0.0032433402363343084 0.003243340236334319 0.003243340236334298 
0.0026145325499529115 0.002614532549952908 0.0026145325499528803 0.0026145325499528863 0.9429973097132438 0.0026145325499528976 0.0026145325499528768 0.002614532549952944 0.0026145325499529006 0.006779470614032919 0.002614532549952907 0.0026145325499528954 0.002614532549952891 0.0057761663235634 0.0026145325499528976 0.0026145325499528933 0.002614532549952908 0.002614532549952902 0.0026145325499529145 0.002614532549952904 
0.002619140961642612 0.0026191409616426508 0.002619140961642654 0.0026191409616426525 0.9502363217287529 0.002619140961642662 0.0026191409616426464 0.0026191409616425666 0.0026191409616426477 0.002619140961642599 0.0026191409616426503 0.0026191409616426486 0.0026191409616426404 0.0026191409616387524 0.002619140961642669 0.002619140961642633 0.002619140961642663 0.0026191409616426486 0.0026191409616426174 0.0026191409616426447 
0.0070071282886083825 0.007007128288608385 0.007007128288608391 0.007007128288608376 0.6917920577970252 0.007007128288608381 0.007007128288608407 0.007007128288608378 0.007007128288608379 0.018385680663880046 0.007007128288608382 0.01849888798062183 0.007007128288608391 0.15920932094073642 0.007007128288608401 0.007007128288608391 0.007007128288608379 0.00700712828860841 0.007007128288608379 0.00700712828860839 
0.002584010066837772 0.0025840100668377618 0.0025840100668377652 0.0025840100668377717 0.8489373505857423 0.002584010066837784 0.002584010066837757 0.002584010066837711 0.0025840100668377444 0.0025840100668379673 0.0025840100668377618 0.0025840100668377535 0.0025840100668377474 0.10455046821111007 0.0025840100668377388 0.002584010066837771 0.0025840100668377565 0.002584010066837771 0.0025840100668377717 0.002584010066837768 
0.004791594485858734 0.004791594485858728 0.004791594485858736 0.004791594485858763 0.5989458136032063 0.004791594485858737 0.004791594485858746 0.004791594485858693 0.004791594485858734 0.004791594485858604 0.0047915944858587375 0.0047915944858587375 0.004791594485858708 0.3148054856512014 0.0047915944858587444 0.004791594485858741 0.004791594485858738 0.00479159448585874 0.004791594485858748 0.004791594485858741 
0.005076761888898363 0.005076761888898377 0.005076761888898375 0.005076761888898365 0.7773231300046304 0.005076761888898354 0.0050767618888983785 0.005076761888898321 0.005076761888898363 0.12237632623764867 0.0050767618888983785 0.005076761888898369 0.005076761888898364 0.013995591646448691 0.005076761888898366 0.005076761888898366 0.005076761888898371 0.00507676188889836 0.0050767618888983524 0.005076761888898359 
0.005536072167860762 0.005536072167860747 0.0055360721678607595 0.005536072167860761 0.8948146288106035 0.0055360721678607595 0.005536072167860779 0.005536072167860774 0.005536072167860764 0.005536072167860272 0.005536072167860764 0.005536072167860776 0.005536072167860761 0.0055360721678584515 0.0055360721678607665 0.005536072167860762 0.005536072167860763 0.005536072167860758 0.00553607216786075 0.00553607216786076 
0.0036393913541895736 0.003639391354189575 0.003639391354189565 0.0036393913541895783 0.9185426802236575 0.00363939135418959 0.0036393913541895723 0.0036393913541895788 0.0036393913541895775 0.006591312547132302 0.0036393913541895905 0.0036393913541895827 0.003639391354189577 0.012996354207986019 0.003639391354189576 0.0036393913541895814 0.003639391354189594 0.003639391354189652 0.0036393913541895835 0.003639391354189566 
0.020980488201636314 0.020980488201636307 0.02098048820163631 0.02098048820163631 0.4871280838618853 0.02098048820163631 0.02098048820163631 0.020980488201636296 0.09270702170819026 0.020980488201636394 0.020980488201636307 0.04467601409058598 0.02098048820163631 0.03980106911315626 0.020980488201636314 0.020980488201636317 0.0209804882016364 0.020980488201636317 0.020980488201636303 0.02098048820163631 
0.0019463709813399416 0.0019463709813399776 0.0019463709813399652 0.001946370981339987 0.11808851076762773 0.0019463709813399902 0.0019463709813399874 0.0019463709813399485 0.0019463709813399997 0.0682027553292545 0.0019463709813399832 0.0019463709813400548 0.0019463709813399791 0.7806204272203819 0.0019463709813399852 0.0019463709813399902 0.001946370981339991 0.0019463709813399832 0.0019463709813399902 0.0019463709813399852 
0.011321115027664842 0.011321115027664854 0.011321115027664842 0.011321115027664842 0.2493725185337958 0.011321115027664842 0.011321115027664837 0.011321115027664842 0.011321115027664776 0.0454201869163762 0.011321115027664844 0.11251342872897917 0.011321115027664842 0.41155602537821195 0.011321115027664837 0.011321115027664827 0.011321115027664847 0.011321115027664844 0.01132111502766484 0.011321115027664842 
0.014845563242344534 0.01484556324234454 0.014845563242344534 0.014845563242344534 0.6337972736835535 0.014845563242344534 0.014845563242344536 0.014845563242344534 0.014845563242344534 0.014845563242344846 0.014845563242344534 0.014845563242344517 0.014845563242344506 0.09898258795424622 0.014845563242344534 0.014845563242344534 0.014845563242344546 0.014845563242344534 0.014845563242344534 0.01484556324234456 
0.007490488144264738 0.007490488144264747 0.0074904881442647755 0.007490488144264741 0.6663646356073022 0.007490488144264741 0.00749048814426472 0.007490488144264736 0.0074904881442646775 0.007490488144264707 0.007490488144264741 0.007490488144264741 0.0074904881442647425 0.19880657779589672 0.007490488144264736 0.007490488144264728 0.007490488144264745 0.007490488144264744 0.00749048814426471 0.007490488144264741 
0.002498600789429252 0.002498600789429241 0.0024986007894292417 0.0024986007894292335 0.9492458541816609 0.0024986007894292417 0.002498600789429274 0.0024986007894292487 0.002498600789429183 0.002498600789429423 0.0024986007894292356 0.005779331608613329 0.002498600789429271 0.002498600789428979 0.0024986007894292504 0.0024986007894292027 0.002498600789429202 0.002498600789429248 0.002498600789429244 0.0024986007894292448 
0.02049397442373932 0.020493974423739323 0.02049397442373932 0.020493974423739326 0.6106144859489797 0.02049397442373932 0.02049397442373932 0.020493974423739316 0.020493974423739313 0.020493974423739524 0.020493974423739326 0.020493974423739313 0.020493974423739323 0.020493974423739895 0.02049397442373932 0.020493974423739316 0.020493974423739326 0.020493974423739326 0.02049397442373932 0.020493974423739316 
0.005423479655070196 0.005423479655070192 0.005423479655070185 0.0054234796550701875 0.8681172167021172 0.00542347965507019 0.005423479655070193 0.005423479655070191 0.005423479655070183 0.0054234796550698934 0.005423479655070192 0.005423479655070188 0.00542347965507019 0.025150065671674864 0.005423479655070203 0.014533563489961137 0.005423479655070145 0.005423479655070194 0.005423479655070206 0.00542347965507021 
0.0019645033262773426 0.001964503326277344 0.001964503326277346 0.001964503326277354 0.954085006898891 0.001964503326277349 0.001964503326277342 0.0019645033262773405 0.0019645033262773357 0.004073231066435482 0.0019645033262773253 0.001964503326277351 0.0019645033262773366 0.006601166528759522 0.00380854228547706 0.001964503326277345 0.001964503326277345 0.001964503326277345 0.0019645033262773366 0.001964503326277342 
0.006247182575310523 0.0062471825753105305 0.006247182575310534 0.006247182575310533 0.8697248149539468 0.006247182575310527 0.006247182575310535 0.006247182575310534 0.006247182575310529 0.006247182575310633 0.006247182575310535 0.006247182575310533 0.006247182575310544 0.013277770221554734 0.01079531104430416 0.0062471825753105245 0.00624718257531063 0.0062471825753105305 0.006247182575310533 0.006247182575310566 
0.0035120835645017336 0.0035120835645017345 0.00351208356450172 0.0035120835645017457 0.9170786913154035 0.0035120835645017384 0.0035120835645017397 0.0035120835645017427 0.003512083564501734 0.014528541217264481 0.0035120835645017392 0.008687346870789833 0.003512083564501738 0.003512083564501249 0.0035120835645017353 0.0035120835645017392 0.0035120835645017327 0.0035120835645017566 0.0035120835645017293 0.003512083564501737 
0.004727638602733997 0.004727638602733999 0.004727638602733995 0.00472763860273399 0.7698692096979203 0.004727638602733981 0.004727638602733999 0.004727638602733991 0.004727638602734006 0.004727638602734671 0.004727638602734006 0.004727638602734004 0.004727638602734007 0.1450332954528944 0.004727638602733954 0.004727638602733997 0.0047276386027340685 0.004727638602734003 0.004727638602734003 0.004727638602733936 
9.944359644980646E-5 9.944359644980696E-5 9.944359644980607E-5 9.944359644980653E-5 0.9981105716674549 9.944359644980649E-5 9.944359644980643E-5 9.944359644980704E-5 9.944359644977258E-5 9.944359644980663E-5 9.944359645002369E-5 9.944359644980681E-5 9.944359644955339E-5 9.944359644982599E-5 9.944359644980688E-5 9.944359644990774E-5 9.944359644980556E-5 9.944359644980651E-5 9.944359644980669E-5 9.944359644980669E-5 
0.011467923354972646 0.011467923354972669 0.011467923354972659 0.011467923354972657 0.7821094562555199 0.011467923354972659 0.011467923354972709 0.011467923354972716 0.011467923354972672 0.011467923354972487 0.011467923354972605 0.011467923354972659 0.011467923354972667 0.01146792335497362 0.011467923354972659 0.011467923354972655 0.011467923354972648 0.011467923354972657 0.011467923354972685 0.011467923354972659 
0.005256226261759126 0.005256226261759123 0.005256226261759123 0.005256226261759125 0.3921639966440531 0.005256226261759113 0.005256226261759124 0.005256226261759121 0.005256226261759126 0.28974832181267496 0.005256226261759122 0.00525622626175912 0.005256226261759184 0.22873183509335618 0.005256226261759135 0.0052562262617591405 0.005256226261759114 0.005256226261759127 0.0052562262617591275 0.005256226261759122 
0.004576538826912953 0.004576538826912936 0.004576538826912895 0.0045765388269129485 0.21079322029821954 0.004576538826912815 0.004576538826912955 0.004576538826912958 0.004576538826912953 0.024921991582636825 0.00457653882691296 0.004576538826912945 0.004576538826912953 0.6799321640703501 0.0045765388269129546 0.011128002818214999 0.004576538826912947 0.00457653882691297 0.004576538826912963 0.004576538826912953 
0.019956220084703366 0.019956220084703373 0.019956220084703366 0.019956220084703373 0.3918263352464328 0.019956220084703373 0.019956220084703376 0.019956220084703373 0.019956220084703373 0.019956220084703137 0.01995622008470333 0.019956220084703376 0.019956220084703373 0.2489617032288879 0.01995622008470338 0.019956220084703352 0.019956220084703373 0.019956220084703373 0.019956220084703373 0.019956220084703387 
0.007448848934427683 0.0074488489344276985 0.007448848934427701 0.007448848934427704 0.8225259603745569 0.007448848934427701 0.007448848934427704 0.007448848934427738 0.012877868338431638 0.007448848934427714 0.007448848934427633 0.0074488489344276985 0.007448848934427683 0.03306546001880162 0.007448848934427709 0.007448848934427704 0.007448848934427704 0.007448848934427703 0.007448848934427704 0.012349128317259383 
0.0023883110548284315 0.002388311054828464 0.0023883110548284705 0.0023883110548284605 0.19597260083799192 0.0023883110548284653 0.0023883110548284805 0.002388311054828445 0.0023883110548284636 0.16467872992486973 0.0023883110548284557 0.0023883110548284653 0.0023883110548284636 0.5987473813050618 0.002388311054828465 0.0023883110548284688 0.002388311054828467 0.0023883110548284683 0.0023883110548284596 0.0023883110548284644 
0.020087009503421994 0.020087009503421994 0.020087009503421994 0.020087009503421994 0.6183468194350118 0.020087009503421994 0.02008700950342199 0.020087009503421998 0.020087009503421994 0.020087009503421894 0.02008700950342197 0.020087009503421994 0.020087009503421994 0.02008700950342201 0.020087009503421994 0.020087009503421994 0.020087009503421956 0.020087009503421988 0.020087009503421994 0.020087009503421994 
0.005361792678341706 0.005361792678341719 0.005361792678341721 0.0053617926783417124 0.7504308609071828 0.005361792678341702 0.005361792678341712 0.005361792678341716 0.005361792678341708 0.005361792678341875 0.005361792678341716 0.005361792678341705 0.005361792678341716 0.15305687088274222 0.005361792678341714 0.005361792678341718 0.005361792678341719 0.005361792678341708 0.005361792678341736 0.005361792678341701 
0.014280460623346309 0.01428046062334633 0.014280460623346298 0.014280460623346309 0.7286712481564198 0.014280460623346309 0.014280460623346314 0.014280460623346309 0.014280460623346309 0.014280460623346359 0.014280460623346309 0.014280460623346324 0.014280460623346314 0.014280460623345797 0.014280460623346309 0.014280460623346354 0.014280460623346314 0.01428046062334631 0.014280460623346309 0.014280460623346314 
0.0042197409640469 0.00421974096404689 0.0042197409640468905 0.004219740964046898 0.919824921683111 0.004219740964046906 0.004219740964046898 0.004219740964046897 0.0042197409640469 0.0042197409640465314 0.004219740964046795 0.00421974096404689 0.004219740964046897 0.004219740964046329 0.0042197409640469 0.0042197409640469 0.004219740964046896 0.004219740964046901 0.004219740964046885 0.004219740964046869 
0.015594322046241033 0.015594322046241036 0.015594322046241038 0.015594322046241038 0.6837621008403062 0.015594322046241036 0.015594322046241038 0.015594322046241043 0.015594322046241038 0.01559432204624092 0.015594322046241038 0.015594322046241043 0.015594322046241038 0.03554010232732421 0.015594322046241038 0.015594322046241041 0.015594322046241038 0.015594322046241038 0.015594322046241024 0.01559432204624105 
0.003834678513963407 0.0038346785139634063 0.0038346785139634046 0.0038346785139634154 0.9227488674379243 0.003834678513963414 0.00383467851396341 0.003834678513963431 0.0038346785139634397 0.0038346785139645504 0.0038346785139634384 0.003834678513963413 0.0038346785139634475 0.008226919310679155 0.003834678513963411 0.003834678513963414 0.003834678513963389 0.00383467851396341 0.0038346785139634154 0.003834678513963414 
0.0037262100588037516 0.003726210058803756 0.0037262100588037503 0.003726210058803787 0.9206640236094026 0.0037262100588037715 0.003726210058803756 0.003726210058803767 0.0037262100588037477 0.00372621005880408 0.003726210058803749 0.0037262100588037607 0.003726210058803754 0.012264195332143455 0.003726210058803762 0.003726210058803745 0.00372621005880377 0.003726210058803758 0.003726210058803778 0.0037262100588037568 
0.01034739503458902 0.010347395034589002 0.010347395034589039 0.01034739503458902 0.7867514291518304 0.010347395034589023 0.01034739503458902 0.010347395034589018 0.010347395034589027 0.010347395034588988 0.010347395034589027 0.01034739503458903 0.010347395034589016 0.026995460225568126 0.01034739503458902 0.010347395034589014 0.01034739503458902 0.010347395034589023 0.010347395034589025 0.01034739503458902 
0.00857259978669274 0.00857259978669275 0.008572599786692751 0.008572599786692774 0.8371206040528566 0.00857259978669276 0.008572599786692763 0.008572599786692755 0.00857259978669275 0.008572599786692827 0.008572599786692755 0.00857259978669277 0.008572599786692756 0.008572599786694257 0.008572599786692739 0.008572599786692755 0.008572599786692758 0.008572599786692767 0.008572599786692751 0.008572599786692756 
0.011662395292379486 0.011662395292379486 0.011662395292379486 0.011662395292379486 0.562000431797531 0.011662395292379486 0.011662395292379484 0.011662395292379486 0.011662395292379486 0.011662395292379474 0.011662395292379488 0.011662395292379474 0.011662395292379486 0.22807645293960516 0.011662395292379477 0.01166239529237949 0.011662395292379484 0.011662395292379484 0.011662395292379495 0.011662395292379486 
0.003485950260740018 0.003485950260740018 0.0034859502607400197 0.00348595026074003 0.41639871341192813 0.003485950260740019 0.0034859502607400357 0.003485950260740017 0.0034859502607400184 0.0034859502607401775 0.0034859502607400166 0.0034859502607400158 0.0034859502607400084 0.5208541818947634 0.0034859502607400145 0.0034859502607399355 0.0034859502607400127 0.003485950260740021 0.0034859502607400197 0.0034859502607400353 
0.021429024371380934 0.021429024371380934 0.021429024371380934 0.021429024371380934 0.5928485369437518 0.021429024371380934 0.021429024371380934 0.021429024371380934 0.02142902437138092 0.02142902437138089 0.021429024371380723 0.021429024371380927 0.021429024371380934 0.021429024371380848 0.021429024371380934 0.021429024371380927 0.021429024371380934 0.021429024371380934 0.021429024371380938 0.02142902437138093 
0.01972029500881405 0.01972029500881405 0.01972029500881405 0.01972029500881405 0.2931847931052528 0.019720295008814056 0.019720295008814052 0.01972029500881405 0.01972029500881405 0.04003728371494642 0.019720295008814056 0.019720295008814052 0.01972029500881405 0.33153290802996244 0.019720295008814056 0.019720295008814077 0.01972029500881405 0.01972029500881405 0.019720295008814046 0.01972029500881405 
0.021361192206637753 0.021361192206637753 0.021361192206637753 0.021361192206637753 0.5941373480738993 0.021361192206637753 0.021361192206637753 0.02136119220663774 0.021361192206637753 0.021361192206637753 0.021361192206637753 0.021361192206637767 0.021361192206637753 0.021361192206637798 0.021361192206637753 0.02136119220663774 0.02136119220663779 0.021361192206637753 0.021361192206637753 0.021361192206637767 
0.003322433334989943 0.0033224333349899373 0.003322433334989972 0.003322433334989943 0.7458777369462778 0.003322433334989941 0.0033224333349899464 0.0033224333349899018 0.003322433334989915 0.0033224333349891754 0.0033224333349899503 0.0033224333349899495 0.003322433334989955 0.19431846302382905 0.003322433334989938 0.00332243333498993 0.0033224333349899477 0.003322433334989953 0.0033224333349899404 0.003322433334989943 
0.006015802648890803 0.006015802648890813 0.006015802648890806 0.006015802648890819 0.6875708304619182 0.006015802648890802 0.0060158026488908055 0.006015802648890823 0.006015802648890793 0.014332391978427164 0.006015802648890806 0.006015802648890794 0.006015802648890803 0.19582813252851825 0.006015802648890798 0.006015802648890802 0.006015802648890808 0.006015802648890816 0.006015802648890798 0.006015802648890793 
0.00582130466107023 0.005821304661070242 0.005821304661070222 0.005821304661070239 0.8736584283228763 0.005821304661070242 0.0058213046610702075 0.005821304661070246 0.005821304661070292 0.005821304661070168 0.005821304661070298 0.017929585640962233 0.005821304661070238 0.009449806797895406 0.005821304661070238 0.005821304661070221 0.005821304661070246 0.005821304661070232 0.005821304661070238 0.005821304661070225 
2.368628361578742E-4 2.368628361578092E-4 2.3686283615796745E-4 2.3686283615780907E-4 0.0268200933882561 2.3686283615780875E-4 2.3686283615780942E-4 2.3686283615793576E-4 2.368628361578005E-4 2.3686283615779937E-4 2.36862836157809E-4 2.3686283615781127E-4 2.3686283615780907E-4 4.7673808879724277E-4 2.368628361578087E-4 0.9686765003082638 2.368628361578101E-4 2.3686283615780913E-4 2.368628361579193E-4 2.3686283615780934E-4 
0.0041379220241832305 0.004137922024183253 0.004137922024183227 0.004137922024183236 0.9213794815405192 0.004137922024183184 0.004137922024183362 0.004137922024183235 0.004137922024183117 0.004137922024182926 0.004137922024183229 0.004137922024183246 0.004137922024183233 0.004137922024182479 0.004137922024183233 0.0041379220241832305 0.004137922024183161 0.004137922024183239 0.004137922024183223 0.0041379220241832305 
0.009514029050115277 0.009514029050115272 0.009514029050115277 0.009514029050115289 0.806874701755305 0.009514029050115282 0.009514029050115272 0.009514029050115287 0.00951402905011528 0.021872775342620436 0.009514029050115278 0.009514029050115278 0.009514029050115278 0.009514029050115178 0.009514029050115278 0.009514029050115278 0.009514029050115263 0.00951402905011528 0.009514029050115272 0.009514029050115278 
0.0016588642033877874 0.0016588642033877941 0.0016588642033877861 0.0016588642033877753 0.9684815801354787 0.0016588642033877636 0.0016588642033877829 0.0016588642033876586 0.0016588642033877796 0.001658864203388198 0.0016588642033877816 0.0016588642033877952 0.0016588642033877475 0.0016588642033685615 0.001658864203387787 0.001658864203387773 0.0016588642033878252 0.001658864203387808 0.001658864203387787 0.0016588642033877811 
0.0024095593500847927 0.002409559350084788 0.0024095593500848187 0.0024095593500847944 0.9524621889995437 0.002409559350084803 0.0024095593500848035 0.0024095593500847654 0.004165742698930552 0.0024095593500845975 0.002409559350084819 0.0024095593500847983 0.0024095593500847758 0.0024095593500858934 0.0024095593500847814 0.0024095593500847866 0.0024095593500847935 0.0024095593500847684 0.0024095593500847636 0.002409559350084798 
0.00377228482748185 0.0037722848274818277 0.003772284827481823 0.0037722848274818425 0.928326588277846 0.0037722848274818342 0.0037722848274818637 0.0037722848274818464 0.003772284827481825 0.0037722848274815116 0.0037722848274818264 0.0037722848274818425 0.003772284827481825 0.003772284827482274 0.0037722848274818195 0.0037722848274818264 0.003772284827481777 0.0037722848274818178 0.00377228482748184 0.0037722848274818243 
0.003570035225070194 0.003570035225070194 0.0035700352250701913 0.003570035225070194 0.9302099840506859 0.003570035225070194 0.003570035225070195 0.00357003522507019 0.0035700352250701947 0.0035700352250701366 0.003570035225070194 0.0035700352250701913 0.0035700352250701934 0.005529381898050493 0.003570035225070194 0.0035700352250702156 0.003570035225070195 0.003570035225070194 0.0035700352250707633 0.003570035225070195 
0.015492227496148566 0.015492227496148555 0.01549222749614855 0.015492227496148555 0.7056476775731614 0.015492227496148552 0.015492227496148552 0.01549222749614856 0.015492227496148555 0.015492227496148533 0.01549222749614856 0.015492227496148552 0.015492227496148555 0.015492227496148472 0.015492227496148555 0.01549222749614856 0.015492227496148522 0.015492227496148566 0.015492227496148557 0.015492227496148566 
0.015785126931700793 0.01578512693170079 0.015785126931700783 0.01578512693170079 0.7000825882976851 0.0157851269317008 0.015785126931700786 0.01578512693170079 0.01578512693170079 0.015785126931700536 0.015785126931700852 0.01578512693170079 0.01578512693170079 0.015785126931700522 0.01578512693170079 0.01578512693170078 0.015785126931700786 0.015785126931700786 0.015785126931700793 0.01578512693170079 
0.01668689632202487 0.01668689632202487 0.016686896322024882 0.01668689632202486 0.6385040789239208 0.016686896322024868 0.016686896322024868 0.016686896322024875 0.01668689632202487 0.016686896322024813 0.016686896322024854 0.016686896322024886 0.01668689632202487 0.06113178727959387 0.01668689632202487 0.01668689632202489 0.01668689632202487 0.016686896322024865 0.016686896322024875 0.01668689632202487 
0.0029951073319601828 0.0029951073319601836 0.00299510733196018 0.0029951073319601624 0.9385547353704449 0.0029951073319601763 0.0029951073319601815 0.0029951073319601303 0.002995107331960173 0.0029951073319599846 0.002995107331960183 0.0029951073319601836 0.0029951073319601836 0.007533332654271339 0.0029951073319601793 0.002995107331960173 0.0029951073319602266 0.002995107331960186 0.0029951073319602253 0.002995107331960177 
1.5886170652164454E-4 1.5886170652166956E-4 1.588617065216444E-4 1.5886170652164454E-4 0.014137919232811706 1.5886170652164452E-4 1.5886170652165102E-4 1.5886170652164452E-4 1.588617065216443E-4 1.5886170652163012E-4 1.5886170652158727E-4 1.5886170652164446E-4 1.5886170652164468E-4 1.5886170652164113E-4 1.5886170652177915E-4 0.9830025700497993 1.588617065216446E-4 1.588617065216453E-4 1.588617065216442E-4 1.5886170652168788E-4 
0.0028696808113760305 0.002869680811376035 0.0028696808113760253 0.002869680811376026 0.9454760645838554 0.00286968081137603 0.0028696808113760383 0.0028696808113759984 0.0028696808113760275 0.002869680811375702 0.0028696808113760353 0.0028696808113760327 0.002869680811376098 0.002869680811376208 0.0028696808113760275 0.0028696808113760253 0.0028696808113760322 0.0028696808113760188 0.0028696808113760305 0.002869680811376026 
0.018606008205432224 0.01860600820543222 0.018606008205432227 0.018606008205432237 0.3255748364649824 0.018606008205432227 0.0186060082054322 0.018606008205432224 0.01860600820543223 0.018606008205432154 0.018606008205432213 0.018606008205432237 0.018606008205432224 0.06483591940399877 0.29328710463867674 0.01860600820543222 0.018606008205432206 0.018606008205432224 0.018606008205432227 0.01860600820543223 
0.0030963019029693517 0.0030963019029693417 0.003096301902969351 0.00309630190296933 0.5454364638142977 0.0030963019029693383 0.003096301902969332 0.0030963019029693443 0.0030963019029693344 0.39883010193211227 0.003096301902969363 0.003096301902969338 0.0030963019029693344 0.0030963019029677484 0.003096301902969338 0.0030963019029693335 0.0030963019029693565 0.00309630190296934 0.0030963019029693365 0.0030963019029690373 
0.004419632163266929 0.004419632163266917 0.004419632163266923 0.004419632163266925 0.8996509256529016 0.004419632163266916 0.004419632163266919 0.004419632163266838 0.00441963216326691 0.004419632163267631 0.004419632163266918 0.015966224872102877 0.004419632163266928 0.009249102699494634 0.004419632163266921 0.004419632163266906 0.004419632163266925 0.004419632163266917 0.004419632163266915 0.004419632163266917 
0.01170591532359783 0.011705915323597826 0.01170591532359781 0.011705915323597816 0.7654638006173498 0.011705915323597845 0.011705915323597818 0.011705915323597821 0.011705915323597804 0.011705915323598026 0.011705915323597818 0.011705915323597797 0.011705915323597814 0.02382972355789912 0.011705915323597818 0.011705915323597821 0.011705915323597797 0.011705915323597814 0.011705915323597828 0.011705915323597814 
0.004657046564940196 0.004657046564940181 0.0046570465649402 0.004657046564940185 0.336044511740498 0.004657046564940183 0.004657046564940186 0.004657046564940188 0.004657046564940189 0.004657046564940283 0.004657046564940179 0.0046570465649401855 0.004657046564940189 0.580128650090615 0.004657046564940206 0.004657046564940217 0.004657046564940186 0.00465704656494019 0.004657046564940187 0.004657046564940175 
0.006514946654385278 0.006514946654385276 0.006514946654385297 0.006514946654385283 0.8762160135666802 0.006514946654385279 0.006514946654385283 0.0065149466543852645 0.006514946654385281 0.006514946654385897 0.006514946654385285 0.006514946654385288 0.006514946654385283 0.006514946654386121 0.006514946654385285 0.006514946654385278 0.006514946654385275 0.006514946654385283 0.00651494665438526 0.0065149466543853035 
0.021441200815046732 0.021441200815046732 0.021441200815046732 0.021441200815046732 0.5581201436890101 0.021441200815046732 0.021441200815046736 0.021441200815046732 0.021441200815046732 0.021441200815046656 0.021441200815046732 0.021441200815046732 0.021441200815046732 0.05593824164015773 0.021441200815046725 0.021441200815046732 0.021441200815046746 0.021441200815046732 0.021441200815046742 0.021441200815046746 
0.03220689113436858 0.03220689113436859 0.03220689113436859 0.03220689113436859 0.32447690544252755 0.03220689113436859 0.03220689113436859 0.03220689113436859 0.03220689113436859 0.03220689113436864 0.03220689113436859 0.03220689113436859 0.03220689113436859 0.09579905413883773 0.03220689113436859 0.03220689113436859 0.03220689113436859 0.03220689113436858 0.03220689113436859 0.03220689113436859 
0.005102775901819841 0.005102775901819841 0.0051027759018198475 0.005102775901819834 0.7668367577261151 0.005102775901819843 0.005102775901819838 0.005102775901819798 0.005102775901819834 0.005102775901819419 0.005102775901819845 0.005102775901819848 0.005102775901819847 0.1413132760410591 0.0051027759018198345 0.005102775901819835 0.005102775901819915 0.005102775901819841 0.005102775901819835 0.005102775901819856 
0.021462216453665844 0.021462216453665837 0.021462216453665844 0.021462216453665844 0.5922178873803408 0.021462216453665844 0.02146221645366584 0.02146221645366583 0.021462216453665847 0.02146221645366592 0.021462216453665837 0.021462216453665833 0.021462216453665844 0.02146221645366544 0.02146221645366584 0.021462216453665837 0.021462216453665844 0.021462216453665844 0.02146221645366584 0.021462216453665844 
0.022708417415973618 0.022708417415973618 0.02270841741597363 0.022708417415973618 0.5685400690964872 0.022708417415973618 0.022708417415973615 0.022708417415973618 0.022708417415973618 0.022708417415973587 0.022708417415973618 0.02270841741597361 0.022708417415973615 0.02270841741597363 0.022708417415973618 0.022708417415973636 0.022708417415973618 0.022708417415973618 0.022708417415973618 0.022708417415973625 
0.0028667136608667956 0.002866713660866794 0.0028667136608668035 0.0028667136608674323 0.9455324404435316 0.0028667136608667896 0.0028667136608667943 0.002866713660866792 0.002866713660866798 0.002866713660866972 0.0028667136608667948 0.002866713660866794 0.002866713660866795 0.0028667136608668386 0.002866713660866794 0.002866713660866798 0.0028667136608667956 0.002866713660866798 0.002866713660866795 0.0028667136608667956 
0.004959675206674218 0.004959675206674217 0.004959675206674235 0.00495967520667422 0.7522678857559937 0.004959675206674226 0.004959675206674225 0.0049596752066742265 0.004959675206674221 0.1539859109219364 0.004959675206674218 0.004959675206674228 0.004959675206674221 0.009431724808613082 0.004959675206674206 0.004959675206674209 0.004959675206674201 0.0049596752066742395 0.004959675206674226 0.00495967520667423 
0.0034948172414005258 0.0034948172414004846 0.003494817241400487 0.003494817241400484 0.9276840197874796 0.0034948172414004854 0.0034948172414004837 0.0034948172414004846 0.003494817241400486 0.003494817241400455 0.0034948172414004846 0.003494817241400487 0.003494817241400486 0.009409269867311514 0.0034948172414004846 0.0034948172414004846 0.003494817241400487 0.003494817241400694 0.0034948172414004837 0.003494817241400486 
0.02870244471687679 0.02870244471687679 0.02870244471687679 0.028702444716876795 0.45465355037934324 0.02870244471687679 0.02870244471687679 0.02870244471687678 0.02870244471687679 0.02870244471687686 0.02870244471687679 0.02870244471687679 0.02870244471687679 0.0287024447168766 0.02870244471687679 0.02870244471687679 0.02870244471687679 0.02870244471687679 0.02870244471687679 0.02870244471687677 
0.028249469560912937 0.028249469560912937 0.028249469560912937 0.028249469560912937 0.4632600783426547 0.028249469560912937 0.028249469560912937 0.028249469560912937 0.02824946956091293 0.028249469560913208 0.02824946956091293 0.028249469560912937 0.028249469560912937 0.028249469560912985 0.02824946956091294 0.02824946956091294 0.02824946956091292 0.02824946956091294 0.028249469560912937 0.028249469560912937 
0.008305389873207022 0.008305389873207017 0.008305389873207015 0.00830538987320702 0.78164381376958 0.008305389873207026 0.00830538987320702 0.008305389873207017 0.008305389873207022 0.008305389873207095 0.00830538987320702 0.008305389873207026 0.008305389873207019 0.056485427422417696 0.020679130963417412 0.008305389873207034 0.008305389873206939 0.008305389873207022 0.008305389873207026 0.008305389873207022 
0.01548782517495225 0.01548782517495225 0.01548782517495225 0.01548782517495225 0.6519800684978486 0.015487825174952246 0.01548782517495225 0.01548782517495224 0.01548782517495225 0.06923907835301091 0.015487825174952221 0.015487825174952246 0.01548782517495225 0.015487825174952213 0.015487825174952246 0.01548782517495225 0.01548782517495225 0.015487825174952261 0.015487825174952254 0.015487825174952256 
0.0034893239307157713 0.0034893239307157748 0.003489323930715763 0.003489323930715769 0.3646944059118286 0.003489323930715772 0.003489323930715767 0.003489323930715746 0.003489323930715744 0.2317631976060239 0.0034893239307157713 0.0034893239307157635 0.0034893239307157735 0.34422388966000034 0.003489323930715773 0.003489323930715766 0.003489323930715755 0.003489323930715763 0.0034893239307157713 0.0034893239307157674 
