0.004019809807639922 0.004019809807639941 0.5742907877630179 0.004019809807639923 0.004019809807639908 0.004019809807639922 0.004019809807639916 0.0040198098076399316 0.004019809807639922 0.004019809807639928 0.004019809807639933 0.00401980980763992 0.009187531825286 0.004019809807639931 0.004019809807639911 0.34818491368189025 0.004019809807639911 0.004019809807639967 0.004019809807639929 0.004019809807639924 
0.0029040960035511933 0.0029040960035512037 0.925876371536067 0.0029040960035511976 0.00886221111794578 0.002904096003551155 0.0029040960035511833 0.00290409600355117 0.0029040960035511963 0.0029040960035512224 0.0029040960035511933 0.0029040960035512098 0.002904096003550855 0.002904096003551207 0.010133170282026694 0.002904096003550814 0.006687126776893015 0.004879680233799958 0.002904096003551192 0.0029040960035511976 
0.009392110407871196 0.009392110407871196 0.036461460053510815 0.009392110407871196 0.009392110407871196 0.009392110407871206 0.009392110407871196 0.009392110407871156 0.009392110407871196 0.009392110407871196 0.009392110407871192 0.009392110407871196 0.00939211040787119 0.009392110407871196 0.023409746154605976 0.009392110407871199 0.7804629168580757 0.009392110407871194 0.009392110407871196 0.009392110407871196 
0.004084593677787529 0.004084593677787521 0.6891785758406241 0.004084593677787513 0.0040845936777875085 0.004084593677787528 0.004084593677787516 0.00408459367778755 0.009295176248006317 0.004084593677787522 0.004084593677787535 0.004084593677787557 0.004084593677787519 0.004084593677787521 0.017691714358644604 0.21848103470817357 0.0040845936777876846 0.004084593677787525 0.004084593677787531 0.0040845936777875215 
0.006415503535319014 0.006415503535319017 0.8337616022948978 0.0064155035353190126 0.006415503535319016 0.006415503535318971 0.0064155035353190126 0.0064155035353190065 0.006415503535319014 0.006415503535319017 0.006415503535319017 0.006415503535319014 0.006415503535318951 0.006415503535319017 0.016126368772004893 0.006415503535319003 0.017532112290387883 0.029931860077540624 0.006415503535319018 0.006415503535319014 
0.012956025678483888 0.012956025678483897 0.7202003725131484 0.012956025678483897 0.012956025678483897 0.012956025678483895 0.012956025678483907 0.012956025678483897 0.012956025678483894 0.012956025678483897 0.012956025678483907 0.012956025678483894 0.012956025678483894 0.012956025678483888 0.01295602567848392 0.046591165274119134 0.01295602567848376 0.012956025678483866 0.012956025678483897 0.012956025678483897 
2.6720255088147777E-4 2.6720255088147474E-4 0.9949231515332523 2.672025508814781E-4 2.672025508814775E-4 2.6720255088147826E-4 2.672025508814779E-4 2.672025508814731E-4 2.67202550881477E-4 2.6720255088147674E-4 2.672025508814781E-4 2.6720255088147766E-4 2.6720255088147734E-4 2.672025508814785E-4 2.672025508814761E-4 2.6720255088151436E-4 2.6720255088147777E-4 2.6720255088147864E-4 2.6720255088178585E-4 2.6720255088147745E-4 
0.010056729992084812 0.010056729992084816 0.8007356866786134 0.010056729992084812 0.010056729992084812 0.010056729992084812 0.01005672999208481 0.010056729992084812 0.010056729992084807 0.01005672999208482 0.010056729992084826 0.010056729992084786 0.010056729992084826 0.010056729992084804 0.010056729992084807 0.010056729992084873 0.018243173463900714 0.010056729992084812 0.01005672999208478 0.010056729992084769 
0.016947356415587287 0.016947356415587284 0.30410478810810465 0.045264639711683624 0.016947356415587284 0.016947356415587287 0.016947356415587287 0.016947356415587287 0.016947356415587308 0.016947356415587287 0.03827678223235808 0.016947356415587287 0.016947356415587287 0.016947356415587287 0.016947356415587377 0.016947356415587252 0.3411960872984405 0.016947356415587284 0.016947356415587287 0.016947356415587287 
0.007598280173935533 0.007598280173935552 0.8556326766952814 0.007598280173935528 0.007598280173935527 0.007598280173935528 0.007598280173935543 0.007598280173935537 0.007598280173935539 0.007598280173935539 0.007598280173935538 0.007598280173935539 0.007598280173935542 0.007598280173935537 0.007598280173935669 0.007598280173935542 0.007598280173935625 0.007598280173935625 0.007598280173935547 0.007598280173935539 
0.003915635780368392 0.003915635780368405 0.9135397289619887 0.003915635780368411 0.003915635780368402 0.003915635780368428 0.003915635780368421 0.003915635780368474 0.003915635780368386 0.00391563578036839 0.0039156357803684086 0.003915635780368413 0.003915635780368353 0.003915635780368413 0.003915635780368418 0.0039156357803683695 0.010714758009703755 0.009179704762042253 0.0039156357803684224 0.003915635780368404 
0.004687164728881291 0.004687164728881291 0.8828748218302014 0.004687164728881293 0.004687164728881295 0.004687164728881284 0.004687164728881314 0.004687164728881289 0.004687164728881298 0.0046871647288813 0.004687164728881298 0.004687164728881291 0.004687164728881309 0.004687164728881302 0.032756213049974385 0.004687164728881289 0.004687164728881249 0.0046871647288812875 0.0046871647288813 0.0046871647288812875 
0.020143479882548453 0.020143479882548453 0.6172738822315782 0.020143479882548453 0.020143479882548453 0.020143479882548453 0.020143479882548453 0.02014347988254848 0.020143479882548453 0.02014347988254846 0.020143479882548467 0.020143479882548446 0.020143479882548467 0.020143479882548453 0.020143479882548526 0.020143479882548453 0.020143479882548568 0.02014347988254846 0.020143479882548453 0.020143479882548453 
0.008508746017739455 0.008508746017739455 0.8038627430971428 0.008508746017739467 0.008508746017739459 0.008508746017739459 0.008508746017739455 0.008508746017739455 0.0085087460177395 0.008508746017739455 0.008508746017739467 0.020911775704794855 0.008508746017739497 0.008508746017739452 0.019806758721961394 0.00850874601773945 0.01927878619223189 0.008508746017739452 0.008508746017739464 0.008508746017739462 
0.01966036342694675 0.07507648401119192 0.019660363426954545 0.01966036342694677 0.01966036342694675 0.01966036342694675 0.01966036342694675 0.019660363426946745 0.01966036342694675 0.01966036342694675 0.01966036342694675 0.01966036342694675 0.01966036342694675 0.01966036342694675 0.5710369743037808 0.019660363426946742 0.01966036342694694 0.019660363426946735 0.01966036342694675 0.01966036342694677 
0.004117681937065235 0.0041176819370652646 0.8595292167662821 0.004117681937065233 0.004117681937065238 0.004117681937065239 0.004117681937065216 0.004117681937065237 0.004117681937065252 0.004117681937065229 0.004117681937065244 0.004117681937065246 0.006927586069444703 0.004117681937065235 0.036651301200716795 0.004117681937065351 0.03100898497051695 0.004117681937065244 0.004117681937065235 0.004117681937065241 
0.00673438005641079 0.00673438005641079 0.8720467789282605 0.00673438005641079 0.006734380056410787 0.006734380056410795 0.0067343800564107995 0.00673438005641079 0.006734380056410776 0.0067343800564107804 0.006734380056410786 0.006734380056410812 0.006734380056410805 0.00673438005641079 0.006734380056410805 0.0067343800564107804 0.0067343800564108125 0.006734380056410787 0.006734380056410787 0.006734380056410777 
0.004393924080778166 0.004393924080778155 0.913174061114217 0.004393924080778155 0.004393924080778156 0.004393924080778158 0.004393924080778152 0.004393924080778158 0.004393924080778153 0.004393924080778153 0.00439392408077816 0.004393924080778156 0.004393924080778183 0.004393924080778155 0.004393924080778144 0.00439392408077823 0.0077353054317331445 0.0043939240807781815 0.004393924080778161 0.004393924080778153 
0.0032433402363342924 0.0032433402363342993 0.3802224253807886 0.0032433402363342924 0.003243340236334284 0.0032433402363343 0.003243340236334291 0.0032433402363342898 0.0059997628909549605 0.0032433402363343 0.003243340236334305 0.003243340236334314 0.0032433402363342806 0.008461594638579819 0.0032433402363342967 0.0032433402363342867 0.5534227733086633 0.0032433402363343028 0.003243340236334296 0.0032433402363343015 
0.002614532549952895 0.0026145325499529115 0.9503238815509412 0.0026145325499529115 0.0026145325499529015 0.0026145325499529097 0.0026145325499529006 0.0026145325499529063 0.002614532549952896 0.0026145325499528985 0.0026145325499529045 0.0026145325499528967 0.002614532549952882 0.002614532549952921 0.002614532549952871 0.0026145325499528694 0.002614532549952876 0.002614532549952882 0.0026145325499529162 0.0026145325499529024 
0.0026191409616426317 0.0026191409616426273 0.7236589946307184 0.004056607206575864 0.002619140961642656 0.002619140961642646 0.0026191409616427006 0.002619140961642651 0.0026191409616426577 0.0026191409616426378 0.002619140961642646 0.0026191409616426525 0.002619140961642742 0.00261914096164267 0.002619140961642669 0.002619140961642671 0.2277590018147271 0.002619140961642659 0.002619140961642644 0.0026191409616426486 
0.007007128288608404 0.007007128288608409 0.8599399794336385 0.007007128288608384 0.007007128288608387 0.007007128288608384 0.007007128288608382 0.007007128288608394 0.007007128288608378 0.007007128288608382 0.0070071282886083825 0.007007128288608384 0.007007128288608339 0.007007128288608359 0.007007128288608379 0.013931711371354306 0.007007128288608394 0.007007128288608391 0.007007128288608384 0.007007128288608376 
0.002584010066837738 0.002584010066837761 0.9438094016979252 0.00258401006683777 0.0025840100668377618 0.0025840100668377587 0.0025840100668377947 0.002584010066837767 0.002584010066837781 0.0025840100668377618 0.0025840100668377826 0.002584010066837766 0.006475382472238673 0.002584010066837787 0.0025840100668377297 0.002584010066837683 0.005787044693551606 0.0025840100668377765 0.0025840100668377683 0.00258401006683776 
0.0047915944858587375 0.004791594485858727 0.3265205650262567 0.004791594485858717 0.00479159448585869 0.004791594485858739 0.004791594485858737 0.004791594485858739 0.004791594485858724 0.004791594485858765 0.004791594485858746 0.004791594485858741 0.004791594485858734 0.004791594485858736 0.5670996328996967 0.004791594485858629 0.02492269581437189 0.0047915944858587375 0.004791594485858738 0.004791594485858748 
0.005076761888898365 0.005076761888898362 0.7884258712043426 0.005076761888898363 0.00507676188889836 0.005076761888898403 0.005076761888898364 0.005076761888898354 0.0050767618888983845 0.005076761888898383 0.005076761888898365 0.0050767618888983655 0.005076761888898386 0.005076761888898359 0.017492468239494494 0.005076761888898346 0.10777670844489123 0.005076761888898355 0.005076761888898376 0.005076761888898366 
0.005536072167860761 0.0055360721678607665 0.8886197405030634 0.005536072167860764 0.00553607216786075 0.0055360721678607725 0.005536072167860758 0.005536072167860765 0.005536072167860772 0.005536072167860758 0.00553607216786076 0.005536072167860764 0.005536072167860691 0.005536072167860748 0.011730960475407608 0.005536072167860758 0.005536072167860689 0.005536072167860758 0.005536072167860776 0.005536072167860767 
0.008020935053263433 0.00363939135418958 0.9186046196548788 0.00855287107769263 0.003639391354189571 0.0036393913541895194 0.0036393913541895723 0.003639391354189571 0.0036393913541895788 0.003639391354189575 0.003639391354189605 0.00363939135418958 0.0065913125471322165 0.0036393913541895744 0.0036393913541895064 0.003639391354189527 0.00363939135418968 0.0036393913541895814 0.0036393913541895736 0.003639391354189588 
0.02098048820163631 0.020980488201636307 0.4113677134615488 0.020980488201636314 0.02098048820163631 0.02098048820163631 0.02098048820163632 0.02098048820163631 0.02098048820163631 0.020980488201636314 0.02098048820163631 0.02098048820163629 0.21098349890900978 0.020980488201636296 0.020980488201636314 0.020980488201636286 0.02098048820163631 0.02098048820163627 0.020980488201636314 0.02098048820163631 
0.001946370981339986 0.0019463709813399902 0.2846664997782239 0.0019463709813399943 0.0019463709813399195 0.0019463709813399943 0.0019463709813399915 0.0019463709813399893 0.0019463709813399884 0.001946370981339986 0.0019463709813399967 0.001946370981339977 0.0019463709813400793 0.001946370981339986 0.0019463709813399928 0.028155838853594798 0.6540893546856005 0.0019463709813399902 0.0019463709813399776 0.0019463709813400164 
0.011321115027664842 0.011321115027664868 0.3278090340932417 0.011321115027664837 0.011321115027664842 0.011321115027664842 0.011321115027664898 0.011321115027664837 0.011321115027664842 0.011321115027664837 0.011321115027664797 0.011321115027664834 0.011321115027664846 0.011321115027664842 0.01132111502766486 0.45438682210684145 0.025345188329615163 0.011321115027664837 0.011321115027664842 0.011321115027664842 
0.014845563242344534 0.014845563242344536 0.717934298395454 0.014845563242344534 0.014845563242344605 0.014845563242344534 0.014845563242344534 0.014845563242344534 0.014845563242344534 0.014845563242344534 0.014845563242344534 0.01484556324234454 0.014845563242344512 0.014845563242344534 0.014845563242344555 0.014845563242344534 0.0148455632423445 0.014845563242344534 0.01484556324234455 0.014845563242344534 
0.0074904881442647425 0.007490488144264738 0.09980025619401456 0.0074904881442647816 0.00749048814426473 0.007490488144264744 0.007490488144264741 0.007490488144264757 0.007490488144264752 0.0074904881442647425 0.007490488144264744 0.007490488144264741 0.007490488144264741 0.007490488144264741 0.7653709572091434 0.007490488144264757 0.007490488144264764 0.00749048814426474 0.00749048814426473 0.007490488144264747 
0.0024986007894292443 0.0024986007894292417 0.7922805932570137 0.002498600789429264 0.002498600789429246 0.002498600789429202 0.0024986007894292504 0.0024986007894292504 0.0024986007894292387 0.0024986007894292365 0.002498600789429229 0.0024986007894292504 0.16274459253326246 0.002498600789429257 0.0024986007894292417 0.0024986007894293146 0.002498600789429191 0.0024986007894292383 0.0024986007894292244 0.0024986007894292417 
0.02049397442373932 0.020493974423739316 0.610614485948983 0.02049397442373932 0.02049397442373932 0.02049397442373932 0.02049397442373932 0.020493974423739323 0.020493974423739313 0.02049397442373932 0.020493974423739326 0.020493974423739333 0.0204939744237393 0.02049397442373932 0.020493974423739333 0.020493974423739354 0.02049397442373933 0.02049397442373932 0.02049397442373932 0.02049397442373932 
0.0054234796550702 0.005423479655070185 0.893264428330974 0.005423479655070182 0.0054234796550701935 0.005423479655070192 0.0054234796550701805 0.005423479655070188 0.005423479655070192 0.005423479655070192 0.005423479655070186 0.005423479655070192 0.0054234796550702 0.005423479655070186 0.005423479655070193 0.005423479655070182 0.0054234796550702066 0.009112937877708093 0.005423479655070211 0.005423479655070199 
0.0019645033262774337 0.001964503326277156 0.2566707782692178 0.009237403222290814 0.001964503326277347 0.0019645033262773587 0.0019645033262773413 0.001964503326277338 0.001964503326277345 0.0019645033262773457 0.001964503326277339 0.0019645033262773405 0.007087026572880411 0.0019645033262773474 0.001964503326277353 0.0019645033262773357 0.6955727387151888 0.0019645033262773366 0.00196450332627734 0.0019645033262773405 
0.006247182575310533 0.0062471825753105375 0.8560560866311713 0.010200395184565714 0.006247182575310509 0.010795311044304154 0.015200672288794705 0.006247182575310544 0.006247182575310539 0.006247182575310539 0.006247182575310509 0.006247182575310535 0.006247182575310499 0.006247182575310543 0.006247182575310539 0.00624718257531055 0.014039796221534444 0.006247182575310539 0.0062471825753105505 0.006247182575310535 
0.00351208356450174 0.003512083564501738 0.8890965424494774 0.0035120835645017414 0.003512083564501748 0.0035120835645017254 0.0035120835645017327 0.003512083564501738 0.00351208356450174 0.003512083564501744 0.00351208356450175 0.003512083564501708 0.0035120835645017427 0.0035120835645017535 0.04768595338950156 0.0035120835645018013 0.003512083564501678 0.0035120835645017327 0.003512083564501728 0.0035120835645017427 
0.004727638602734008 0.004727638602733997 0.8707023613027277 0.004727638602734011 0.004727638602734001 0.00472763860273399 0.004727638602734056 0.004727638602734033 0.004727638602733979 0.004727638602734003 0.004727638602734004 0.004727638602733995 0.004727638602734028 0.011584721834653153 0.014892408649174195 0.004727638602734013 0.02717829056970114 0.004727638602734004 0.004727638602734001 0.004727638602733999 
9.944359644980654E-5 9.944359644980653E-5 0.001945005337211794 9.944359644980688E-5 9.944359645003165E-5 9.944359644980628E-5 9.94435964497973E-5 9.944359644980727E-5 9.944359644980603E-5 9.94435964498055E-5 9.944359644980712E-5 9.944359644980613E-5 1.4264327239340966E-4 9.944359644980642E-5 0.9960632510473401 2.580027998583912E-4 9.944359644980712E-5 9.944359644980695E-5 9.944359644980655E-5 9.944359644980783E-5 
0.011467923354972657 0.011467923354972657 0.7821094562555196 0.01146792335497265 0.011467923354972659 0.011467923354972655 0.011467923354972659 0.01146792335497265 0.011467923354972667 0.011467923354972662 0.011467923354972645 0.011467923354972662 0.011467923354972662 0.011467923354972659 0.011467923354972731 0.011467923354972698 0.011467923354972674 0.011467923354972655 0.011467923354972659 0.011467923354972659 
0.005256226261759127 0.005256226261759139 0.6494435798411327 0.005256226261759126 0.005256226261759122 0.005256226261759122 0.005256226261759127 0.005256226261759126 0.005256226261759122 0.005256226261759122 0.005256226261759121 0.005256226261759122 0.0052562262617591145 0.005256226261759121 0.0052562262617591275 0.005256226261759119 0.2559443474472283 0.005256226261759113 0.005256226261759121 0.005256226261759223 
0.0045765388269129546 0.004576538826912981 0.32533241749786035 0.004576538826912958 0.0045765388269129485 0.004576538826912955 0.004576538826912964 0.011488989498271374 0.004576538826912958 0.0045765388269129546 0.0045765388269129546 0.0045765388269128965 0.0045765388269129745 0.004576538826912951 0.004576538826912959 0.5788747388249919 0.011079232948312654 0.004576538826912994 0.004576538826912925 0.004576538826912953 
0.019956220084703373 0.019956220084703387 0.42572303531214667 0.019956220084703373 0.01995622008470336 0.019956220084703373 0.019956220084703373 0.019956220084703352 0.019956220084703373 0.019956220084703373 0.16054877330493872 0.019956220084703373 0.019956220084703387 0.019956220084703373 0.019956220084703373 0.07447244994294305 0.01995622008470336 0.019956220084703373 0.019956220084703373 0.01995622008470338 
0.007448848934427696 0.007448848934427696 0.7792028982708935 0.007448848934427701 0.007448848934427701 0.007448848934427696 0.007448848934427709 0.007448848934427693 0.007448848934427701 0.007448848934427704 0.007448848934427696 0.03717765142426253 0.05698901841952226 0.007448848934427714 0.007448848934427701 0.007448848934427704 0.007448848934427746 0.007448848934427701 0.007448848934427666 0.007448848934427701 
0.0023883110548284644 0.0023883110548284466 0.3221270346140513 0.002388311054828443 0.002388311054828466 0.002388311054828459 0.0023883110548284688 0.0023883110548284735 0.0023883110548284744 0.002388311054828467 0.002388311054828517 0.0023883110548284727 0.002388311054828477 0.002388311054828455 0.002388311054828467 0.013235075204605014 0.6240366022493715 0.0023883110548284636 0.002388311054828455 0.0023883110548284787 
0.020087009503421994 0.020087009503422022 0.61834681943501 0.020087009503421988 0.020087009503421994 0.020087009503421994 0.020087009503421994 0.020087009503421998 0.020087009503421994 0.020087009503421988 0.020087009503421994 0.020087009503421994 0.020087009503421994 0.02008700950342199 0.02008700950342198 0.020087009503421998 0.02008700950342195 0.020087009503421998 0.020087009503422005 0.020087009503421994 
0.005361792678341705 0.005361792678341711 0.6768103522541125 0.00536179267834174 0.005361792678341718 0.005361792678341655 0.005361792678341707 0.005361792678341718 0.005361792678341708 0.005361792678341705 0.005361792678341703 0.005361792678341712 0.005361792678341708 0.005361792678341714 0.013191770406449713 0.218847401807708 0.0053617926783417254 0.0053617926783417124 0.005361792678341707 0.005361792678341711 
0.014280460623346309 0.014280460623346309 0.6249236039504534 0.014280460623346314 0.014280460623346309 0.014280460623346309 0.014280460623346307 0.014280460623346309 0.014280460623346423 0.014280460623346309 0.014280460623346349 0.014280460623346314 0.01428046062334631 0.014280460623346309 0.031441003754513135 0.014280460623346335 0.100867561698147 0.014280460623346309 0.014280460623346309 0.014280460623346309 
0.004219740964046896 0.0042197409640468845 0.9076566927846732 0.0042197409640469 0.004219740964046907 0.004219740964046886 0.0042197409640468905 0.004219740964046912 0.004219740964046933 0.0042197409640468905 0.004219740964046896 0.004219740964046903 0.012331893563004539 0.004219740964046869 0.004219740964046906 0.004219740964046884 0.00827581726352577 0.0042197409640468975 0.004219740964046909 0.004219740964046897 
0.015594322046241043 0.015594322046241038 0.6285240715915211 0.015594322046241038 0.015594322046241038 0.015594322046241038 0.015594322046241038 0.015594322046241038 0.015594322046241033 0.01559432204624105 0.015594322046241038 0.015594322046241033 0.015594322046241036 0.015594322046241038 0.0668874135196454 0.015594322046241052 0.03948504010270309 0.015594322046241043 0.01559432204624107 0.015594322046241043 
0.0038346785139634207 0.0038346785139633595 0.9271411082346391 0.0038346785139634167 0.0038346785139634154 0.0038346785139634154 0.003834678513963425 0.003834678513963425 0.003834678513963411 0.0038346785139634167 0.003834678513963414 0.003834678513963414 0.0038346785139633786 0.0038346785139634154 0.003834678513963416 0.0038346785139634254 0.0038346785139634167 0.0038346785139634154 0.0038346785139634154 0.0038346785139634085 
0.003726210058803762 0.003726210058803734 0.9099744551299439 0.003726210058803749 0.0037262100588037568 0.0037262100588037568 0.003726210058803762 0.003726210058803758 0.00372621005880377 0.003726210058803749 0.0037262100588037607 0.0037262100588037355 0.003726210058803671 0.003726210058803759 0.010673616003533315 0.00372621005880394 0.016006357866860187 0.003726210058803742 0.0037262100588037754 0.0037262100588037646 
0.010347395034589027 0.01034739503458902 0.7487477587328968 0.01034739503458901 0.010347395034589023 0.010347395034589023 0.01034739503458901 0.010347395034589023 0.01034739503458902 0.01034739503458902 0.010347395034589013 0.010347395034589023 0.010347395034589018 0.010347395034589013 0.03221480366472327 0.04313172201436648 0.010347395034589013 0.010347395034589023 0.010347395034589027 0.010347395034589023 
0.008572599786692742 0.008572599786692755 0.7141639336846829 0.017143951918881094 0.008572599786692755 0.008572599786692746 0.00857259978669275 0.008572599786692753 0.008572599786692756 0.008572599786692755 0.008572599786692763 0.008572599786692758 0.008572599786692666 0.008572599786692755 0.12295791802269172 0.00857259978669275 0.008572599786692755 0.008572599786692755 0.008572599786692755 0.008572599786692755 
0.011662395292379474 0.011662395292379486 0.7784144894447362 0.011662395292379482 0.011662395292379486 0.011662395292379486 0.011662395292379486 0.011662395292379486 0.011662395292379486 0.011662395292379488 0.011662395292379482 0.011662395292379482 0.011662395292379482 0.011662395292379486 0.011662395292379509 0.011662395292379637 0.011662395292379071 0.011662395292379482 0.011662395292379486 0.011662395292379486 
0.0034859502607400197 0.003485950260740017 0.6144175885281855 0.0034859502607400023 0.0034859502607400223 0.0034859502607400123 0.0034859502607400136 0.0034859502607400184 0.0034859502607400023 0.003485950260740006 0.003485950260740017 0.003485950260740021 0.003485950260739732 0.0034859502607400184 0.0034859502607400084 0.3228353067784234 0.003485950260740049 0.003485950260740019 0.0034859502607400223 0.0034859502607400123 
0.021429024371380934 0.039165985917840436 0.575111575397279 0.021429024371380927 0.021429024371380934 0.021429024371380844 0.021429024371380934 0.021429024371380934 0.02142902437138094 0.02142902437138092 0.02142902437138093 0.021429024371380927 0.021429024371380934 0.021429024371380875 0.021429024371380827 0.021429024371381004 0.02142902437138103 0.021429024371380934 0.021429024371380934 0.021429024371380934 
0.01972029500881405 0.01972029500881405 0.6253143948325324 0.019720295008814046 0.01972029500881405 0.019720295008814042 0.019720295008814042 0.01972029500881405 0.01972029500881405 0.01972029500881405 0.019720295008814063 0.019720295008814056 0.019720295008814052 0.01972029500881405 0.01972029500881409 0.01972029500881405 0.019720295008814136 0.01972029500881405 0.019720295008814035 0.01972029500881405 
0.021361192206637753 0.02136119220663774 0.4909261417696099 0.021361192206637764 0.021361192206637753 0.021361192206637753 0.021361192206637753 0.021361192206637757 0.021361192206637753 0.021361192206637753 0.021361192206637753 0.021361192206637753 0.021361192206637767 0.021361192206637753 0.09406821729285322 0.021361192206637743 0.02136119220663771 0.02136119220663776 0.05186537342469609 0.021361192206637746 
0.0033224333349899456 0.003322433334989925 0.6871299293644543 0.00332243333498993 0.0033224333349899608 0.0033224333349899326 0.003322433334989942 0.0033224333349899586 0.0033224333349899456 0.003322433334989941 0.0033224333349899586 0.0033224333349899595 0.0033224333349899586 0.003322433334989942 0.2530662706056652 0.0033224333349895266 0.003322433334989934 0.003322433334989923 0.0033224333349899772 0.003322433334989934 
0.006015802648890806 0.006015802648890808 0.6005895744222354 0.006015802648890803 0.006015802648890815 0.006015802648890807 0.006015802648890795 0.006015802648890802 0.006015802648890799 0.006015802648890817 0.006015802648890808 0.006015802648890804 0.006015802648890801 0.006015802648890798 0.04227230223538213 0.2404056713325634 0.02047960962756694 0.0060158026488908055 0.006015802648890795 0.006015802648890799 
0.005821304661070242 0.005821304661070242 0.7171983369847829 0.005821304661070248 0.005821304661070235 0.005821304661070259 0.005821304661070238 0.005821304661070235 0.005821304661070246 0.005821304661070254 0.005821304661070223 0.016593708434752195 0.14632927906159396 0.005821304661070215 0.005821304661070234 0.00582130466107023 0.005821304661070304 0.005821304661070232 0.02673780094159957 0.005821304661070219 
2.3686283615780975E-4 2.36862836157611E-4 0.9954996061130018 2.368628361578099E-4 2.368628361577888E-4 2.3686283615780926E-4 2.3686283615785637E-4 2.368628361578079E-4 2.368628361578095E-4 2.368628361578025E-4 2.368628361578089E-4 2.3686283615780842E-4 2.368628361578096E-4 2.3686283615780915E-4 2.3686283615780915E-4 2.3686283615781536E-4 2.368628361578089E-4 2.3686283615780983E-4 2.3686283615780937E-4 2.3686283615780934E-4 
0.0041379220241832375 0.004137922024183232 0.8379573572185636 0.0041379220241832305 0.004137922024183235 0.004137922024183239 0.004137922024183232 0.004137922024183275 0.004137922024183239 0.004137922024183232 0.004137922024183242 0.004137922024183233 0.004137922024183133 0.004137922024183241 0.0875600463461391 0.0041379220241832375 0.0041379220241832115 0.004137922024183207 0.004137922024183222 0.0041379220241832305 
0.009514029050115278 0.009514029050115254 0.8192334480478097 0.009514029050115285 0.009514029050115282 0.009514029050115272 0.009514029050115298 0.00951402905011528 0.009514029050115265 0.009514029050115278 0.009514029050115268 0.00951402905011528 0.009514029050115268 0.009514029050115289 0.009514029050115285 0.009514029050115249 0.00951402905011536 0.009514029050115278 0.009514029050115289 0.009514029050115278 
0.0016588642033877976 0.0016588642033877965 0.9640735406501612 0.0016588642033877941 0.0016588642033877824 0.0016588642033877933 0.001658864203387763 0.0016588642033877835 0.0016588642033877907 0.0016588642033877811 0.0035651058809659923 0.0016588642033878297 0.0016588642033878466 0.0016588642033877677 0.004160662011146726 0.001658864203387772 0.0016588642033876666 0.0016588642033877824 0.001658864203387776 0.0016588642033878286 
0.002409559350084766 0.0024095593500847567 0.9419272157204481 0.0024095593500847823 0.002409559350084801 0.0024095593500847827 0.002409559350084776 0.0024095593500847875 0.0024095593500847953 0.002409559350084777 0.002409559350084785 0.006481846141141293 0.0024095593500847294 0.0024095593500847974 0.0024095593500847784 0.002409559350084916 0.005323328475229541 0.00771466006182449 0.0024095593500847693 0.0024095593500847857 
0.0037722848274818316 0.0037722848274818195 0.9180081695734568 0.003772284827481818 0.0037722848274818104 0.003772284827481818 0.0037722848274818195 0.0037722848274817956 0.0037722848274818386 0.0037722848274818373 0.003772284827481833 0.0037722848274819 0.0037722848274818195 0.003772284827481817 0.0037722848274818386 0.01409070353187061 0.003772284827481811 0.0037722848274818095 0.003772284827481825 0.00377228482748184 
0.003570035225070194 0.0035700352250701926 0.08813759463443736 0.005529381898050514 0.003570035225070194 0.003570035225070194 0.003570035225070194 0.003570035225070194 0.003570035225070194 0.0035700352250701965 0.007654346209653378 0.0035700352250702333 0.003570035225070194 0.00357003522507019 0.0035700352250701926 0.003570035225070194 0.8415581136567362 0.0035700352250701926 0.003570035225070195 0.003570035225070194 
0.015492227496148555 0.015492227496148566 0.7056476775731544 0.015492227496148555 0.015492227496148566 0.015492227496148555 0.015492227496148555 0.015492227496148555 0.015492227496148555 0.01549222749614856 0.015492227496148555 0.015492227496148555 0.015492227496148543 0.015492227496148571 0.015492227496148462 0.01549222749614856 0.015492227496148599 0.015492227496148533 0.01549222749614856 0.015492227496148555 
0.01578512693170079 0.015785126931700786 0.7000825882976848 0.015785126931700796 0.0157851269317008 0.015785126931700772 0.015785126931700796 0.01578512693170079 0.01578512693170079 0.01578512693170079 0.015785126931700786 0.01578512693170079 0.015785126931700786 0.01578512693170079 0.01578512693170078 0.01578512693170083 0.015785126931700654 0.015785126931700786 0.01578512693170079 0.01578512693170079 
0.01668689632202487 0.03850878793409894 0.6380830064679035 0.01668689632202487 0.016686896322024865 0.01668689632202487 0.01668689632202487 0.016686896322024875 0.016686896322024865 0.01668689632202487 0.01668689632202487 0.01668689632202488 0.01668689632202487 0.01668689632202488 0.01668689632202486 0.016686896322024664 0.03973096812354955 0.016686896322024886 0.016686896322024875 0.016686896322024854 
0.0029951073319601828 0.002995107331960162 0.940117260984753 0.002995107331960179 0.0029951073319601784 0.0029951073319601815 0.0029951073319601667 0.0029951073319602144 0.002995107331960209 0.0029951073319601836 0.0029951073319601862 0.0029951073319601836 0.0029951073319601784 0.002995107331960164 0.002995107331960141 0.0029951073319601624 0.005970807039963832 0.0029951073319601784 0.0029951073319601645 0.002995107331960183 
1.588617065216448E-4 1.588617065216484E-4 0.996981627576089 1.588617065216535E-4 1.5886170652164446E-4 1.5886170652164498E-4 1.5886170652164481E-4 1.5886170652164465E-4 1.5886170652164452E-4 1.5886170652164538E-4 1.5886170652164446E-4 1.588617065216444E-4 1.5886170652164633E-4 1.5886170652164435E-4 1.5886170652165717E-4 1.588617065216447E-4 1.5886170652164438E-4 1.588617065216444E-4 1.5886170652164424E-4 1.5886170652164452E-4 
0.002869680811376021 0.0028696808113759936 0.9454760645838561 0.002869680811376023 0.002869680811376014 0.0028696808113760353 0.0028696808113760257 0.0028696808113760314 0.0028696808113760266 0.0028696808113759997 0.0028696808113760405 0.002869680811376024 0.002869680811376021 0.002869680811376018 0.0028696808113760504 0.0028696808113760357 0.002869680811375753 0.0028696808113760344 0.002869680811376023 0.002869680811376039 
0.018606008205432248 0.018606008205432234 0.3223667052434194 0.01860600820543223 0.018606008205432227 0.30615322319584176 0.018606008205432227 0.018606008205432227 0.01860600820543224 0.018606008205432227 0.01860600820543221 0.01860600820543224 0.01860600820543223 0.018606008205432227 0.0551779320684073 0.018606008205432345 0.018606008205432234 0.018606008205432224 0.018606008205432227 0.018606008205432234 
0.0030963019029693413 0.003096301902969338 0.5375573752581413 0.0030963019029693504 0.00309630190296934 0.0030963019029693764 0.0030963019029693413 0.003096301902969338 0.003096301902969342 0.0030963019029693443 0.0030963019029693413 0.0030963019029690594 0.020578902522575944 0.0030963019029693413 0.0030963019029693465 0.0030963019029693435 0.0030963019029693487 0.38922658986857733 0.0030963019029693387 0.0030963019029693435 
0.004419632163266921 0.0044196321632669 0.8975885152595598 0.004419632163266921 0.004419632163266915 0.00441963216326691 0.0044196321632669275 0.004419632163266921 0.004419632163266877 0.004419632163266917 0.0044196321632669275 0.004419632163266937 0.004419632163266974 0.004419632163266908 0.009632516010066407 0.004419632163266902 0.017645221954870158 0.004419632163267003 0.0044196321632669275 0.004419632163266917 
0.011705915323597826 0.011705915323597818 0.777587608851666 0.011705915323597818 0.01170591532359783 0.011705915323597806 0.011705915323597809 0.011705915323597821 0.011705915323597814 0.011705915323597818 0.01170591532359783 0.011705915323597818 0.011705915323597821 0.011705915323597818 0.011705915323597842 0.011705915323597818 0.01170591532359778 0.011705915323597847 0.011705915323597814 0.011705915323597839 
0.004657046564940189 0.0046570465649401985 0.4922611530392613 0.004657046564940184 0.004657046564940192 0.004657046564940173 0.004657046564940187 0.00465704656494018 0.004657046564940189 0.004657046564940093 0.004657046564940187 0.004657046564940195 0.00465704656494016 0.00465704656494019 0.008350804954019627 0.4202182504027368 0.004657046564940193 0.004657046564940187 0.0046570465649401985 0.004657046564940184 
0.006514946654385271 0.006514946654385297 0.8762160135666806 0.006514946654385274 0.006514946654385271 0.006514946654385283 0.006514946654385292 0.006514946654385283 0.006514946654385251 0.006514946654385292 0.00651494665438529 0.00651494665438529 0.0065149466543852645 0.006514946654385285 0.006514946654385281 0.006514946654385415 0.006514946654385313 0.006514946654385292 0.006514946654385281 0.006514946654385283 
0.021441200815046732 0.0214412008150467 0.5926171845141387 0.02144120081504674 0.021441200815046732 0.02144120081504674 0.021441200815046732 0.021441200815046732 0.021441200815046732 0.021441200815046732 0.021441200815046732 0.021441200815046725 0.02144120081504673 0.021441200815046732 0.021441200815046725 0.02144120081504672 0.021441200815046763 0.021441200815046732 0.021441200815046732 0.021441200815046732 
0.03220689113436859 0.032206891134368615 0.232482249928877 0.03220689113436859 0.03220689113436859 0.03220689113436859 0.03220689113436859 0.03220689113436859 0.03220689113436859 0.03220689113436859 0.03220689113436859 0.03220689113436859 0.032206891134368615 0.03220689113436859 0.1877937096524894 0.0322068911343686 0.03220689113436868 0.03220689113436858 0.03220689113436859 0.03220689113436859 
0.005102775901819835 0.011448918099515844 0.7295096753187812 0.005102775901819845 0.005102775901819841 0.005102775901819827 0.005102775901819855 0.005102775901819827 0.00510277590181985 0.005102775901819835 0.005102775901819841 0.005102775901819866 0.005102775901819803 0.005102775901819841 0.005102775901820035 0.1648132441903163 0.012583747962182465 0.005102775901819845 0.005102775901819863 0.005102775901819841 
0.021462216453665844 0.021462216453665854 0.4978021966792481 0.021462216453665844 0.021462216453665844 0.021462216453665844 0.021462216453665854 0.021462216453665844 0.021462216453665844 0.021462216453665844 0.021462216453665844 0.021462216453665868 0.021462216453665826 0.021462216453665844 0.021462216453665816 0.06568700899590363 0.07165311461252026 0.021462216453665847 0.021462216453665844 0.021462216453665844 
0.022708417415973618 0.022708417415973618 0.542169343257941 0.022708417415973618 0.022708417415973618 0.022708417415973618 0.022708417415973618 0.022708417415973625 0.022708417415973618 0.022708417415973625 0.022708417415973618 0.022708417415973618 0.022708417415973618 0.022708417415973618 0.049079143254514755 0.0227084174159737 0.02270841741597361 0.022708417415973618 0.022708417415973618 0.022708417415973615 
0.0028667136608667974 0.005303052096964594 0.27342117336762306 0.0028667136608668 0.002866713660866794 0.002866713660866797 0.0028667136608667965 0.002866713660866795 0.002866713660866797 0.002866713660866803 0.002866713660866798 0.0028667136608667943 0.0028667136608667896 0.0028667136608667857 0.0028667136608667887 0.0028667136608667896 0.6725416423007013 0.0028667136608667956 0.0028667136608667835 0.002866713660867303 
0.004959675206674223 0.004959675206674218 0.7938598763862 0.004959675206674218 0.004959675206674223 0.004959675206674222 0.004959675206674228 0.0049596752066742265 0.004959675206674221 0.004959675206674232 0.004959675206674225 0.004959675206674236 0.004959675206674221 0.004959675206674241 0.004959675206674222 0.004959675206674098 0.11686596989369677 0.0049596752066742265 0.004959675206674252 0.004959675206674225 
0.0034948172414004924 0.0034948172414005925 0.02805969879000918 0.01499298118416248 0.0034948172414004854 0.003494817241400486 0.003494817241400486 0.0034948172414004885 0.0034948172414004802 0.0034948172414004846 0.003494817241400487 0.0034948172414004837 0.003494817241400486 0.0034948172414004464 0.01570067431760015 0.003494817241400481 0.8853295698458226 0.003494817241400486 0.0034948172414004867 0.0034948172414004837 
0.02870244471687679 0.02870244471687679 0.40365023609756595 0.02870244471687679 0.02870244471687679 0.02870244471687679 0.02870244471687679 0.02870244471687679 0.02870244471687679 0.02870244471687679 0.02870244471687679 0.02870244471687679 0.02870244471687676 0.02870244471687678 0.0287024447168768 0.02870244471687677 0.07970575899865387 0.02870244471687679 0.02870244471687678 0.0287024447168768 
0.028249469560912937 0.028249469560912937 0.46326007834265437 0.028249469560912937 0.028249469560912926 0.028249469560912937 0.028249469560912937 0.028249469560912937 0.028249469560912937 0.028249469560912926 0.028249469560912916 0.028249469560912937 0.028249469560912937 0.028249469560912937 0.028249469560913145 0.028249469560912965 0.02824946956091319 0.028249469560912937 0.028249469560912937 0.028249469560912937 
0.008305389873207017 0.008305389873207022 0.8275312337644163 0.008305389873207022 0.008305389873207026 0.008305389873207024 0.00830538987320702 0.008305389873207019 0.008305389873207019 0.00830538987320707 0.00830538987320704 0.02297174851781596 0.008305389873207034 0.008305389873207026 0.008305389873207019 0.008305389873206967 0.008305389873206488 0.00830538987320704 0.00830538987320702 0.008305389873207027 
0.01548782517495225 0.01548782517495225 0.6275481706924314 0.01548782517495225 0.015487825174952273 0.015487825174952261 0.01548782517495225 0.01548782517495225 0.01548782517495225 0.01548782517495224 0.01548782517495225 0.015487825174952246 0.015487825174952273 0.03281536432723119 0.015487825174952268 0.01548782517495225 0.07634343700614911 0.015487825174952256 0.015487825174952247 0.015487825174952256 
0.0034893239307157787 0.0034893239307157687 0.4185438011607384 0.00348932393071577 0.0034893239307157774 0.0034893239307157687 0.0034893239307157687 0.0034893239307157643 0.00348932393071577 0.0034893239307157617 0.009107732117771347 0.0034893239307157743 0.0034893239307157886 0.0034893239307157735 0.0034893239307158454 0.016690888921603968 0.4998283949085838 0.0034893239307157648 0.0034893239307157787 0.0034893239307157886 
