0.05151736604823517 0.038593610666256835 0.05009629150202047 0.04408480103933648 0.09549445269681556 0.04438037557245254 0.06234707188258851 0.05722239108465751 0.0646322147987536 0.023367247304187364 0.046730235515530884 0.06863183270955131 0.03764494040100639 0.023367247304187364 0.04488015519157488 0.08358300741359642 0.058230842872179125 0.0345877363223674 0.035554989977955795 0.03505318969674647 
0.15966139387701564 0.016894094609604896 0.0168940946096049 0.01689409460960488 0.033459213539262955 0.016894094609604903 0.01689409460960488 0.01689409460960489 0.016894094609604903 0.025321202259353474 0.026707373896284848 0.0168940946096049 0.016894094609604882 0.016894094609604903 0.01689409460960489 0.03274592241389278 0.0168940946096049 0.47328662526950277 0.016894094609604896 0.02919503881980015 
0.016854637023357384 0.02776800726699535 0.016854637023355965 0.016854637023355695 0.016854637023355944 0.016854637023355958 0.024496314147406394 0.21908412082853848 0.016854637023355958 0.016854637023356076 0.10155199505072468 0.05868872326515585 0.016854637023355958 0.01685463702335595 0.016854637023355948 0.016854637023356007 0.01685463702335593 0.32359834439383844 0.016854637023355934 0.025702213743693792 
0.13817473614067838 0.0929625455788681 0.021475224581734533 0.02147522458173455 0.07892938142669992 0.02147522458173456 0.02147522458173457 0.021475224581734544 0.021475224581734533 0.021475224581734478 0.032660937587687344 0.021475224581734544 0.02147522458173468 0.021475224581734568 0.02147522458173453 0.20723455780964317 0.021475224581734533 0.1493846973121614 0.021475224581734533 0.02147522458173452 
0.015688227024459656 0.037179351760072574 0.0156882270244597 0.01568822702445944 0.20301103690830738 0.015688227024459687 0.14782474215490193 0.07315851895935346 0.01568822702445952 0.09722138205362867 0.015688227024459687 0.029522337241815685 0.015688227024459746 0.02529347776251379 0.015688227024459683 0.10426646884041268 0.01568822702445968 0.1031633178578309 0.01568822702445968 0.02247709621654321 
0.182805497594078 0.020676797233183608 0.020676797233183636 0.020676797233183636 0.020676797233183514 0.08656028964252538 0.020676797233183615 0.0206767972331836 0.020676797233183598 0.020676797233183535 0.05135707366346361 0.046685756508680044 0.020676797233183625 0.02067679723318363 0.020676797233183615 0.0206767972331836 0.020676797233183605 0.293460472013786 0.020676797233183608 0.04965574931288118 
0.01842148562114795 0.01842148562114713 0.018421485621147125 0.018421485621147184 0.21782513451058988 0.01842148562114713 0.038504887929691645 0.01842148562114715 0.026851204391580393 0.018421485621147225 0.02941137574437162 0.05370148741355489 0.027634056402451965 0.01842148562114716 0.039008649051448775 0.018421485621147163 0.018421485621147142 0.346005377102554 0.018421485621147145 0.01842148562114714 
0.019345547882956733 0.05816440577128085 0.019345547882956615 0.028897522443251056 0.14954405074111676 0.031410815154974396 0.0387839405774129 0.0193455478829566 0.02773369085954259 0.019345547882956705 0.0193455478829566 0.019345547882956615 0.04805598021968075 0.01934554788295661 0.01934554788295661 0.01934554788295661 0.019345547882956622 0.3711875706780682 0.01934554788295661 0.03342099684215177 
0.017250538403287136 0.009119020537696688 0.009119020537696707 0.014419760707315687 0.07204943494445336 0.013503275573682768 0.016408610388933716 0.00911902053769668 0.013586498067017916 0.06911440872138062 0.00911902053769671 0.013224821468976647 0.016682476637558223 0.009119020537696684 0.009119020537696679 0.04819522886542162 0.009119020537696686 0.623493761382682 0.009119020537696651 0.00911902053769667 
0.0812256221606104 0.06588479361921501 0.018032050763470343 0.01803205076347034 0.018032050763470347 0.018032050763470347 0.018032050763470364 0.018032050763470347 0.025968311523419038 0.08790447403700631 0.08778308885951551 0.018032050763470336 0.03469150249562393 0.03241688430987963 0.018032050763470364 0.10478190773513703 0.018032050763470354 0.07194687680452483 0.018032050763470343 0.2270760308203609 
0.015307379125252419 0.015307379125252622 0.015307379125252603 0.01530737912525274 0.015307379125252582 0.08244685285307868 0.015307379125252644 0.015307379125252615 0.01530737912525262 0.10637748944552106 0.015307379125252598 0.024226873457939706 0.03498142991764466 0.09488329516434209 0.015307379125252592 0.015307379125252608 0.015307379125252598 0.4427807514079381 0.015307379125252587 0.015307379125252606 
0.023469221521417765 0.023469221521422143 0.023469221521422116 0.023469221521418837 0.049074051161070345 0.03526499279620884 0.058055847783012995 0.06213445335012916 0.02346922152142213 0.035206161141537344 0.023469221521422126 0.023469221521422126 0.05770947064558778 0.023469221521422154 0.023469221521422116 0.023469221521422123 0.023469221521422123 0.39745514334393545 0.023469221521422126 0.023469221521422112 
0.03758298317412906 0.025665358555719123 0.025665358555719105 0.025665358555719074 0.040196893895195485 0.14360618047570856 0.11603868029036003 0.025665358555719105 0.02566535855571911 0.025665358555719088 0.025665358555719123 0.025665358555719033 0.0256653585557189 0.05502038834806467 0.025665358555719116 0.02566535855571906 0.025665358555719102 0.2359384400195691 0.025665358555719116 0.037966772572616256 
0.009676859246997438 0.009676859246997706 0.009676859246997712 0.014810432233871402 0.025875525804100966 0.04369432768038086 0.00967685924699772 0.009676859246997738 0.009676859246997719 0.28365714884814813 0.014031090308809531 0.00967685924699771 0.03399553001641855 0.05379221659956272 0.009676859246997748 0.017554431210164173 0.009676859246997712 0.4019392984304664 0.009676859246997719 0.01388140639809971 
0.03641928246057073 0.1365291031177036 0.02133504919875803 0.03129739981509385 0.1864551782045567 0.03171257697439799 0.04876707296860454 0.021335049198758022 0.043898585038868114 0.03263045772628435 0.033281998767836045 0.07339931041386805 0.05108849489953079 0.021335049198757998 0.021335049198758043 0.048337014961111216 0.021335049198758026 0.09683818026026339 0.021335049198758036 0.021335049198758022 
0.03693434069811959 0.03693434069811954 0.03693434069811954 0.0369343406981195 0.06818620177067214 0.03693434069811954 0.03693434069811954 0.03693434069811954 0.036934340698119544 0.05764834637351234 0.05359884732190471 0.03693434069811954 0.03693434069812009 0.036934340698119524 0.03693434069811954 0.03693434069811954 0.03693434069811954 0.19682720148762217 0.03693434069811954 0.06972429257449586 
0.0694376148338146 0.03084341849068265 0.02172593623569043 0.0314623236111181 0.2368058348187644 0.021725936235690423 0.08859936693509621 0.030843418490682596 0.021725936235690406 0.021725936235690444 0.10247276510007512 0.021725936235690448 0.02172593623569049 0.021725936235690413 0.021725936235690444 0.021725936235690444 0.021725936235690434 0.139478731930282 0.02172593623569045 0.031071227196885643 
0.02681704149988215 0.03963326795829228 0.017385809079793615 0.017385809079793684 0.17055555310051482 0.017385809079793597 0.0540268898250822 0.034330715698087884 0.017385809079793636 0.024924218082591557 0.031873961011215896 0.017385809079793663 0.05658749670296679 0.01738580907979363 0.042857791769612526 0.01738580907979362 0.017385809079793618 0.3345588953052356 0.01738580907979362 0.027361887328378433 
0.03099055990748158 0.020052348432935282 0.020052348432935276 0.02005234843293527 0.21061059789223324 0.02005234843293512 0.028406084758298474 0.020052348432935303 0.028467494690607918 0.05976196895419765 0.0200523484329353 0.020052348432935335 0.03945255666782373 0.020052348432935307 0.02005234843293541 0.02005234843293526 0.02005234843293524 0.34163020750119133 0.020052348432935265 0.020052348432935272 
0.02067863164880125 0.020678631648801068 0.020678631648801068 0.020678631648801037 0.27750730345681296 0.03530556998361978 0.11550040912673629 0.031301283829373625 0.04002298075973661 0.033671764385052635 0.045437055359539805 0.08936101135967367 0.029356603224808486 0.03129054294980246 0.02067863164880105 0.020678631648801068 0.02067863164880106 0.052536598981324546 0.020678631648801037 0.053279823393120956 
0.023198238150528523 0.04198148254244209 0.023198238150528 0.03504343545186147 0.02319823815052803 0.023198238150527992 0.03293358499082031 0.04481541452966519 0.02319823815052803 0.05231815534895975 0.023198238150528 0.04592950077877934 0.09836681137458117 0.0347415890249508 0.023198238150528013 0.023198238150528017 0.023198238150528 0.3586894063021381 0.02319823815052801 0.023198238150527985 
0.009711098160289306 0.02467710369117663 0.00971109816028941 0.014522112252091051 0.635190116433659 0.009711098160289379 0.048669997887804774 0.009711098160289398 0.019581120064936258 0.025264941856845347 0.009711098160289377 0.021070948514017324 0.030977951586308818 0.00971109816028941 0.00971109816028941 0.009711098160289392 0.009711098160289405 0.06914827928869996 0.0097110981602894 0.013786446821557951 
0.051757297166324 0.17845523786736858 0.03593280894086125 0.07225950643970842 0.03593280894086124 0.03593280894086125 0.05293747598164727 0.03593280894086125 0.03593280894086125 0.05866761758567922 0.03593280894086125 0.03593280894086125 0.03593280894086126 0.03593280894086125 0.08286353978721747 0.035932808940861254 0.03593280894086125 0.035932808940862454 0.03593280894086125 0.03593280894086125 
0.03172745165299237 0.020288620367254383 0.013176467696941625 0.013176467696941575 0.11546566678997607 0.013176467696941597 0.02438189598011235 0.013176467696941602 0.013176467696941615 0.022414409068734844 0.013176467696941578 0.04556981143339304 0.013176467696941361 0.043049359789290045 0.06558548660736409 0.03732778344495044 0.013176467696941621 0.4624248378965292 0.01317646769694163 0.013176467696941597 
0.1438408989385855 0.015700246178240087 0.01570024617823997 0.01570024617823997 0.38429327771876537 0.015700246178239535 0.022288994040527976 0.026812451192590046 0.025122074353438793 0.015700246178239983 0.015700246178239993 0.057070772113988456 0.028994123960019578 0.023915019135674218 0.02348894085066152 0.015700246178239962 0.01570024617823996 0.10717098591337407 0.015700246178239962 0.015700246178239976 
0.16210904300134368 0.025069910652490573 0.025069910652490573 0.025069910652490583 0.15514286793043325 0.025069910652490573 0.06181890307624925 0.025069910652490583 0.025069910652490646 0.02506991065249059 0.07647677817464743 0.05997299052672042 0.050332539947469404 0.025069910652490607 0.02506991065249063 0.041346477077161464 0.02506991065249059 0.04860131280635096 0.025069910652490583 0.06843007028222967 
0.09654421625247465 0.1521109390939288 0.018480477118785157 0.03107547849701276 0.22269649682378553 0.01848047711878513 0.01848047711878518 0.03822460189679027 0.03486569755002344 0.031542416010823415 0.01848047711878514 0.028792289500157175 0.05741953293671799 0.01848047711878517 0.018480477118785164 0.01848047711878515 0.018480477118785157 0.09672414781647999 0.01848047711878516 0.04367988955274551 
0.026432932442973577 0.10228463933535817 0.02643293244297363 0.03784056504483833 0.026432932442973622 0.29249053501106737 0.0397239084715981 0.02643293244297366 0.03870697746499281 0.03795276271852426 0.026432932442973633 0.04202900610695868 0.03920116885162391 0.03982804537884848 0.026432932442973622 0.04142448488664994 0.026432932442973622 0.03868308046392509 0.026432932442973622 0.03837136672182895 
0.19971382328898551 0.07259582639596132 0.01078333746078853 0.010783337460787867 0.010783337460788514 0.010783337460788526 0.019638215170294546 0.024219450366288364 0.01078333746078857 0.02117431747458814 0.010783337460788533 0.026818601707707168 0.015876144834313672 0.017838399551212226 0.010783337460788491 0.010783337460788514 0.010783337460788533 0.45390070588826703 0.010783337460788495 0.0403911407144392 
0.04056453536796373 0.01761491698297053 0.017614916982970488 0.017614916982970387 0.12779267208457354 0.02624692800042042 0.12378097518716283 0.038014491836481035 0.0176149169829705 0.05038750520472904 0.017614916982970477 0.017614916982970588 0.02642412340908714 0.017614916982970526 0.027481815181663493 0.017614916982970526 0.017614916982970526 0.3455428669152568 0.01761491698297053 0.017614916982970498 
0.07269533225575084 0.1577178233023456 0.024366434049863585 0.024366434049863557 0.02436643404986361 0.024366434049863626 0.07639558972328159 0.024366434049863592 0.02436643404986359 0.024366434049863554 0.050452659994727714 0.05131933196930313 0.02436643404986359 0.024366434049863585 0.03613646338942507 0.21548975626931255 0.02436643404986359 0.03608136119039788 0.024366434049863585 0.035680907356951626 
0.09541010337068372 0.1772064640172937 0.03147724013968745 0.03147724013968747 0.1455962197784931 0.046373375557856054 0.03147724013968745 0.04869317954018937 0.03147724013968739 0.03147724013968746 0.03147724013968746 0.03147724013968745 0.03147724013968751 0.03147724013968745 0.03147724013968745 0.031477240139687446 0.03147724013968745 0.03147724013968759 0.03147724013968747 0.04603929577985793 
0.044741084411065765 0.019357387182155128 0.01935738718215513 0.01935738718215511 0.028345926092660515 0.019357387182155118 0.14985634502657555 0.019357387182155825 0.031369242441961966 0.019357387182155083 0.13977357442763005 0.019357387182156047 0.28705313721466785 0.019357387182155104 0.019357387182155125 0.0370615088672678 0.019357387182155118 0.04951053533231372 0.019357387182155125 0.01935738718215519 
0.038460420650275724 0.02438630977301517 0.014439725635463634 0.33379358595075465 0.053242221837893955 0.014439725635463644 0.01443972563546364 0.014439725635463582 0.02049948484768199 0.01443972563546374 0.014439725635463639 0.014439725635463644 0.23513958600719537 0.02125765070076017 0.014439725635463627 0.021178373769656273 0.0144397256354636 0.09320538447266981 0.014439725635463623 0.014439725635463597 
0.0352694200360328 0.035830274571868465 0.024196870448898997 0.02419687044889903 0.24922436116420849 0.03504847277139031 0.024196870448899 0.02419687044889899 0.06546796396243727 0.024196870448899014 0.1268940879654023 0.078910632456662 0.024196870448899024 0.024196870448898986 0.024196870448899 0.024196870448899 0.024196870448898997 0.02419687044889692 0.024196870448898997 0.0829923416852014 
0.018621269659492064 0.028362758988843762 0.01862126965949212 0.01862126965949215 0.06251785572423016 0.018621269659492096 0.01862126965949212 0.018621269659492106 0.06410099255555012 0.1231901333194508 0.018621269659492113 0.027369124967927316 0.05844741870079862 0.3194347412280272 0.05598770365394933 0.018621269659492103 0.018621269659492137 0.037121953850232 0.018621269659492134 0.03725462041607164 
0.011702907898445736 0.011702907898445651 0.011702907898445612 0.011702907898445856 0.017655511083615582 0.024419163563634414 0.041871927549863075 0.08036283932439886 0.08727557809453514 0.4888333427854975 0.016614137220779732 0.016614137220779746 0.02330897519617534 0.01873300277332306 0.03523590309912316 0.021017781876684107 0.011702907898445617 0.03929234972351512 0.011702907898445625 0.018547903097422058 
0.04094323793248328 0.263235012882447 0.0077441545182791675 0.030995858314131194 0.08446037010459029 0.049131470502168595 0.06142742152405198 0.027446973153569806 0.1153484149748474 0.012086279455040545 0.05079530192331533 0.0077441545182792065 0.034772096327665064 0.007744154518279198 0.007744154518279069 0.05753261205589092 0.0077441545182791735 0.11040364517160803 0.007744154518279177 0.014956378568514799 
0.02201709143118711 0.02201709143118719 0.022017091431187172 0.031249743895428245 0.1226546641000491 0.06083434839569132 0.02201709143118714 0.11836510533247496 0.022017091431187144 0.039614308040208976 0.07957677589121993 0.022017091431187158 0.059019080371775445 0.06583194225735707 0.04173749077749838 0.06404225727436678 0.02201709143118718 0.11892046078325255 0.022017091431187172 0.02201709143118726 
0.16443731409024648 0.17356607607133762 0.026629387718749634 0.02662938771874961 0.026629387718749793 0.02662938771874962 0.046110075036319156 0.026629387718749627 0.038643491183964054 0.05939717934328818 0.04606853746076034 0.038161716727621385 0.06887468923906995 0.026629387718749613 0.02662938771874961 0.026629387718749627 0.026629387718749634 0.049340332559281816 0.026629387718749623 0.04910671110061676 
0.05059175493842066 0.14552064939958506 0.023907968291947707 0.07467325588617338 0.023907968291947686 0.05340082279394039 0.127744886074179 0.07255095641421905 0.023907968291947693 0.023907968291947686 0.023907968291947627 0.023907968291947718 0.03641512931057163 0.023907968291947707 0.02390796829194768 0.03410205082202772 0.023907968291947693 0.14201284314945478 0.023907968291947728 0.023907968291947718 
0.06576919142741426 0.018120377846551374 0.018120377846551385 0.018120377846551388 0.026879161835386547 0.058951420623123904 0.018120377846551447 0.03668375514747388 0.018120377846551385 0.2479204628454362 0.025993591779599565 0.018120377846551395 0.21561001825881979 0.039071053752127605 0.018120377846551374 0.018120377846551378 0.018120377846551402 0.0837971880185528 0.01812037784655138 0.018120377846551395 
0.04208942528016026 0.08945469937360012 0.02270542102143336 0.022705421021433317 0.033371919141305335 0.03525731189685475 0.03608362965032967 0.048640908413397355 0.022705421021433355 0.04304112294035185 0.02270542102143337 0.08355963482453022 0.06463692684874435 0.022705421021433362 0.02270542102143336 0.1523816162023204 0.022705421021433362 0.15535052974603347 0.022705421021433365 0.034488907510910174 
0.3865290781542559 0.01486566521894459 0.014865665218944635 0.03934766817293734 0.04388620494328906 0.05306947660101992 0.014865665218944644 0.014865665218944644 0.014865665218944689 0.03764041508326289 0.05188677165159617 0.014865665218944649 0.014865665218944658 0.06463308576670067 0.01486566521894465 0.12752955329121657 0.014865665218944675 0.03195542892735705 0.01486566521894464 0.014865665218943228 
0.024309064570866592 0.0606614900527086 0.024309064570866654 0.024309064570866713 0.3859059696681151 0.024309064570866675 0.06532111900725668 0.02430906457086666 0.02430906457086666 0.024309064570866658 0.024309064570866654 0.05789446627935352 0.024309064570866606 0.024309064570866658 0.024309064570866668 0.024309064570866654 0.02430906457086666 0.06558098642957627 0.02430906457086666 0.024309064570866668 
0.014373924163280177 0.020406069202811794 0.014373924163279891 0.014373924163279945 0.12380364602073438 0.03512392221410405 0.021164174759942773 0.040451328709160524 0.03634944163202664 0.014373924163279858 0.021192484020885024 0.0233139718548994 0.047898874909177075 0.014373924163279863 0.01437392416327986 0.014373924163279886 0.014373924163279858 0.480524700003863 0.014373924163279844 0.020406069202811798 
0.019285502300068535 0.028637159744924357 0.019285502300068546 0.0379870310714428 0.04707545614832068 0.01928550230006847 0.027647609780662274 0.03363735761399473 0.019285502300068546 0.4240241410585349 0.01928550230006854 0.01928550230006849 0.0448440492573836 0.03834275737092297 0.03265262046274945 0.046109727997221656 0.019285502300068546 0.06547256879325154 0.019285502300068542 0.019285502300068525 
0.02608880518585521 0.018376812482846658 0.018376812482846658 0.01837681248284663 0.018376812482846394 0.018376812482846647 0.01837681248284666 0.12161205246669969 0.01837681248284677 0.1767516895066983 0.018376812482846616 0.16986223949944862 0.018376812482846658 0.20441256487487747 0.01837681248284665 0.01837681248284669 0.018376812482846658 0.043997273706570174 0.018376812482846658 0.018376812482846658 
0.021960735174180374 0.02196073517418048 0.02196073517418048 0.021960735174180544 0.15666460927136122 0.05412332694704582 0.07200445482300141 0.04749044438601759 0.021960735174180502 0.021960735174180457 0.05507272660830645 0.03317405401902475 0.2550544251021 0.04177284455799269 0.04307502736914956 0.02196073517418054 0.021960735174180505 0.02196073517418032 0.021960735174180505 0.02196073517418055 
0.011156161109025623 0.011156161109025571 0.011156161109025543 0.011156161109025663 0.021531656148350276 0.011156161109025528 0.06386682561243753 0.11499478210557085 0.011156161109025554 0.5290189677551957 0.02220704496081549 0.022074800565965218 0.011156161109025533 0.01673534869347067 0.011156161109025571 0.01115616110902554 0.011156161109025538 0.04671441521189727 0.011156161109025512 0.040138386746981225 
0.07711967004013409 0.022704822419437744 0.022704822419437738 0.02270482241943777 0.041761383505344245 0.06835096938183553 0.02270482241943774 0.02270482241943775 0.03223310296239097 0.249215545685022 0.07399944066830283 0.02270482241943775 0.045471066345721886 0.0789277081792101 0.05318140257561287 0.04250980733943969 0.02270482241943775 0.03288650154203358 0.02270482241943775 0.02270482241943776 
0.37034501400213266 0.05311770143639258 0.020626584741980446 0.02062658474198029 0.020626584741980435 0.020626584741980446 0.020626584741980435 0.02062658474198045 0.02062658474198046 0.020626584741980907 0.12088097272668691 0.05491555953059719 0.03266491507656405 0.02062658474198045 0.02062658474198045 0.06691313639013327 0.020626584741980425 0.020626584741980352 0.020626584741980442 0.03301709919178006 
0.11448935539728952 0.08409111675954191 0.0224941597036223 0.04620769646594783 0.11821681217983628 0.04284252897018805 0.10031396355054728 0.022494159703622306 0.06304984386307724 0.022494159703622344 0.052516863304597615 0.033743471659098134 0.02249415970362246 0.022494159703622323 0.03327329723184107 0.03383976467548995 0.022494159703622302 0.09746200831356823 0.022494159703622302 0.022494159703622316 
0.047350548275664185 0.03740840447748379 0.023382155198362474 0.023382155198362488 0.023382155198362807 0.02338215519836248 0.023382155198362498 0.02338215519836241 0.29345046190254903 0.03414354185446768 0.07323046778482215 0.058035323546952705 0.02338215519836244 0.03470722231309907 0.04764094292004512 0.06328343005604861 0.023382155198362474 0.07692810488525513 0.023382155198362474 0.02338215519836248 
0.08523919560342573 0.22096392778740012 0.01984244238226597 0.019842442382265922 0.05435561402536398 0.019842442382265957 0.02985004487514686 0.04826340165589981 0.13712271178402263 0.019842442382265964 0.01984244238226598 0.030144331660395356 0.019842442382266005 0.019842442382265978 0.028974714102539434 0.029653334860298673 0.01984244238226599 0.12226826089268811 0.01984244238226597 0.034582481312427533 
0.01719750833119468 0.017197508331194107 0.017197508331194104 0.017197508331194176 0.032106923477318396 0.01719750833119409 0.017197508331194083 0.0171975083311941 0.017197508331194128 0.02441459556457012 0.12376689813892688 0.06168959468675768 0.024669740055801196 0.041036877484600935 0.3713299139038436 0.04717525978293178 0.0171975083311941 0.04958330438285367 0.0171975083311941 0.052251809210469465 
0.05455847636707339 0.04014035111382946 0.018507488726817678 0.027025362316021317 0.0648140360188495 0.06778896611390285 0.03818894471040691 0.0185074887268177 0.03351064227928937 0.030862366197996143 0.029607734321032274 0.018507488726817664 0.027481882654690124 0.03030092682268247 0.0337051536410389 0.09995550369956714 0.01850748872681768 0.28481428234663064 0.01850748872681768 0.04470792776290394 
0.1042035268574912 0.019872384911436503 0.019872384911436506 0.01987238491143656 0.028784579515850624 0.030595627017867093 0.019872384911436516 0.019872384911436503 0.01987238491143651 0.35259948949182324 0.019872384911436516 0.02933217780545202 0.01987238491143652 0.06953323533752565 0.04394597683807492 0.03752835846602576 0.019872384911436513 0.043116192013413795 0.019872384911436503 0.06163698754213632 
0.03828863287167279 0.03748040143227772 0.020322993226997488 0.046660195758131344 0.06880253115454306 0.13776796496666982 0.029180029167722416 0.02032299322699751 0.02032299322699748 0.039114001007754494 0.046257089593767106 0.03618007981697266 0.03903495863612563 0.04378179597715841 0.029093765845734993 0.02032299322699749 0.020322993226997498 0.26609760118247705 0.020322993226997488 0.020322993226997463 
0.03481793980169515 0.016144596852421828 0.016144596852421818 0.06343069391550334 0.08426142589143734 0.054205885689172964 0.037907526273246755 0.0503678093053818 0.01614459685242181 0.023882706942969505 0.03968285946651508 0.031678549155325156 0.016144596852422075 0.03195288760472957 0.016144596852421835 0.0749486868692895 0.01614459685242181 0.3038969842168969 0.016144596852421804 0.055953866900878675 
0.013248830772217944 0.02970927156086372 0.013248830772217885 0.013248830772217857 0.013248830772217944 0.013248830772217871 0.15006200004936385 0.019388903895559407 0.028342468573115308 0.08312158150084266 0.02493210969456109 0.06359195684829308 0.2903787163598274 0.028905945600586923 0.11121243441938186 0.030881105217492183 0.013248830772217881 0.02725809764402998 0.013248830772217888 0.019473593230550194 
0.016287436995399605 0.01628743699539972 0.016287436995399716 0.016287436995399675 0.01628743699539972 0.45405115712497185 0.0162874369953997 0.016287436995399703 0.016287436995399716 0.016287436995399786 0.016287436995399716 0.016287436995399685 0.016287436995399703 0.14274350161848562 0.016287436995399703 0.12631891233471726 0.01628743699539972 0.0162874369953997 0.01628743699539972 0.01628743699539972 
0.05909672341116966 0.19853222328163522 0.014793423848264991 0.01479342384826499 0.014793423848265002 0.022191603729236866 0.014793423848264955 0.2774478745897309 0.046958285416926766 0.01479342384826512 0.027176626854036892 0.014793423848265036 0.014793423848264984 0.021601938831091502 0.014793423848264984 0.16202787896275922 0.014793423848264991 0.022239182592508885 0.014793423848264979 0.014793423848265036 
0.021008443637357935 0.02100844363735959 0.021008443637359563 0.021008443637359518 0.03981124396500789 0.04483014385327859 0.021008443637359587 0.0395875188896891 0.0393504939000582 0.02982482374594004 0.03172861431413242 0.021008443637359587 0.07788941844268017 0.035940024885999275 0.02100844363735957 0.02100844363735957 0.0210084436373596 0.4299448379922588 0.021008443637359556 0.02100844363735956 
0.020679356113006343 0.020679356113006316 0.02067935611300633 0.02067935611300633 0.11277602972486962 0.10848519210728326 0.020679356113006392 0.020679356113006316 0.020679356113006322 0.02067935611300632 0.020679356113006336 0.2981927999769807 0.020679356113006312 0.07394466136346409 0.03456903970406646 0.058528925692402534 0.020679356113006326 0.04467172196184402 0.02067935611300633 0.020679356113006257 
0.06775910924798552 0.012777898414585289 0.009000682147644346 0.009000682147643872 0.02264692160177481 0.013249480620899394 0.043638384227153666 0.04320206430623989 0.009000682147644306 0.020566396224250386 0.009000682147644235 0.11124139977722385 0.07690327983257328 0.017652201808473635 0.009000682147644315 0.02764646502836308 0.009000682147644313 0.3867054529754575 0.009000682147644283 0.09300617090152172 
0.015597889933791438 0.10241158114860768 0.015597889933791458 0.030121523327438334 0.05489539345444614 0.015597889933791452 0.02461216931787243 0.0237556751000107 0.015597889933791428 0.02248355146985326 0.015597889933791461 0.015597889933791503 0.0403973395757096 0.015597889933791477 0.023571851097898087 0.1131222284787414 0.015597889933791444 0.40864978769151256 0.015597889933791449 0.015597889933791567 
0.16186983204525518 0.026022759387008727 0.02602275938700874 0.026022759387008758 0.2499641838519602 0.026022759387008706 0.03991620523561172 0.026022759387008716 0.06451842119068411 0.038082815723633506 0.026022759387008713 0.026022759387008727 0.04089566029185474 0.026022759387008734 0.026022759387008706 0.026022759387008744 0.026022759387008675 0.06645700962987232 0.02602275938700873 0.026022759387006572 
0.022275084137490356 0.0756939920723498 0.007160389311338734 0.07556769566871291 0.2519563261374783 0.02315273637684867 0.03960604264413634 0.011561200117139141 0.007160389311338846 0.02084318863310766 0.011680742237948068 0.0634323908470312 0.04195765023514584 0.010163028702962122 0.03357410877516603 0.10526048381932866 0.0071603893113387235 0.137585036327808 0.007160389311338762 0.04704873602199428 
0.029073460309059305 0.017998693411608747 0.01799869341160878 0.017998693411608757 0.017998693411608785 0.22569870548139137 0.028347012625245693 0.01799869341160878 0.025552005085413915 0.030187169731479366 0.027174740268366825 0.034680112517058985 0.06660446128116553 0.1943081278444685 0.017998693411608792 0.027119650877320156 0.01799869341160878 0.0436721319807227 0.017998693411608795 0.12359287470544411 
0.015737579832860355 0.027224951714594645 0.008932471829062743 0.018244188997636114 0.02492870829719662 0.08179036741028439 0.02934838806855525 0.1784098189299517 0.008932471829062769 0.013419616681129024 0.00893247182906276 0.04722551246224396 0.012787449216542537 0.017622464040275666 0.008932471829062743 0.008932471829062734 0.008932471829062687 0.4347174600159229 0.008932471829062729 0.03601619152934193 
0.1007763609297556 0.052609073158721986 0.019096387831129255 0.019096387831129234 0.299045040797685 0.0775258849363573 0.07386612436577772 0.019096387831129245 0.01909638783112919 0.01909638783112923 0.02802571966921913 0.019096387831129248 0.019096387831129172 0.03560259218231804 0.019096387831129234 0.09337298281959508 0.019096387831129234 0.01909638783113059 0.019096387831129234 0.029115954998159593 
0.0628779301988992 0.08351137607660039 0.02444712489440265 0.03653399883101996 0.05335746081365037 0.03698497212389968 0.035619081314424324 0.037134507595996735 0.024447124894402664 0.05904707038752181 0.2278550169633319 0.04879669722237888 0.024447124894402664 0.024447124894402632 0.03579687426454772 0.024447124894402664 0.02444712489440265 0.02444712489440331 0.024447124894402636 0.08690801505251876 
0.013944061317645952 0.298763279181526 0.013944061317645888 0.024447962589640385 0.041406479264373006 0.03854663004386445 0.05273431002431907 0.013944061317645999 0.013944061317645915 0.02121691759183197 0.15337755771590889 0.020648105990126796 0.0766979740039471 0.020538418624142473 0.022229057007887562 0.02100886723429468 0.01394406131764591 0.11077601150461452 0.01394406131764592 0.013944061317645893 
0.0607782441149207 0.029481766799681237 0.020058658442988674 0.030096838041520194 0.036864438065211336 0.04327193030333965 0.020058658442988694 0.029116787679408958 0.02005865844298864 0.03606019185987542 0.0743738840275627 0.02005865844298867 0.06251163535241039 0.07025904321108627 0.020058658442988663 0.15897279329894984 0.020058658442988694 0.2077431797021154 0.020058658442988656 0.02005865844298857 
0.026236168414121568 0.033444073779548236 0.018480614339368127 0.028565175665942754 0.04117074500276168 0.01848061433936813 0.02864968974267419 0.018480614339368113 0.018480614339367877 0.1617263133099583 0.09971879525764445 0.018480614339368217 0.07862802232871248 0.027948458969023062 0.13573862738680154 0.1228393978017881 0.018480614339368137 0.01848061433936788 0.01848061433936813 0.06748961762606444 
0.25476144322934563 0.16907212729834756 0.012303552414352818 0.012303552414352808 0.018072398600839135 0.012303552414352787 0.12366156549179591 0.012303552414352827 0.012303552414352867 0.0219709453637261 0.012303552414352818 0.012303552414352792 0.012303552414352804 0.02410792295513632 0.012303552414352813 0.096770493257435 0.012303552414352813 0.012303552414350835 0.012303552414352844 0.14394047483112382 
0.0337866839811762 0.03152566359949031 0.0216484570279713 0.02164845702797125 0.05532784921071134 0.24935385315937722 0.0367646905071879 0.0312893430080858 0.021648457027971302 0.0216484570279713 0.0489270105699175 0.1845738713099224 0.021648457027971326 0.021648457027970344 0.0216484570279713 0.021648457027970257 0.02164845702797127 0.09031800734641603 0.0216484570279713 0.021648457027971302 
0.01629809435378652 0.023753303614448447 0.01629809435378655 0.025795913216447447 0.03439777376067197 0.016298094353786603 0.025382597813357687 0.026821961862524026 0.03216834508992626 0.016298094353786468 0.08676750623998891 0.413739632275683 0.033126871468783264 0.07794929713689246 0.03887335012451096 0.033877864356076086 0.016298094353786555 0.024972107438250523 0.016298094353786555 0.02458490947971631 
0.021173392253663832 0.021173392253664092 0.021173392253664002 0.030422090894786147 0.04809491684014998 0.021173392253663905 0.16949549287083238 0.18399314263940575 0.1364710503367065 0.04165846874374118 0.06536060746154464 0.0320936711429531 0.021173392253664075 0.030490339505614736 0.030058994515242896 0.031472288880052476 0.021173392253664013 0.02117339225366402 0.021173392253664002 0.03100179813966129 
0.02711054976407406 0.01869511137278634 0.007683699973742731 0.022383631150431505 0.07234859829676037 0.007683699973742723 0.32959923319157214 0.11309427487015018 0.015678379631760053 0.0645087730612776 0.03238339253313902 0.007683699973742807 0.007683699973742734 0.007683699973742757 0.025753844925747983 0.16889812343655425 0.007683699973742752 0.011831882432487416 0.007683699973742681 0.043928305517050764 
0.05886660586158235 0.06415061333196673 0.012683484749658053 0.02620439909085787 0.018006221863582823 0.018006221863582726 0.012683484749658046 0.012683484749658065 0.012683484749658065 0.02292317361520909 0.0931422981041582 0.07696607441483568 0.0356011747429374 0.020338908321782805 0.04172401180112708 0.17480795778339384 0.012683484749658046 0.21827809088383615 0.012683484749658027 0.05488333982321866 
0.01090430990605079 0.015794204328730514 0.010904309906050536 0.024464955669791892 0.02412359724641977 0.016577111250443654 0.026116338995915516 0.010904309906050548 0.025354146490620805 0.03906613961264907 0.016414757848292272 0.05922781584314741 0.010904309906050581 0.010904309906050617 0.010904309906050529 0.05554507922425313 0.010904309906050553 0.016753035541789967 0.010904309906050506 0.5933283386995143 
0.030355412942597686 0.3169729428145239 0.02069290843345416 0.02069290843345416 0.02069290843345422 0.02069290843345414 0.04327200142239126 0.03146597060546639 0.050973912653853766 0.03280138588252214 0.045331892480536456 0.03333654557425217 0.02950682426954681 0.04895307355809516 0.020692908433454154 0.07908620822617059 0.020692908433454157 0.09240056210243355 0.02069290843345416 0.020692908433454362 
0.3682989528869475 0.0397746999859837 0.010805573047820614 0.010805573047820594 0.14866295436293214 0.010805573047820555 0.050790921521712405 0.025578161659476812 0.028245236035036647 0.018122204586820814 0.010805573047820632 0.04866080089554237 0.016336236194398696 0.015340227824017963 0.029782824761836336 0.032181909958952946 0.01080557304782063 0.04052120069601721 0.010805573047820684 0.07287023034333089 
0.02466459570183395 0.05145398382116617 0.024664595701833922 0.055036698846223774 0.06823262767913364 0.06800842909736834 0.024664595701833956 0.02466459570183392 0.0246645957018339 0.06779953041143409 0.024664595701833956 0.15309886207745121 0.05424288882931873 0.04150262034191394 0.06914986506966894 0.07928626628114845 0.024664595701833922 0.07020686622866813 0.024664595701833915 0.024664595701833898 
0.0551462171362263 0.07924635430168836 0.016329411528724167 0.02408008523819234 0.05274570115593831 0.016329411528724115 0.01632941152872409 0.025356550526715572 0.016329411528724174 0.016329411528724136 0.03278125298891699 0.016329411528724264 0.10672590016933882 0.016329411528724167 0.01632941152872412 0.02384484840083797 0.016329411528724167 0.4104517418492591 0.016329411528724167 0.02632723294562005 
0.031710136628227144 0.014495859024003958 0.010032251359242317 0.022536598168786375 0.18595016686361895 0.01884764839239224 0.014361859431395969 0.010032251359242263 0.010032251359242357 0.014596109809362857 0.010032251359242282 0.010032251359242425 0.06511113414920895 0.018452498270880646 0.010032251359242376 0.010032251359242508 0.010032251359242315 0.4577359306247878 0.010032251359242319 0.06591179640414573 
0.055452160138732214 0.06956039507139261 0.022139014708886667 0.04032616065050698 0.033646965097267036 0.022139014708886632 0.051807938474607004 0.02213901470888665 0.0429398409560847 0.022139014708886687 0.022139014708886597 0.022139014708886646 0.022139014708886656 0.06132301627858087 0.03315818799246702 0.06386669630599744 0.022139014708886618 0.32652849194551514 0.02213901470888664 0.022139014708886674 
0.043109209695577924 0.02568128493223352 0.017119724090515504 0.04189759082279323 0.024647603508069417 0.21485893491290015 0.017119724090515487 0.026032528812380953 0.017119724090515497 0.20715040653473643 0.017119724090515487 0.017119724090515476 0.1434506632315339 0.04321680753026318 0.017119724090515532 0.04149908188506908 0.01711972409051549 0.03437837131981249 0.017119724090515497 0.017119724090515508 
0.08230729007188049 0.034097923909720246 0.023769984166328514 0.023769984166328573 0.10079065990008443 0.04844150027568968 0.2385606229628665 0.03713605321227732 0.02376998416632856 0.023769984166328542 0.04169369764245054 0.034936590201961694 0.02376998416632859 0.03405612503817493 0.023769984166328546 0.07823680857197425 0.023769984166328553 0.034547314293059524 0.02376998416632854 0.04503554058921908 
0.24192245922793493 0.13738435633393278 0.016269458112708808 0.01626945811270882 0.02873108477143128 0.024091510203560672 0.016269458112708825 0.023097080822807713 0.016269458112708822 0.02549087632777442 0.08525141133226267 0.016269458112708825 0.016269458112708704 0.03521338046120325 0.02309708082280769 0.11710398144048972 0.016269458112708805 0.11219165524141651 0.016269458112708808 0.016269458112708902 
0.020265389318119408 0.012862704821140816 0.012862704821140812 0.012862704821140563 0.21801293934742874 0.01286270482114082 0.07568415382003434 0.11645346334424847 0.08212953207444602 0.012862704821140925 0.01286270482114081 0.05275108826268331 0.0465527322891157 0.012862704821140875 0.038033117272176745 0.01286270482114079 0.012862704821140806 0.024441728857266944 0.01286270482114082 0.19704880720305465 
0.018833718725179346 0.05646282003262522 0.006443322304259966 0.006443322304260195 0.5125520880087187 0.01483666756324915 0.027647983973912826 0.013118380138658261 0.009147319781513721 0.06906015281540948 0.06789399821697738 0.021210256403519936 0.020550906927738415 0.016930421692008722 0.045333562945651745 0.0064433223042599155 0.006443322304259937 0.01585058530020626 0.0064433223042599476 0.05835452595326586 
0.011490744323418825 0.04486786325649952 0.011490744323418962 0.027004395934369783 0.20682034667012936 0.033273863479203206 0.02844075110112035 0.01644979265626375 0.011490744323419021 0.017417150973517075 0.011490744323418678 0.017191562801817203 0.01685317881493395 0.05235953088820826 0.0641968262994793 0.028857145708927782 0.011490744323418952 0.3605601025777285 0.01149074432341896 0.016763022897321234 
0.04026794003634211 0.07596581942699919 0.008061845641562627 0.015505773485377652 0.16674437775893508 0.023285917919898137 0.04214757385460211 0.012033552189612655 0.017519019674477953 0.008061845641562588 0.03147560427283118 0.011794113880441192 0.023499187957412723 0.018167782237887134 0.01207443948451247 0.052164620224134886 0.008061845641562638 0.40080643312765635 0.008061845641562627 0.024300461902613226 
0.05204858641340328 0.010896868117764722 0.010896868117764823 0.019044614409148706 0.03403072637545618 0.03340418982516006 0.01089686811776477 0.04444455674001329 0.010896868117764864 0.010896868117764809 0.22591906264378253 0.028127709568966496 0.030572340407182333 0.019741680512438818 0.010896868117764838 0.02138215175058505 0.010896868117764805 0.3678918553026037 0.010896868117764804 0.03621758110915288 
