0.05951257201568384 0.05923120879061961 0.058932525747993916 0.21283693736710257 0.12935159680754046 0.11288481439617805 0.09312651202688327 0.04765346426080243 0.047653464260802456 0.17881690432640762 
0.033847954138727286 0.06265563995798998 0.08013774007923873 0.5664133328485847 0.033847954138727196 0.033847954138727196 0.05869216273515917 0.051809968911591446 0.033847954138727196 0.044899338912573555 
0.03432445789972012 0.0511056321241239 0.05998500364279998 0.23269831122175066 0.03432445789972007 0.4090227420917967 0.05551657976686506 0.04451769768997584 0.034324457899720086 0.044180659763535565 
0.06496872994586467 0.088285244338947 0.08272301550484643 0.11430391468927178 0.15803218203493202 0.04382388665706952 0.26911946636139117 0.054382208975278436 0.04382388665706951 0.08053746483533683 
0.03849562712427299 0.1091407819269064 0.15538527169403393 0.03934614387135382 0.04180785312261408 0.15886417086633445 0.22688740781691788 0.031655272601340045 0.031655272601340045 0.16676219837487372 
0.1920085576600908 0.06710139845134262 0.08557298293860763 0.28845482247020376 0.06768251246420802 0.06576343526019286 0.05149899388354033 0.04255685842670543 0.0575165111065888 0.08184392733852823 
0.0468381704696969 0.343858615761962 0.1645359949751929 0.05689114356250578 0.06193506717162734 0.057320999917114764 0.03741659009703908 0.05493515214086557 0.03741659009703908 0.138851675806969 
0.04840366720652574 0.0645542999583092 0.2648228317277325 0.06190788319023534 0.16756483043488096 0.04778212091034064 0.05662370802232042 0.038831328186434026 0.03883132818643411 0.21067800217679516 
0.05352913190488826 0.44902651805291005 0.21614747281312463 0.027752239440784088 0.03819106488580293 0.02309062437361191 0.11924761236791044 0.035764495674882484 0.018625420243041126 0.018625420243041077 
0.03666459715041412 0.06880853749306776 0.053819772329401175 0.33107937757188416 0.07954555471205821 0.052994739455038985 0.2416525216174458 0.036664597150414105 0.03666459715041409 0.06210570536983153 
0.3270326376812394 0.05307326386536146 0.045361533467576313 0.06329294128933796 0.03829773619081567 0.33091645619086085 0.050373279919141624 0.030550717131889893 0.030550717131889844 0.030550717131889844 
0.04952006776696993 0.07425223655668059 0.11801703226591448 0.06198650005998349 0.08608625314830078 0.3839349550860182 0.04952006776696991 0.049520067766969905 0.049520067766969905 0.07764275181518542 
0.2267290724707644 0.11032686748901033 0.09399149946876438 0.0655276248815475 0.09287009318350045 0.06729691249863742 0.06459139340616002 0.0524993257550201 0.05249932575502016 0.1736678850915764 
0.44605059825932636 0.050111052501655595 0.06260065759363084 0.039332007926535004 0.037447123735130594 0.21171843335302162 0.0822546470726205 0.019508114486664754 0.0195081144866647 0.03146925058476266 
0.05809797909265352 0.10239921131057589 0.21624786944640673 0.16794984340316682 0.137494148607211 0.07515038037964623 0.09353977750836484 0.051437604575863036 0.04267470408906525 0.055008481587040865 
0.07409364849691026 0.12295208856522918 0.2099703460717541 0.09368496695183354 0.07409364849691026 0.09042431630177179 0.07409364849691027 0.07409364849691026 0.0908189166089181 0.09577477151285284 
0.05378252284123973 0.20827533418409835 0.1574266282788997 0.2065297506834155 0.044342222183984085 0.05364141811850296 0.0443422221839844 0.0443422221839844 0.044342222183984405 0.14297545715790583 
0.03463911038592255 0.19660470168102517 0.3630483048865188 0.09523913239732255 0.041880699785425045 0.06169999623533719 0.0749544078494915 0.03463911038592247 0.03463911038592244 0.06265542600711108 
0.053764575098818886 0.4217671474062486 0.10869093442989573 0.04000867166947312 0.0796295281588895 0.04982329779614355 0.04922596510319514 0.04000867166947311 0.040008671669473125 0.11707253699836254 
0.04054644440633594 0.1030046847988095 0.30075215251390985 0.07356317656236974 0.21270914698591847 0.040546444406335945 0.04054644440633588 0.04054644440633602 0.04054644440633598 0.10723861710729923 
0.09370005595049016 0.04029484179128861 0.17751281297810048 0.0688383409745913 0.08110828353289763 0.3523133264350165 0.05560482810133133 0.050037826653692226 0.040294841791288574 0.040294841791288546 
0.02455725593734078 0.13790320749543286 0.47939898293966504 0.024386615681568958 0.0667019717482448 0.055558026696630014 0.023717542246047565 0.019505580203045856 0.023752699335805576 0.14451811771622144 
0.07182039962017947 0.07182039962017922 0.09414451479016217 0.10750399402961486 0.2418011981667559 0.07182039962017948 0.07182039962017939 0.08863327956508243 0.07182039962017947 0.10881501534749403 
0.04058939390376235 0.5193946364216889 0.11621779838174633 0.07367413368941453 0.05302119500577698 0.02669695305613013 0.08337601110891765 0.026696953056130013 0.033635972320347256 0.02669695305613005 
0.07169622343630473 0.038995644600723925 0.33421504514449185 0.077942044322282 0.1768027469466397 0.1222588420432553 0.031375316111865066 0.03997100112736232 0.04628029970348954 0.06046283656358606 
0.06107706606764829 0.18073445500405982 0.06258185835565745 0.20784740835723156 0.090420402144583 0.0744395020265216 0.07723954167212693 0.06265551522474101 0.050315949496796665 0.13268830165063497 
0.06381547646086323 0.0453636677688618 0.17317538880913977 0.18159016125286317 0.15447696833493002 0.17086152011212258 0.04491970373400649 0.07540274873738347 0.03700533915607523 0.05338902563376167 
0.13400571663095243 0.08854265779023245 0.06628466130769085 0.05313325468923595 0.30251421423457364 0.06827000767848093 0.06889021540875864 0.09976784804018868 0.053133254689235944 0.06545816953065402 
0.046994332825499315 0.11876746263279635 0.0218267550633724 0.3313925398471201 0.282582159810771 0.09949466522013461 0.033461819410153686 0.021826755063372356 0.02182675506337235 0.02182675506337249 
0.05375358155496903 0.5308109852463492 0.08299889587777248 0.04540064393616553 0.04454150753613097 0.03549203460606218 0.044288672864461864 0.035492034606062234 0.03549203460606225 0.09172960916598136 
0.05001733165029835 0.06196390947406116 0.07501256509325803 0.17908984675688955 0.1914212512452477 0.05001733165029825 0.2266480933642565 0.05001733165029825 0.05001733165029825 0.06579500746508513 
0.0641265281573258 0.07908283242328086 0.14967107741390953 0.12968578785900867 0.1801137874366688 0.09659465785438766 0.07912085674582499 0.0641265281573258 0.0641265281573258 0.09335141579494097 
0.04983115707237046 0.07937888596041799 0.04006617898167649 0.1703631419553326 0.08894482667605667 0.3273434449904672 0.057500634365550904 0.040066178981676706 0.040066178981676706 0.10643937203476789 
0.029149048614854813 0.03554976308603685 0.038979463878545305 0.042736792741635464 0.06463294763864275 0.2588520023605782 0.05477073023465464 0.029149048614854702 0.03526026499651247 0.4109199378336634 
0.06739225671724056 0.048888559403026235 0.19672793540813585 0.29188819144552214 0.0718231868895777 0.0626724221474482 0.07319919679876688 0.06344723549377763 0.04888855940302584 0.07507245629345954 
0.33808047405112324 0.0965873368430565 0.08990872088683555 0.048520346596710714 0.04716894226674921 0.10159979746100019 0.04697777251451894 0.046043291197684105 0.038049087766626695 0.14706423041567177 
0.22693941177244367 0.06244392196586765 0.02883724914303194 0.023817419809911547 0.03542730398102935 0.07468278945091023 0.19178813011504053 0.02381741980991153 0.04061760033315398 0.29162875361868995 
0.023823177260165376 0.1059127698995816 0.10193138248395195 0.11690126031748717 0.2651815305499874 0.042810200367627525 0.06600335789285751 0.027273368763367608 0.02024920527644197 0.22991374718853472 
0.13591362095162127 0.05433279368663919 0.29044950443833567 0.07826591179238597 0.056756225517669526 0.10106724710386245 0.11430635716618452 0.04495882115888521 0.06377797082467303 0.060171547359755106 
0.05374797016667721 0.08737634540718837 0.10794408887831648 0.2768476214772207 0.06722112829284763 0.10152354741463378 0.06639524250247161 0.053747970166677234 0.053747970166677234 0.13144811552727212 
0.04815153574771334 0.11788059264844922 0.0673065386444936 0.08561045938571878 0.29705236790695494 0.06712934502417335 0.05924779409542015 0.04815153574771327 0.048151535747713296 0.16131829505164244 
0.29435513754841613 0.05645176916771931 0.04607561038441183 0.06368040244627522 0.057706709178500536 0.3262396707217048 0.036660295817756004 0.045509813099678165 0.036660295817756004 0.03666029581775602 
0.055268382118717825 0.09131958473625428 0.056412736114989 0.0934952169870989 0.0563442842979247 0.22145948369374438 0.28798106955107783 0.04590641416672529 0.045906414166725286 0.04590641416672512 
0.04723691319181587 0.07369217070724328 0.06682071011821644 0.41985822826719793 0.035902984668836534 0.06068713371402705 0.19430817386204563 0.029687716132955268 0.029687716132955223 0.0421182532047174 
4.3689281068309995E-4 4.368928106829747E-4 6.432068176131858E-4 4.368928106829749E-4 7.431186999664993E-4 4.3689281068297505E-4 4.36892810682975E-4 4.368928106829749E-4 0.9955554248076395 4.3689281068297483E-4 
0.03899753548563737 0.37385463821136483 0.1596093223289213 0.09152018701985888 0.03547007469984293 0.1717439216906841 0.028992998803018352 0.028992998803018352 0.028992998803018363 0.04182532415463482 
0.12050131265491294 0.08035196893819058 0.04881930683787271 0.048564965299286056 0.03952368457240232 0.09221629769042108 0.3769275310249251 0.049082928236058976 0.059493863082089836 0.08451814166383484 
0.2824627762144297 0.047204217035231026 0.03819848612138429 0.04763802532793518 0.09199227219666255 0.1608351609701862 0.2170736037699924 0.038198486121384136 0.03819848612138416 0.03819848612138388 
0.04419769362387288 0.09467449283951848 0.28259055508599057 0.05499544665463431 0.14132328679665618 0.18350928140847758 0.05341423295546227 0.044197693623872825 0.04419769362387283 0.05689962338764312 
0.21765112600771797 0.08878726772139117 0.0435374883517369 0.035839892252388095 0.02778423595100984 0.17771876230659453 0.1994223627935601 0.022162702809423812 0.02216270280942383 0.16493345899677325 
0.25411354094328825 0.08258091842343232 0.0649295610667831 0.12095338076748484 0.05540811599688893 0.12637860662069758 0.10779480610670754 0.07875093444909739 0.045847764749290316 0.06324237087632227 
0.042147752914642865 0.04214775291464281 0.04214775291464286 0.4107772892498151 0.042147752914642886 0.08023949205089065 0.21394894829685324 0.0421477529146429 0.0421477529146429 0.0421477529146429 
0.06104449778790111 0.0625677251914123 0.06378226890523343 0.08961876596647979 0.319503943514708 0.10349176922739504 0.07929934612880549 0.0419463588253334 0.08466323632427471 0.09408208812845593 
0.059337838516490646 0.09489130799220362 0.0717139742909852 0.0711099401470786 0.07157481026632971 0.08106422760718954 0.08366807174870625 0.05644698690679355 0.04685326614787321 0.36333957637640574 
0.05803023728098386 0.03981617006843315 0.112424863260739 0.08123249835619993 0.29920751499337533 0.08742150906382279 0.05891917718715387 0.04934118312624204 0.03981617006843322 0.17379067659462952 
0.107444485696984 0.4127952048340291 0.043776194679062706 0.14917655473270416 0.05227513114349774 0.047812602576299254 0.06560709458780556 0.042862529114230385 0.03497857157179336 0.04327163106359822 
0.03592449567947339 0.06295124253955203 0.10814131112518023 0.08849620408211338 0.36679878155749035 0.06354349474056535 0.16637098323724211 0.03592449567947344 0.03592449567947344 0.03592449567947346 
0.17777057868159088 0.08349513058665854 0.048662229540583885 0.1103385480060998 0.03974872223461127 0.08759079341317229 0.3144927169665722 0.04978044744379828 0.03974872223461122 0.04837211089229166 
0.05168743749698713 0.09567006009037007 0.19671761189121942 0.04967718026548996 0.16692625594697066 0.18699203539366038 0.08663485293146236 0.040658357515339374 0.06078069785722152 0.06425551061128251 
0.058537137164769285 0.05470947562321311 0.08809953527249438 0.13331895010300465 0.0967628096561507 0.34584531745693814 0.10971743268859702 0.03142410803164575 0.031424108031645734 0.05016112597156314 
0.06716035337110934 0.16138159920958525 0.033602371394518715 0.050254699987144456 0.084403376819506 0.3616737999827748 0.07383443320940009 0.026309586073793998 0.026309586073794 0.1150701938783684 
0.3453399071916557 0.05241342958044348 0.041620885564137414 0.04061371975580834 0.2607551354275248 0.03328131195145719 0.11918379250153867 0.033281311951457185 0.03328131195145716 0.040229194124565645 
0.030203695169782534 0.030203695169782423 0.05721635767844755 0.056983475798106406 0.1894682571554258 0.31118518083245045 0.19570304792814142 0.030203695169782514 0.030203695169782496 0.068628899928274 
0.019310050015278673 0.024659008753461324 0.025664168673662974 0.024434323888369462 0.0641855498211176 0.7544644991375045 0.01931005001528175 0.019310050015278666 0.01931005001527867 0.0293522496648133 
0.06956377165663469 0.05876372644061527 0.36106313647259036 0.05574161849171433 0.1550113756367739 0.03733032174190522 0.13942445878034346 0.04844094729560863 0.03733032174190529 0.037330321741903864 
0.03271361229189642 0.06454857032603808 0.04240265070043641 0.2610768329791903 0.04811379019900364 0.45455989168967076 0.01810279328075987 0.022351248872122406 0.018102793280759807 0.03802781638012625 
0.04865317369232193 0.06149533755450664 0.07341721566180913 0.06735430433622513 0.5489077341550083 0.03223901874195487 0.08148584266603949 0.026247608143770015 0.026247608143770015 0.03395215690458578 
0.06482107121527755 0.06708247037879711 0.28426877483879315 0.18902708603586496 0.0524965367629124 0.09195280099802927 0.05249653676291244 0.06406488449290415 0.06610341321551412 0.06768642529898991 
0.01984541382763865 0.09708818559198777 0.3435366174441727 0.056373174418046706 0.11197191064148301 0.044851302010964204 0.16869440753125284 0.017927412440036036 0.014525647443544083 0.12518592865090203 
0.08425903435930482 0.18596541362516664 0.054887823978980885 0.1332900595377019 0.23571090176277043 0.051359124950666975 0.0645697537538464 0.04624087985386535 0.04530755145191502 0.09840945672576315 
0.016268157733895658 0.03846792258057228 0.03373578137798939 0.02621755329913638 0.11342812026363364 0.6976288226575854 0.01312672345044892 0.015850656748516247 0.013126723450453992 0.032149538437762894 
0.054314691635778005 0.05700644135032055 0.17648313494396092 0.07631452559648032 0.35147026370297857 0.054112605344540404 0.08632977601306349 0.03906177030503192 0.03906177030503192 0.06584502080280767 
0.04894866382408119 0.04894866382408116 0.08190407840307061 0.3004539763599476 0.16519881988633034 0.0723285236024686 0.08914207507734666 0.06205305553036472 0.04894866382408114 0.08207347966825143 
0.02652302323113685 0.03465235649202681 0.0760549965189318 0.12565207747934448 0.33015192035524843 0.273270870793921 0.03882616870837557 0.026523023231136818 0.02652302323113683 0.041822539958766274 
0.11445494663816305 0.07770231658306063 0.1332752570680152 0.14293321184378044 0.06893109232669098 0.07506336424271218 0.23340664109781095 0.040362230635886176 0.04036223063588619 0.07350870892799584 
0.03728689652342143 0.25680703578810427 0.0785566541268065 0.06850771909673448 0.05214633794339546 0.09945345687289917 0.2549386799841338 0.0372868965234215 0.037286896523421535 0.07772942661764644 
0.0421785359150304 0.04622200534719835 0.03012713192199936 0.3622791322714982 0.24014459267168617 0.036845242455973023 0.15349028415225605 0.024896135104226787 0.024896135104226835 0.03892080505590751 
0.3595764051300388 0.09563597002524186 0.056068292673046506 0.044998637812862306 0.08145082847586871 0.0720021848622693 0.10003020553940911 0.04499863781286227 0.044998637812862306 0.10024019985555943 
0.348526400603858 0.04232539719944099 0.04274569969262135 0.1416920316221958 0.059967319458002016 0.05042521065983821 0.11215337058964406 0.03314455029486607 0.033144550294866036 0.13587546958466798 
0.051915936726958926 0.06286688015952437 0.06290387208338866 0.10910177267111235 0.042693060541212205 0.08992691745618162 0.06545469938824917 0.042693060541212045 0.04269306054121208 0.4297507398909239 
0.015294205335615334 0.09024624927565586 0.06373119286989089 0.05472866093296746 0.04749174888123034 0.11576679390418694 0.19518140839045423 0.015294205335615372 0.018506839006229184 0.38375869606812285 
0.06428939912432373 0.1302878121447288 0.11454851596301605 0.12877430895154413 0.10871345548422091 0.04557822051007051 0.33168243763244554 0.025375283396555145 0.025375283396555235 0.025375283396555332 
0.027654115878210022 0.044961192549822455 0.027263486529418086 0.5868246412684266 0.027122676454677346 0.03477638808565487 0.07771676634387523 0.02159678189514344 0.021596781895143476 0.130487169099612 
0.06323119909245234 0.060455551985843195 0.06288004549385381 0.14164588689914406 0.33978039749363886 0.09017099216768801 0.09733424269759798 0.04194778323555056 0.04194778323555053 0.06060611769867044 
0.024173354181546883 0.08063984728804817 0.2704125840641386 0.35117438146682955 0.050030697505146125 0.04712439565497025 0.05787724094677088 0.01996428313101966 0.01996428313101966 0.07863893263050853 
0.049139971656704105 0.1124214472938576 0.17888123993329252 0.07411438363355204 0.06043684209491148 0.23258335349672882 0.11733086775411226 0.049139971656704376 0.0491399716567044 0.0768119508234305 
0.047978825902567954 0.13464342620124262 0.35067926900728047 0.07680239356951941 0.0974091194913471 0.1293190420323148 0.03360889912441599 0.03360889912441612 0.03360889912441606 0.06234122642245809 
0.03712305133873867 0.05435778715221796 0.6099412840451431 0.07691999416061429 0.030839929487099346 0.10371802647556479 0.019504440677036522 0.019504440677036508 0.019504440677036494 0.028586605309481313 
0.04943292692143968 0.06462777757725824 0.04521746299409245 0.0906722436300433 0.49539863218386393 0.03619219702904741 0.06759743478909454 0.03619219702904745 0.03619219702904744 0.07847693081706347 
0.44390775573962843 0.035015092909158746 0.08016588900983102 0.05222770433284953 0.06251837583889977 0.1644645182726953 0.04850890833142661 0.035015092909158746 0.03501509290915886 0.04316156974716536 
0.04749222212384876 0.047492222123848904 0.17314912164468083 0.08821854149266493 0.22514721500670845 0.10506528680888788 0.1147607259283422 0.047492222123848744 0.06140418727588671 0.0897782554712792 
0.06425042100102112 0.049079330309882395 0.07667755093632501 0.41168785835844107 0.1300039991451831 0.03312138737099392 0.13581529076516985 0.03312138737099394 0.03312138737099386 0.03312138737099389 
0.03143492324111988 0.08012510095546838 0.2844629039039532 0.11416853844293681 0.041686770307728785 0.1357415353381585 0.025948078178052284 0.031771318230123774 0.025948078178052263 0.22871275322439444 
0.029486814122949637 0.10145985735576482 0.5224223108405962 0.13399147359785216 0.059907767483013435 0.034279903331028 0.034548606089316314 0.0131798589884909 0.013179858988490873 0.05754354920249682 
0.08694096938333935 0.2617759442384584 0.24625280533751598 0.04452777164074805 0.08353767333002245 0.13742992434045234 0.039602812993004444 0.03443515236703522 0.022834387775500443 0.04266255859392473 
0.025669620965616265 0.39737100288970545 0.2034416750939303 0.1243953063869988 0.07276566030796269 0.027567178406227386 0.08016187590947288 0.019928044800136015 0.01981804817049591 0.02888158706943067 
0.043154739225475025 0.13777596885651325 0.047397683101289244 0.39069186097828607 0.028574037653548132 0.14958663688146664 0.08630742136686635 0.022114738814115995 0.02211473881411605 0.07228217430830274 
0.09547487267122189 0.10852860623606764 0.21604931819081688 0.05937635698902131 0.10816016822856434 0.0314393829667495 0.244039132812652 0.031439382966749585 0.031439382966749634 0.07405339597138849 
0.41973894770530285 0.05944822496729652 0.11827469158424751 0.04842962716126321 0.08784839527566665 0.06173744573896732 0.05923378608348512 0.04842962716126336 0.04842962716126332 0.04842962716126336 
0.06656682492294724 0.0709904307590307 0.07177419997929406 0.5134616061950614 0.048923732453701685 0.08812875135124376 0.029975241846719288 0.02997524184671919 0.029975241846719163 0.050228728798530346 
0.2133899459978781 0.06799815171702656 0.08464063201457056 0.06799815171702658 0.08506149454039463 0.08291612342297276 0.1772834411248159 0.06799815171702661 0.06799815171702661 0.08471575603125325 
0.08476046384848449 0.08085347082488038 0.08047570509411396 0.22802801516671298 0.06650334060935924 0.19336564201901044 0.06650334060935928 0.06650334060935928 0.06650334060935927 0.0665033406093593 
0.09659070242817862 0.09198969544094977 0.03952253219204489 0.0769000181966926 0.0724069124389702 0.07622443088198083 0.26787035370294965 0.04611871819366632 0.031986723764374364 0.20038991276018134 
0.04129765520524033 0.4368055218910538 0.08930725281066222 0.07697401843831832 0.08576461097708331 0.07771207615182811 0.041297655205240306 0.04129765520524009 0.0412976552052403 0.06824589891011289 
0.05239108766360682 0.06360097024382727 0.04228763710355068 0.2997581681906211 0.08509708384950312 0.055457803647762066 0.10451708876993139 0.0646284149454041 0.04228763710355066 0.18997410848223065 
0.04285918732534317 0.042859187325343155 0.06865168282179544 0.47021464982769606 0.04285918732534312 0.12897265427466958 0.05485203014588243 0.04285918732534307 0.04285918732534317 0.06301304630324699 
0.09475246441988175 0.09476579148221109 0.0856141978068983 0.0820973312562698 0.24692961500260532 0.059346423239015296 0.08229245024979985 0.038222253807722824 0.030923931505675763 0.18505554122990944 
0.17291010097201653 0.04108411094612354 0.04746729441594012 0.03625831392813745 0.024350545196296612 0.05212150097874994 0.323949208329771 0.02435054519629665 0.02435054519629663 0.25315783484036775 
0.0986404866415724 0.15697841869939475 0.09406277235925807 0.16207886521902054 0.08739177059355915 0.07888566721707242 0.2166116236456468 0.03511679854148918 0.03511679854148907 0.035116798541489115 
0.04113696526140384 0.09510211230975656 0.25103352146731955 0.04168605158292879 0.028688794606233848 0.35347823053693667 0.042161570170274776 0.042816263077654 0.02868879460623386 0.07520769638126033 
0.033704255641910597 0.061756869498863234 0.4623135840802544 0.033704255641910846 0.14785516107718386 0.0545632146605628 0.07862171408575314 0.040777436164971446 0.033704255641910735 0.052999253506706194 
0.06478548527647517 0.05381140545612121 0.07918223780872237 0.06672250185799083 0.19185495848230832 0.08664575765865927 0.053811405456121286 0.05381140545612123 0.05381140545612125 0.29556343709134564 
0.026069285261920497 0.062460225044151704 0.3096905219878281 0.20082574630579253 0.1385434386800322 0.06383424306651184 0.03861349230686537 0.034440813836564166 0.026069285261920518 0.09945294824845184 
0.0430240387123 0.054475914035016774 0.12684049453227578 0.13016364554580012 0.06155531313319494 0.39746534054356597 0.04903803093451033 0.044938187784547494 0.03159040051572924 0.060908634263053096 
0.03880161491858523 0.06574464617064857 0.06818910620387164 0.1468464863350489 0.1202321055626085 0.04675147617860945 0.03880161491858524 0.062431486771940874 0.038801614918585185 0.37339984802153964 
0.04891366439675952 0.09083079597729692 0.08385419442601695 0.1702548425479742 0.2866659955142694 0.052791618510635976 0.1376699257681708 0.04887920163740431 0.040069880610728276 0.04006988061072819 
0.14767270580482397 0.11831940031076738 0.11824271871373329 0.10179405792031887 0.19863731988027808 0.07619402436975876 0.06918977653477332 0.06322021192457457 0.03997808062075731 0.06675170392021466 
0.062031778753093895 0.11353122128031388 0.06485865128242523 0.0979465189510627 0.32527104036230325 0.046901828907845264 0.11155165059764739 0.04690182890784536 0.04690182890784532 0.0841036520496143 
0.03265677955202382 0.17715056637690973 0.18952386738754728 0.1409200803007364 0.22587755857022485 0.0731429199046851 0.055088472742779726 0.03265677955202376 0.03265677955202377 0.0403261960610523 
0.0422444420412793 0.1759527283827509 0.32487772838983714 0.1144014527082657 0.06837225967674494 0.05226894639774112 0.04224444204127932 0.05834156617979264 0.04224444204127931 0.07905199214104512 
0.02817363389488678 0.06826207525657192 0.07813434875213307 0.20806334858474076 0.028475261879258657 0.029631985826442397 0.14319680620105096 0.02285099683338604 0.03447270784770724 0.3587388349238262 
0.033541762189988354 0.08859336975055432 0.31997728318577107 0.11262304950125188 0.04174437483765596 0.051709971987938766 0.23447307759743247 0.0335417621899884 0.033541762189988375 0.05025358656944798 
0.07670176321178541 0.08903958787973255 0.10721687790770058 0.15549198802297262 0.1532134756466924 0.11945667944226028 0.12524026331934632 0.06635525491242149 0.05364205482854687 0.05364205482854689 
0.031177538451428094 0.33329624194622687 0.03117753845142789 0.18090287216477904 0.1598503136356727 0.0311775384514281 0.05652275924641336 0.03876279165733209 0.031177538451428122 0.10595486754386733 
0.4643093242020582 0.04203055387046737 0.041975645327001654 0.02888717975931495 0.05505298314111479 0.035340828627473 0.08128791178512272 0.03474604365110461 0.028887179759314898 0.18748234987702997 
0.03255579830987761 0.04074751972950562 0.0863104231079955 0.022550004145340478 0.5885603588867595 0.03977726942048674 0.034833569560144245 0.018276514376220878 0.01827651437622092 0.11811202808744509 
0.03406209232248261 0.07590679209883695 0.24208957386583477 0.15657001547606766 0.19648576612243454 0.060118377697838524 0.16058132511227938 0.022798171740808365 0.022798171740808327 0.02858971382263773 
0.034296799505395034 0.02923057463768995 0.029932325884578677 0.023516892969909862 0.06344881164180738 0.7255070234808939 0.023516892969902774 0.02351689296990986 0.02351689296990986 0.02351689296990985 
0.08759655323234497 0.13673891445459851 0.4105705821393645 0.04404401131203773 0.06659491722216604 0.07307189328258071 0.029828557530852513 0.05057908670464384 0.029828557530852565 0.07114692659053178 
0.22255310403295045 0.10101350152250482 0.0634623082628223 0.1372302964862276 0.15609393656713677 0.09240970699543835 0.07663399782609075 0.05345178866488382 0.05468695666312334 0.04246440297882151 
0.04078618650456122 0.07334531550283335 0.040786186504567105 0.0955711289782047 0.3536585905716473 0.11958160592108698 0.15391242650338588 0.040786186504567154 0.04078618650456711 0.040786186504567105 
0.07323920018858791 0.03576179084355526 0.035761790843555616 0.03576179084355557 0.03576179084355557 0.07483598352497484 0.04365001264316632 0.035761790843555616 0.035761790843555616 0.5937040585819027 
0.11350898371131136 0.09646534069859389 0.19217912075634222 0.11012395087578683 0.07645891723330903 0.08953152664843828 0.1369119321645327 0.08083741563010122 0.05199140614079254 0.05199140614079253 
0.052198947816325114 0.10642635802402786 0.34464476560338303 0.052198947816325114 0.05219894781632509 0.052198947816325114 0.0874901922238165 0.05219894781632512 0.06377643661446006 0.13666750845267664 
0.052543208610102025 0.07505903420156644 0.11149772926856932 0.13950470695037284 0.16353527750670488 0.108768676874676 0.052543208610102025 0.06610426971866698 0.05254320861010203 0.17790067964913378 
0.04996904705258041 0.06595967143479732 0.4929931347500355 0.10927321449419915 0.06666259516313525 0.04639493018025814 0.0723243581440599 0.032141016260291845 0.03214101626029187 0.032141016260292074 
0.03140468893633252 0.04135190187096548 0.39246787469773226 0.04314627733000304 0.09744183363804498 0.0815375793660051 0.0472967245391832 0.02565763777773412 0.02565763777773407 0.21403784406619136 
0.02428172147434373 0.07396735849011059 0.17945400407951567 0.4612387802477293 0.03101837487920621 0.024281721474343928 0.0694077370032777 0.024281721474343747 0.024281721474343727 0.0877868594027809 
0.5378754597362619 0.010183212788906475 0.013060590294974112 0.1302194655612644 0.0750847164039376 0.0245464534254519 0.17386386049670655 0.010183212788906408 0.01018321278890646 0.01479981571468259 
0.040352599714813496 0.09046271877228301 0.14752684591207582 0.17786832764867236 0.07364581681853384 0.037212309528221514 0.0884939357838411 0.03622114454990883 0.028895288098241656 0.2793210131734079 
0.046443347153152376 0.04644334715315241 0.3194715012449155 0.057775363415407156 0.046443347153152396 0.1616133195661389 0.0464433471531524 0.0464433471531524 0.0464433471531524 0.18247973285462607 
0.21875581159835367 0.04660621653269196 0.04660621653269189 0.1351934471235813 0.1496518118187116 0.12841994573966728 0.10160858441116404 0.04660621653269204 0.04660621653269209 0.07994553317776608 
0.030805796400284045 0.23115793516770963 0.1469555874770996 0.151500365495079 0.05232742772457738 0.15768402898819897 0.03080579640028411 0.05683112317122524 0.0308057964002841 0.11112614277526449 
0.12554595796378426 0.06625917787212462 0.06625917787212457 0.06625917787212453 0.06625917787212453 0.12289778709171977 0.06625917787212454 0.06625917787212454 0.06625917787212456 0.287742009839633 
0.27055301240191265 0.04867316722912854 0.07655998782784082 0.04867316722912856 0.1411453365514972 0.06934325615904978 0.14463262298149804 0.04867316722912843 0.0486731672291284 0.10307311516169695 
0.5042543440687003 0.04714475285151205 0.05846799230997928 0.04714475285151202 0.04714475285151205 0.047144752851512026 0.047144752851512026 0.04714475285151207 0.04714475285151205 0.10726439366073562 
0.0457167447107178 0.04937701403951232 0.032068186365230865 0.03563929551779254 0.06499731362551339 0.6581330510829836 0.03143917606113754 0.025642578246576873 0.02564257824657669 0.03134406210395685 
0.038655516208845817 0.0750408252833606 0.4378785151855475 0.03192592647062469 0.15892134213154235 0.055727729975070486 0.09182577285385203 0.0319259264706246 0.03192592647062466 0.04617251894989432 
0.07367720317925824 0.06952398539911428 0.26230952699956417 0.055644873814121615 0.06711765654176768 0.068509946962753 0.19457744745756314 0.049583091210251964 0.08203308146940178 0.0770231869662169 
0.11454644432265908 0.11722700669028693 0.08087911269858686 0.3609502093235896 0.04599335937487467 0.0854944682577648 0.045993359374874754 0.05692932120764368 0.045993359374874906 0.04599335937487473 
0.06836457696006701 0.10125003816051249 0.28042773464384674 0.05192109243708312 0.0684266372434321 0.14210818072272913 0.049571662032249685 0.03997904047634469 0.03997904047634471 0.15797199684738086 
0.05174581141949237 0.12662584942123856 0.04995181019540053 0.04031284536048189 0.08230395097820271 0.07322699668489818 0.24566186096724296 0.04031284536048186 0.04031284536048184 0.24954518425209393 
0.46209674166541753 0.052859131516210835 0.04241723671242826 0.042417236712428204 0.07828775940186318 0.05511052938432245 0.04241723671242828 0.05136943232476049 0.042417236712428266 0.13060745885766542 
0.040404225281858455 0.10591616771767322 0.06326689801658955 0.13494957469542118 0.10438806669781549 0.05283334320538861 0.38554741028199857 0.04880280905975282 0.03194575252175891 0.03194575252175897 
0.08695482001179733 0.07843150798463563 0.041439444595085244 0.049672242576181136 0.022166009955281972 0.05339251984168892 0.5078871654234862 0.025755015756288628 0.017606237686631578 0.1166950361689211 
0.012919033119102795 0.04147339050168619 0.20625491744610383 0.05653585738925232 0.025575244576070532 0.5405423890656265 0.05079541309755917 0.016044847664082505 0.012919033119102896 0.03693987402138496 
0.4244562116354658 0.03151759108250739 0.03151759108250701 0.031517591082507 0.03861124093486208 0.038148483007133034 0.26265304800098194 0.0395134473575689 0.03151759108250699 0.07054720473395425 
0.05839864742039673 0.07385979764926034 0.1375502081885516 0.2433037831641028 0.059303869856802395 0.06676498552253796 0.10753684190142317 0.048202779553562995 0.048202779553562974 0.15687630718977863 
0.07194339850411716 0.04553701579775148 0.1259842466310612 0.09181910312377453 0.0234218312231673 0.14771707998145225 0.20502513207164827 0.023421831223167322 0.023421831223167336 0.24170853022069502 
0.02806944374471408 0.11093281808756204 0.04874064739122466 0.061418086098545904 0.126394296287835 0.11980191444950501 0.04809256858760132 0.04290243493705919 0.028069443744714 0.3855783466712171 
0.04874978323463766 0.10385891566285572 0.13608692889526872 0.0756019346543528 0.08055750993454265 0.060587464188178 0.09789809956808927 0.04874978323463762 0.060106356402807065 0.2878032242246363 
0.03283759377272129 0.025810711740124483 0.06313931377147347 0.055502052662686104 0.025810711740124944 0.10419619587228998 0.06838179175218724 0.03276559202263999 0.02581071174012494 0.5657453249256369 
0.06037239773664233 0.20023032423606102 0.2762435177442525 0.08245237118131916 0.07883940041852046 0.060372397736642394 0.06037239773664235 0.06037239773664233 0.06037239773664235 0.06037239773664235 
0.16211842835190748 0.28293844444889166 0.042697280061937744 0.037897969636704366 0.028360228806440933 0.30746993530668776 0.04679532169854691 0.02836022880643883 0.028360228806438816 0.03500193407600781 
0.03442629911028354 0.13537156297889924 0.15453701195095854 0.1691511285597156 0.14260768443356217 0.1636114824297589 0.04226571438347637 0.034426299110283574 0.034426299110283574 0.08917651793279842 
0.05292193759216806 0.047783901537388845 0.4473521804679109 0.2159974825094372 0.03170210915151971 0.03170210915151967 0.03992559342475302 0.03833801747664704 0.03170210915151965 0.06257455953715793 
0.06558436038122209 0.06558436038122192 0.10869700305643329 0.23803618658792136 0.06558436038122215 0.08640097729539299 0.12405162381513467 0.0655843603812221 0.0655843603812221 0.11489240733900595 
0.029386516733886352 0.11682298867069522 0.3406460377692926 0.044568207683407704 0.21499110773506416 0.06530612800889508 0.030473122274944354 0.024057862806117554 0.03021438213298959 0.10353364618470462 
0.1402985017526902 0.24915118575657705 0.030033859588280955 0.058558746219604184 0.024734852396274026 0.17368762199288265 0.23208991299513504 0.024734852396273984 0.024734852396274036 0.04197561450601897 
0.047565605462496524 0.05731826406112558 0.1334753020608072 0.1846733059008358 0.11655910085094531 0.07804083352332228 0.1498709462187345 0.03787650031532054 0.037876500315320576 0.15674364129110185 
0.051102856998028336 0.11999330539961593 0.12542175118609905 0.16171548225738205 0.1679735325729449 0.23453663999414223 0.04319284526530038 0.029308474024871495 0.02930847402487153 0.037446638276735535 
0.3500091944970398 0.05020319368001751 0.07544636639215298 0.09975600214207288 0.10056120947293072 0.09694889324886818 0.07646555952688251 0.050203193680017535 0.05020319368001751 0.05020319368001746 
0.3932525968040861 0.08783640904437735 0.04761844156870206 0.04761844156870207 0.05866955100396523 0.09228063949567866 0.11789708760847309 0.04761844156870205 0.04761844156870208 0.059589949768649425 
0.03477754750353214 0.05775910570808642 0.04246104766576048 0.5959606860212145 0.044795898872036645 0.08857022409396885 0.08706302660211289 0.01620415451108955 0.01620415451108972 0.016204154511089728 
0.10680994768188021 0.12525993167064417 0.14085218618908238 0.07254808000314318 0.09942286974136168 0.10565701663679451 0.08745380965459625 0.0583362889368251 0.09383876319122895 0.1098211062944367 
0.0810037238588385 0.08106341506922274 0.054870746530110044 0.054870746530109975 0.41458268861946246 0.0701873148308924 0.07880912497105641 0.054870746530110044 0.05487074653011002 0.05487074653011002 
0.05185003671276098 0.12333543168280435 0.0820040594431526 0.2054264046666917 0.08957497396229912 0.07676939569570435 0.2906955269011793 0.024990138696398954 0.024990138696399003 0.03036389354260584 
0.03315983722907673 0.042197371853566715 0.053554653218136246 0.1578844490680099 0.044745469308151646 0.06878733797126184 0.06387386177411922 0.026130295051363845 0.021465050268543236 0.48820167425776906 
0.06704593956051384 0.046169275892152056 0.2164441576376115 0.11590979558632218 0.2519551153947625 0.06082518324078735 0.05622135289871122 0.04616927589215194 0.04616927589215192 0.09309062800482339 
0.08034497836263244 0.15018951461011168 0.070457646196976 0.06172810224754981 0.3015812984779315 0.06845120424989529 0.048367818557823086 0.06875514493751218 0.06204249544760371 0.08808179691196279 
0.0789718749787873 0.08322482539392916 0.08577352110265415 0.07942920904875424 0.06569504705175175 0.16735693031346127 0.20534142517814125 0.05245637806884588 0.052456378068845885 0.12929441079483095 
0.055873521426477994 0.10247642193264232 0.04596093648112621 0.13447576520079044 0.13722257477818056 0.09599400342944055 0.24142353127285412 0.04596093648112629 0.04596093648112627 0.09465137251623346 
0.09931164668537328 0.07266959842317365 0.07189076579468835 0.07708691522305994 0.28105203701959436 0.05265907519142313 0.25657878013439817 0.03385302184036329 0.027449079843965937 0.027449079843966006 
0.05579836722179698 0.08676966664752953 0.16141849758310786 0.04987135978497452 0.0755265513886692 0.33699765362847584 0.06125494008886644 0.040616315768508104 0.04061631576850809 0.0911303321195486 
0.08637118770394103 0.09580264734508534 0.10272343668773742 0.23115274607661102 0.1409320534301233 0.04128709235724018 0.17090010443681725 0.044426250519230145 0.046147722397657055 0.04025675904554443 
0.05545604629766857 0.05447967584393709 0.07516236225223202 0.16613444053766727 0.22212755910109827 0.1985293232788952 0.07997990967676297 0.03937479841996173 0.03188632297376437 0.0768695616180281 
0.14989842760070693 0.07785748983815194 0.03975910838170666 0.519597091367944 0.03859762185879477 0.021465247098680012 0.049085418476273665 0.02146524709868005 0.021465247098680026 0.06080910118035026 
0.04598285876679464 0.19459187795055874 0.1726790943179955 0.053114941900482285 0.07929182403684769 0.1769389867071615 0.044668801466223054 0.04287457670180469 0.03723124640092803 0.15262579175123767 
0.1045141987274806 0.058245174584144445 0.1271150039324975 0.08855281674102558 0.14106548925192156 0.07198137291772871 0.09523339590318665 0.058245174584144445 0.058245174584144424 0.1968021987737277 
0.05052168608135965 0.02208198392413728 0.02208198392413692 0.04215327566302526 0.04491974805251615 0.034940062987797074 0.21199421118750786 0.031749294091405894 0.022081983924136957 0.5174757701639897 
0.2585522995470229 0.06688479818451352 0.05031770858973256 0.1256545254275361 0.06629776514259797 0.0518575031965167 0.25781705216732304 0.04087278258158362 0.04087278258158349 0.04087278258158352 
0.041157088719319015 0.310940532726984 0.12197155775681714 0.04115708871931901 0.04115708871931895 0.18633271546815436 0.04995939164423299 0.06774924262860386 0.04115708871931902 0.0984182048979512 
0.08997005481852167 0.038251494409427045 0.026034951138590126 0.1927717729355378 0.11735863232687672 0.03240293591344767 0.18343806101139506 0.026034951138590095 0.026034951138590102 0.26770219516903104 
0.06487567411705081 0.16517315400227311 0.19472092134458394 0.07886222355942592 0.1322920455924064 0.05322694231253735 0.053226942312537315 0.05322694231253735 0.053226942312537315 0.15116821213409568 
0.07517044889574903 0.0705501032728573 0.05713514890305354 0.14736311027833773 0.10378997195911038 0.21802192436414347 0.057135148903053594 0.05713514890305356 0.15656384561759584 0.05713514890305357 
0.030035168931965093 0.12238593129396501 0.19244851388649833 0.056677730531422214 0.09223215290099007 0.05948081034385769 0.04682207777904978 0.03003516893196507 0.036312901824533166 0.33356954357574875 
0.059314879172090225 0.07865437975468818 0.06035465750094741 0.045035657345906116 0.022766263675598634 0.11443917947055368 0.4290762338438473 0.022766263675598634 0.02276626367559863 0.14482622188518895 
0.09512911752340404 0.06573836898316843 0.038800424634623416 0.031311367633605446 0.04515680196096062 0.08521673082450344 0.3717283788045187 0.03131136763360514 0.03131136763360516 0.20429607436798525 
