0.5646635130809033 0.03349456215113454 0.03349456215113428 0.03349456215113457 0.033494562151134506 0.03349456215113456 0.16737998971003765 0.033494562151134576 0.03349456215113456 0.03349456215113456 
0.20800707326326903 0.022508665878722443 0.022508665878722314 0.022508665878722457 0.022508665878722273 0.02250866587872245 0.600289354956676 0.022508665878722436 0.03414291062904144 0.022508665878722495 
0.4900666617104858 0.02485069581198715 0.036474968303078587 0.02485069581198713 0.02485069581198695 0.024850695811987143 0.29950349930249376 0.024850695811987143 0.02485069581198717 0.02485069581198714 
0.15591479968544403 0.0289205866758325 0.04386786495829955 0.02892058667583252 0.028920586675832447 0.028920586675832523 0.5977732286254313 0.028920586675832534 0.0289205866758325 0.02892058667583252 
0.5535560467947961 0.02001754865498349 0.029372437679675956 0.020017548654983546 0.02001754865498124 0.028175039875839893 0.26879118371973876 0.020017548654983505 0.02001754865498357 0.020017548654983477 
0.3283908908639407 0.02987303365376997 0.047917311388540364 0.02987303365376997 0.029873033653770347 0.029873033653769938 0.4145805621711242 0.02987303365376997 0.02987303365376999 0.02987303365376998 
0.7595810682464292 0.025278033519210676 0.025278033519211075 0.025278033519210766 0.03819466359985321 0.02527803351921068 0.02527803351921066 0.025278033519210662 0.025278033519210683 0.025278033519210815 
0.5064111364055821 0.027121753209919396 0.264800311942354 0.0271217532099194 0.027121753209918064 0.027121753209919386 0.03893627918260602 0.027121753209919386 0.027121753209919396 0.027121753209918845 
0.555791432019808 0.010795713318620885 0.02142638718274201 0.015955391200778546 0.010795713318620991 0.01079571331862094 0.16211671308802514 0.01079571331862093 0.1907315099155221 0.010795713318620866 
0.2311606778456677 0.03495974832821372 0.023418924514669148 0.023418924514669173 0.023418924514667996 0.02341892451466915 0.5699471022233998 0.023418924514669166 0.02341892451466917 0.02341892451466915 
0.07118690802569845 0.01796423004237342 0.037185444752355856 0.017964230042373398 0.05483137341173421 0.017964230042373408 0.7290108935559741 0.01796423004237343 0.017964230042373328 0.0179642300423734 
0.3671984998987367 0.03617776367884536 0.05336943529033266 0.03617776367884544 0.2610143393292124 0.03617776367884535 0.07664549976041977 0.036177763678845336 0.060883407327070975 0.03617776367884532 
0.4457432532822278 0.03783043080704449 0.15080704504242576 0.03783043080704442 0.03783043080704444 0.03783043080704447 0.10522454091861812 0.037830430807044464 0.07124257591451072 0.037830430807044534 
0.22205415921870159 0.011697032473394701 0.011697032473394526 0.011697032473394719 0.011697032473394408 0.011697032473394578 0.6843695809941266 0.011697032473394582 0.011697032473394622 0.011697032473394599 
0.22848609522487942 0.013004206045979455 0.01300420604597985 0.013004206045979447 0.5753500190015539 0.013004206045979455 0.1051344434516857 0.013004206045979452 0.013004206045979452 0.013004206045979455 
0.32771130003826465 0.06386246943250566 0.09565001600078533 0.06386246943250566 0.06386246943250547 0.06386246943250566 0.12960139793339787 0.06386246943250566 0.06386246943250565 0.06386246943250566 
0.6413364363099706 0.029704221441206033 0.046548101118538576 0.029704221441206078 0.029704221441205866 0.02970422144120602 0.08829744386001542 0.02970422144120595 0.045592690064190075 0.02970422144120602 
0.7191275166041837 0.02157584948999506 0.021575849489995014 0.034857938379485635 0.04450600568623954 0.021575849489995046 0.04800259338692134 0.021575849489995042 0.045626698493222734 0.02157584948999503 
0.7875851543170861 0.026324408412109826 0.029405670311016523 0.01813966369553913 0.01813966369553621 0.01813966369553918 0.03932665807810058 0.018139663695539175 0.01813966369553918 0.02665979040396347 
0.4442179618608116 0.02177686916463507 0.3815670848220858 0.0217768691646351 0.021776869164637152 0.02177686916463507 0.021776869164635178 0.021776869164634952 0.0217768691646351 0.021776869164635084 
0.07890852117846861 0.014602225262566403 0.736582057618167 0.014602225262566453 0.014602225262566252 0.014602225262566437 0.0822938443653938 0.014602225262566442 0.014602225262566448 0.014602225262566557 
0.8761567810079657 0.01137558002718203 0.026595229731241194 0.011375580027182074 0.017618929070524265 0.011375580027182027 0.01137558002718214 0.011375580027182095 0.011375580027182032 0.011375580027181979 
0.13716142360820066 0.059541714973236994 0.09257673405925496 0.059541714973237035 0.05954171497323697 0.059541714973236994 0.3534698375198812 0.059541714973236994 0.059541714973236994 0.05954171497323692 
0.7029852448164118 0.01757945476754097 0.017579454767540977 0.017579454767540782 0.01757945476754094 0.017579454767540983 0.14703164453741288 0.026926927273302224 0.017579454767540987 0.01757945476754094 
0.6382128184987754 0.02082234461758517 0.04321737004880556 0.020822344617585274 0.033763234008315726 0.020822344617585177 0.1598725097385904 0.020822344617585184 0.020822344617585174 0.02082234461758523 
0.5948205887389495 0.03042283115837524 0.030422831158375345 0.030422831158375338 0.030422831158375095 0.03042283115837531 0.16179676199407142 0.030422831158375335 0.030422831158375317 0.03042283115837528 
0.4260850049180052 0.02390067253704754 0.04338072781824193 0.02390067253704757 0.04147092065036321 0.02390067253704754 0.3324609891933938 0.02390067253704754 0.03709899473471612 0.02390067253704751 
0.2983606713555439 0.03676477295383232 0.2089766903162962 0.036764772953832285 0.10083017608334154 0.03676477295383232 0.17124382452181872 0.03676477295383232 0.036764772953832354 0.03676477295383241 
0.5737690094880509 0.014571522405996122 0.07577845520121952 0.0145715224059962 0.022968176474070318 0.014571522405996113 0.24005522440066 0.01457152240599618 0.014571522405996106 0.014571522405996165 
0.7545590002306044 0.023413724770363166 0.02341372477036337 0.02341372477036316 0.023413724770364446 0.02341372477036315 0.05813120160654985 0.023413724770363145 0.023413724770363367 0.023413724770363162 
0.15893786945398997 0.036925770937808924 0.058603643830929274 0.03692577093780904 0.036925770937808904 0.03692577093780894 0.5239780901503954 0.03692577093780891 0.036925770937808924 0.03692577093780892 
0.47736674381839483 0.04895716739465391 0.04895716739465381 0.048957167394653854 0.04895716739465364 0.048957167394653896 0.13097591702433162 0.048957167394653896 0.048957167394653896 0.048957167394653896 
0.6878926016532613 0.02665130893641602 0.026651308936416516 0.026651308936415968 0.026651308936416217 0.026651308936416013 0.09889692685546488 0.026651308936415992 0.026651308936415864 0.026651308936416086 
0.3591954938549806 0.01832494788432417 0.46547455189014353 0.018324947884324098 0.01832494788432412 0.018324947884324184 0.047055319064640645 0.018324947884324184 0.018324947884324143 0.01832494788432415 
0.5622231051267812 0.03710179590393641 0.03710179590393658 0.037101795903936495 0.037101795903936814 0.037101795903936495 0.14096252764167128 0.0371017959039365 0.03710179590393651 0.037101795903936516 
0.310853219203743 0.025870943554912047 0.03912295363353246 0.05063124278211846 0.02587094355491176 0.025870943554912 0.444166923051116 0.025870943554911974 0.02587094355491204 0.025870943554911985 
0.3890283162812534 0.015306800868481414 0.023533737315238733 0.015306800868481303 0.015306800868481912 0.015306800868481433 0.4622256209284135 0.015306800868481447 0.015306800868481456 0.0333715202642066 
0.646176432117421 0.009482748545667833 0.055001838859568206 0.00948274854566788 0.009482748545669531 0.009482748545667882 0.22716904646254435 0.009482748545667876 0.014756191286432194 0.009482748545667762 
0.37734258811978644 0.03277472874060689 0.032774728740606926 0.03277472874060689 0.051290439098063925 0.03277472874060692 0.34194387159788586 0.03277472874060691 0.03277472874060691 0.03277472874060693 
0.34127965367942864 0.04005493274388419 0.040054932743884136 0.06340662261210021 0.08352320547710344 0.0400549327438842 0.2714609217680415 0.0400549327438842 0.0400549327438842 0.0400549327438842 
0.45727878014187184 0.033597974495056734 0.1259373506316753 0.03359797449505667 0.03359797449505678 0.03359797449505676 0.18159804776105787 0.033597974495056734 0.03359797449505672 0.03359797449505672 
0.44243894584711135 0.022379984014763075 0.07007008509473851 0.02237998401476296 0.022379984014763002 0.02237998401476303 0.3216465843938675 0.02237998401476305 0.0315644805757033 0.022379984014763037 
0.15139291452202647 0.03273829881055028 0.03273829881055038 0.03273829881055027 0.049355280705028724 0.032738298810550306 0.5700837130990657 0.03273829881055028 0.032738298810550265 0.03273829881055027 
0.09276156489512864 0.01946879978535385 0.0194687997853538 0.01946879978535388 0.01946879978535426 0.019468799785353808 0.7514880368221939 0.019468799785353895 0.01946879978535387 0.019468799785353864 
0.0011490312934642455 1.8813639175848548E-4 3.1055759211210993E-4 1.8813639175848548E-4 1.8813639175848453E-4 0.9971224046898721 2.8918807400066173E-4 1.8813639175848553E-4 1.88136391758551E-4 1.8813639175848548E-4 
0.7910086018441346 0.01698838002236487 0.016988380022364753 0.016988380022365208 0.01698838002236552 0.016988380022364892 0.0627998288180151 0.016988380022364885 0.02727290918133777 0.01698838002236486 
0.19630799213429637 0.026742994227468484 0.04023619397476507 0.026742994227468616 0.026742994227468474 0.026742994227468474 0.5762548542985821 0.02674299422746847 0.026742994227468474 0.02674299422746861 
0.06221291745960001 0.026545568942435194 0.09210912721215388 0.02654556894243518 0.026545568942435118 0.02654556894243519 0.6598589727312606 0.02654556894243522 0.02654556894243519 0.026545568942435257 
0.5746255019093733 0.030937154563711027 0.12338191483243532 0.03093715456371097 0.03093715456371086 0.030937154563711017 0.08543250131225465 0.030937154563711006 0.030937154563711017 0.030937154563711027 
0.16813340885112574 0.011304985044147791 0.3434653400240184 0.01130498504414758 0.01130498504414776 0.011304985044147791 0.4092663558158081 0.011304985044147774 0.011304985044147769 0.01130498504414778 
0.2630591826089018 0.03130814675130907 0.04710469796168829 0.03130814675130904 0.031308146751308996 0.03130814675130904 0.4557345845663176 0.03130814675130907 0.04625265435522414 0.03130814675130907 
0.048126221281886865 0.030657729861452775 0.03065772986145281 0.03065772986145286 0.03065772986145284 0.0306577298614528 0.7066119398264898 0.030657729861452782 0.0306577298614528 0.03065772986145279 
0.5879742885452194 0.02902256933228345 0.1056551905489105 0.029022569332283494 0.04124591148517522 0.02902256933228345 0.09098919342699549 0.02902256933228347 0.029022569332283442 0.029022569332283473 
0.5532706212877565 0.0321200814104229 0.06308556915936514 0.0407200367584194 0.0321200814104228 0.03212008141042289 0.15020328433192387 0.032120081410422864 0.03212008141042288 0.032120081410422906 
0.6313529359023187 0.026920426196919887 0.026920426196919957 0.02692042619691989 0.026920426196919332 0.02692042619691993 0.138809750445005 0.026920426196919905 0.04139433027428529 0.026920426196919978 
0.3919838266625578 0.022436803846834635 0.046751388451637454 0.02243680384683461 0.022436803846840037 0.022436803846834625 0.39310637239852403 0.022436803846834635 0.03353758940629156 0.022436803846834604 
0.47217538715595014 0.02246543314293413 0.12744372105530222 0.022465433142934137 0.022465433142934234 0.022465433142934123 0.24312285978818768 0.022465433142934112 0.022465433142934137 0.02246543314293405 
0.16922130317357834 0.027726164709959054 0.04234575699538891 0.02772616470995906 0.027726164709958867 0.02772616470995904 0.5943497868612588 0.02772616470995905 0.02772616470995902 0.027726164709959054 
0.5885554484524094 0.018988063971057585 0.19080966767556326 0.0189880639710576 0.018988063971051596 0.018988063971057546 0.08771843607460919 0.01898806397105758 0.018988063971057578 0.018988063971057352 
0.188609104407625 0.011542750903335374 0.03447022084141529 0.01648085245137499 0.583938947374237 0.011542750903335374 0.11878712040866549 0.011542750903335385 0.011542750903335383 0.01154275090333538 
0.8331390853826477 0.011315397411054348 0.02348294324095613 0.01925341391532185 0.011315397411054412 0.020368070312653 0.04717950009312862 0.0113153974110544 0.011315397411054305 0.011315397411054461 
0.02262077444351412 0.03435179166316322 0.3576441636192604 0.03621731198039086 0.022620774443514485 0.02262077444351458 0.43606208607610886 0.022620774443514558 0.02262077444351457 0.02262077444351456 
0.41367994666812774 0.02092933870410702 0.034061011311985856 0.02092933870410709 0.020929338704107105 0.020929338704107077 0.3943323622171284 0.020929338704107046 0.020929338704107063 0.03235064757805403 
0.01133585260983428 0.0036635628220611097 0.5054735165965335 0.003663562822061111 0.4575456910392051 0.003663562822061101 0.0036635628220611205 0.0036635628220611114 0.0036635628220611292 0.0036635628220611097 
0.2153039496528567 0.0182497958146232 0.5271457866252428 0.018249795814623195 0.018249795814623153 0.01824979581462322 0.1298016930195285 0.018249795814623215 0.018249795814623215 0.018249795814623212 
0.3652230571969857 0.010750204019827882 0.293862558028412 0.01075020401982785 0.016944872071709662 0.010750204019827866 0.25946828858391746 0.010750204019827857 0.0107502040198279 0.01075020401982771 
0.7124578416208024 0.017759133684859853 0.02515514189829312 0.017759133684859676 0.017759133684859835 0.017759133684859863 0.13807308068698665 0.01775913368485984 0.017759133684859863 0.01775913368485986 
0.4910966245509559 0.03886547048091787 0.1651209962177521 0.03886547048091788 0.03886547048091816 0.03886547048091786 0.05565349084048454 0.038865470480917846 0.05493606550530204 0.03886547048091788 
0.5503632864489514 0.008342499264304158 0.059434856047772565 0.008342499264304217 0.008342499264302337 0.008342499264304134 0.3228186371759474 0.008342499264304078 0.011997117074462518 0.013673606931342706 
0.250619186343534 0.023810767454913097 0.20213302098886707 0.023810767454913218 0.023810767454913062 0.02381076745491318 0.380572420483199 0.02381076745491314 0.02381076745491313 0.02381076745491313 
0.07096994029686403 0.0033024360707191026 0.8994551931989454 0.0033024360707191018 0.003302436070719097 0.0033024360707191065 0.006457814009156397 0.003302436070719112 0.003302436070719055 0.003302436070719225 
0.3585125339364394 0.026093294133709956 0.13043746805364367 0.026093294133709928 0.026093294133708946 0.026093294133709963 0.328396939073952 0.026093294133709994 0.02609329413371001 0.026093294133709994 
0.08797889156405155 0.0351780982951374 0.07322947377985281 0.035178098295137336 0.03517809829513739 0.03517809829513738 0.5925449465900808 0.03517809829513738 0.03517809829513738 0.0351780982951374 
0.19927742735948467 0.010630383668950095 0.5867446198412757 0.010630383668950093 0.01063038366895002 0.010630383668950099 0.13956526711662162 0.010630383668950104 0.010630383668950097 0.010630383668950114 
0.1675472984085109 0.025023323531960996 0.025023323531960833 0.025023323531961017 0.025023323531961076 0.025023323531960993 0.6322661133357802 0.025023323531961 0.025023323531961007 0.025023323531961 
0.3133848197694401 0.023827177831386583 0.02382717783138662 0.036264407656002286 0.023827177831386204 0.023827177831386586 0.4835605277548526 0.023827177831386586 0.023827177831386583 0.023827177831386787 
0.37516626100804407 0.015427228418771552 0.04540875013292415 0.015427228418771548 0.015427228418771354 0.015427228418771546 0.4714343899276131 0.015427228418771536 0.015427228418771562 0.01542722841877157 
0.15653791419139648 0.03313158746592364 0.06503050539485893 0.03313158746592355 0.04965714666291601 0.03313158746592362 0.5134936600446383 0.033131587465923644 0.04962283637647735 0.033131587465923616 
0.19267760653575997 0.021598376679822374 0.057096773073861365 0.021598376679822395 0.021598376679822555 0.021598376679822406 0.5990369836316269 0.02159837667982239 0.02159837667982233 0.02159837667982225 
0.602666803322097 0.02820758644902275 0.0408666551348695 0.02820758644902275 0.02820758644902275 0.02820758644902276 0.1464232092697564 0.028207586449022718 0.028207586449022763 0.04079781357913814 
0.6579855374434317 0.00849568198120625 0.05324639751525285 0.008495681981206007 0.013136314972577575 0.008495681981206255 0.22465765818147632 0.008495681981206229 0.00849568198120619 0.008495681981206395 
0.1332034814744047 0.013784232389925247 0.1550882577907289 0.013784232389925244 0.013784232389925185 0.013784232389925254 0.615218634005388 0.013784232389925249 0.013784232389925261 0.013784232389925297 
0.5408779531978213 0.012739790732377047 0.012739790732376837 0.012739790732377052 0.08732506035226278 0.012739790732377071 0.27031480949014874 0.012739790732377004 0.018149458508666973 0.01963376478920769 
0.37787057709938643 0.026187512877967403 0.03584556400736198 0.02618751287796745 0.02618751287796748 0.026187512877967438 0.40297126874745093 0.02618751287796742 0.02618751287796741 0.026187512877967344 
0.5666069450128306 0.010590332112392152 0.010590332112392213 0.010590332112392168 0.010590332112392244 0.01059033211239215 0.34867039808801464 0.010590332112392162 0.010590332112392164 0.010590332112391956 
0.5193448889699206 0.03445029120234135 0.08109257304547485 0.034450291202341284 0.034450291202341575 0.03445029120234136 0.1584104995682191 0.03445029120234135 0.03445029120234136 0.03445029120234135 
0.7696918433005487 0.02100687709408904 0.031759852861326064 0.021006877094089042 0.021006877094088744 0.021006877094089004 0.051500164179491555 0.021006877094089042 0.021006877094089032 0.02100687709408902 
0.3995242401546089 0.00914225370312208 0.47599767539284077 0.009142253703121758 0.022950812379321076 0.009142253703121847 0.04667374985448753 0.0091422537031218 0.00914225370312183 0.009142253703121843 
0.693435012135719 0.02495357115732105 0.024953571157320987 0.02495357115732096 0.024953571157321032 0.02495357115732097 0.10693641860576449 0.02495357115732097 0.024953571157320987 0.024953571157321015 
0.13916208530163648 0.022371248637216026 0.13356175599547712 0.022371248637216064 0.022371248637216016 0.022371248637216016 0.5512704709183496 0.022371248637215995 0.03155216029635311 0.03259728430206622 
0.40770252555666914 0.03060524653889546 0.13525952865028482 0.03060524653889546 0.03060524653889473 0.030605246538895476 0.24280122002076554 0.030605246538895448 0.03060524653889546 0.03060524653889546 
0.1780238612294445 0.028721246201225174 0.021505766376865344 0.021505766376865288 0.02150576637686553 0.02150576637686534 0.6427145279312956 0.021505766376865347 0.02150576637686531 0.021505766376865368 
0.8488141196577124 0.015911338264395846 0.015911338264396262 0.015911338264395905 0.02389517422709011 0.015911338264395877 0.01591133826439598 0.01591133826439592 0.01591133826439583 0.01591133826439592 
0.8576310503186875 0.008012099146695708 0.008012099146695735 0.00801209914669571 0.008012099146695126 0.008012099146695687 0.07827215650774638 0.00801209914669572 0.008012099146695689 0.008012099146695886 
0.7242894562004497 0.013386977489726204 0.03517711378901465 0.013386977489726228 0.013386977489725917 0.013386977489726148 0.14682458758240433 0.013386977489726174 0.013386977489726063 0.013386977489726228 
0.7749414295044047 0.007845855859415942 0.015248324230710946 0.007845855859415813 0.01240077155597958 0.007845855859415935 0.1457901187548002 0.007845855859415865 0.007845855859416006 0.012390076657070833 
0.5256612585528976 0.013195372046090092 0.04368969471889541 0.013195372046090134 0.013195372046089152 0.013195372046090094 0.33828144240557206 0.013195372046090127 0.013195372046090129 0.01319537204609018 
0.2082537072900476 0.01993574047717707 0.20041420146349953 0.01993574047717709 0.019935740477177336 0.019935740477177073 0.45178190790618883 0.01993574047717708 0.019935740477177055 0.019935740477177066 
0.033424911795710124 0.03342491179571081 0.16623213745161552 0.03342491179571079 0.03342491179571077 0.03342491179571081 0.5663685681827428 0.03342491179571079 0.03342491179571075 0.033424911795710804 
0.6828186069026795 0.020627676729256667 0.0403906742831182 0.020627676729256667 0.020627676729256077 0.020627676729256684 0.13239698170937225 0.020627676729256687 0.02062767672925669 0.02062767672925669 
0.13699459512928336 0.0515008448199173 0.10406237580489884 0.05150084481991732 0.05150084481991726 0.05150084481991727 0.3854552199784874 0.051500844819917284 0.06448274016784404 0.0515008448199173 
0.2490065902113105 0.05219938102762841 0.05219938102762837 0.0521993810276284 0.05219938102763173 0.05219938102762841 0.3048678915154657 0.0521993810276284 0.0521993810276284 0.08072985107984965 
0.34905769502012834 0.01905695558209237 0.2097320241781556 0.01905695558209235 0.027357734964248898 0.019056955582092378 0.2995108123448892 0.019056955582092427 0.019056955582092444 0.019056955582092392 
0.5972511869594704 0.028770108160849475 0.04534519698548082 0.028770108160849486 0.028770108160847203 0.028770108160849486 0.06398324734084763 0.028770108160849475 0.028770108160849486 0.12079971974907318 
0.5456678254948418 0.029787864720293922 0.029787864720293884 0.029787864720293888 0.029787864720293978 0.029787864720293915 0.21602925674283327 0.029787864720293915 0.029787864720293915 0.029787864720293895 
0.30132721911256266 0.029378487635922382 0.04343303882186282 0.04519430157756365 0.029378487635923167 0.029378487635922403 0.43377451467248535 0.029378487635922393 0.029378487635922403 0.02937848763592236 
0.14412631446185295 0.019171304964945995 0.5148056609400421 0.01917130496494587 0.01917130496494571 0.019171304964945925 0.20686888984343982 0.01917130496494596 0.01917130496494594 0.01917130496494592 
0.22568908554199163 0.01465153293593026 0.014651532935930254 0.014651532935930214 0.014651532935930151 0.014651532935930233 0.6525631787036114 0.014651532935930217 0.01918700520286546 0.01465153293593023 
0.31670812413601096 0.022398447248338716 0.18538969293976496 0.02239844724833861 0.02239844724833876 0.022398447248338598 0.34111305218582216 0.022398447248338685 0.022398447248338674 0.022398447248338702 
0.8100676112487896 0.01706687740898622 0.017066877408989052 0.017066877408986266 0.0170668774089864 0.017066877408986252 0.04419890447424519 0.017066877408986252 0.01706687740898621 0.026265342414045052 
0.09675347993593165 0.0069476759967091435 0.0069476759967090325 0.006947675996709126 0.006947675996709177 0.006947675996709146 0.8476651120903993 0.006947675996709151 0.0069476759967088365 0.006947675996708713 
0.427324508936227 0.07286351601059875 0.040304090091485716 0.040304090091484446 0.04030409009148442 0.040304090091484474 0.21768334441278056 0.04030409009148447 0.04030409009148446 0.04030409009148448 
0.8024828871900699 0.012820121967250733 0.033565419213121825 0.012820121967250568 0.019453870575368095 0.01282012196725059 0.06757709121794035 0.01282012196725072 0.012820121967250735 0.012820121967250698 
0.5442885829906333 0.02125007228238327 0.1184058886288609 0.021250072282383316 0.035306745390939934 0.02125007228238327 0.174498349295216 0.02125007228238325 0.02125007228238333 0.02125007228238331 
0.5254583197981427 0.027715104812549105 0.11984700093886169 0.027715104812548994 0.06002983690103434 0.02771510481254912 0.11600380153540191 0.02771510481254909 0.02771510481254912 0.040085516763800455 
0.4487654786305311 0.029676155127433594 0.029676155127433677 0.029676155127433698 0.029676155127433487 0.029676155127433594 0.3138252803499936 0.029676155127433598 0.029676155127433605 0.029676155127433698 
0.2008182835810778 0.027286093270110185 0.3737646511600719 0.02728609327011017 0.05756032896325161 0.02728609327011015 0.20414017667493226 0.027286093270110123 0.027286093270110116 0.027286093270110164 
0.40839445278705433 0.055780174815134496 0.08268480278157375 0.03239786415775762 0.05071224901029887 0.03239786415775773 0.24043899981711553 0.03239786415775773 0.032397864157757715 0.032397864157757764 
0.7437003796107376 0.020568350111710463 0.020568350111710414 0.020568350111710435 0.020568350111709505 0.020568350111710446 0.09175281949563946 0.020568350111710442 0.020568350111710463 0.020568350111710453 
0.6892031947572711 0.028914918824993238 0.037583104597938385 0.028914918824993252 0.02891491882499262 0.028914918824993238 0.07080926886983739 0.02891491882499322 0.02891491882499326 0.028914918824993252 
0.48922470837698656 0.014894090522493391 0.014894090522493466 0.014894090522493346 0.01489409052249341 0.014894090522493417 0.39162256744298596 0.014894090522493391 0.014894090522493367 0.01489409052249344 
0.5153575280662089 0.021662439896967246 0.037303388005647815 0.021662439896967225 0.021662439896966625 0.021662439896967214 0.2957020046493687 0.021662439896967207 0.02166243989696726 0.021662439896967246 
0.2632476739578746 0.03211133566435898 0.3363968113670152 0.032111335664359 0.049340585305104864 0.03211133566435898 0.1583469153838403 0.032111335664358996 0.032111335664358996 0.03211133566435897 
0.6102495958634175 0.019416147604262437 0.03081471205260266 0.019416147604262485 0.01941614760426246 0.01941614760426243 0.17150912843210456 0.01941614760426245 0.07092967802634503 0.01941614760426245 
0.2863551111563647 0.019156552189180658 0.032628304090981886 0.019156552189180706 0.01915655218918148 0.019156552189180675 0.546920719428384 0.019156552189180685 0.01915655218918069 0.01915655218918064 
0.3114198487757049 0.02677969653535413 0.5439465680664771 0.010417378697263818 0.010417378697263729 0.01041737869726369 0.0553496144388872 0.010417378697263655 0.010417378697263748 0.010417378697263708 
0.49193836972252003 0.013700790657401762 0.08609139272584332 0.013700790657401719 0.021868262834441782 0.013700790657401738 0.3178972307727634 0.01370079065740175 0.013700790657401797 0.013700790657401714 
0.05113675752612802 0.006492303689271767 0.896924812959694 0.006492303689271778 0.006492303689271797 0.0064923036892717955 0.006492303689271781 0.006492303689271736 0.006492303689271774 0.006492303689271778 
0.7283470089550542 0.01947316474566318 0.055298626940154146 0.019473164745663196 0.02988892178494866 0.01947316474566316 0.069626453845806 0.01947316474566316 0.019473164745663178 0.019473164745663248 
0.10238845992429055 0.029384713179290617 0.2057250510806374 0.029384713179290617 0.04413999852505146 0.029384713179290603 0.47143821139427766 0.029384713179290617 0.029384713179290613 0.029384713179290627 
0.09520070277994279 0.060907316822622355 0.398354133432467 0.02564979192905936 0.025649791929059584 0.02564979192905954 0.2916390953906071 0.02564979192905954 0.02564979192905954 0.025649791929059546 
0.6699258120585317 0.024641015094586306 0.05476120944492654 0.024641015094586414 0.039701112269757394 0.03674241715435663 0.0756643735994911 0.02464101509458634 0.02464101509458636 0.024641015094586348 
0.18484790951435334 0.03636093009353379 0.14876305396299982 0.036360930093533785 0.036360930093534555 0.0363609300935338 0.41186252586790373 0.03636093009353381 0.036360930093533785 0.03636093009353378 
0.5460391894763081 0.039241230963924595 0.07722766253340663 0.03924123096392459 0.06046965611081968 0.039241230963924616 0.08081610609589944 0.03924123096392461 0.039241230963924595 0.03924123096392457 
0.48576086235209354 0.03910230817199069 0.07326030880036999 0.03910230817199066 0.06269747808143124 0.03910230817199069 0.14366750173417145 0.03910230817199069 0.0391023081719907 0.039102308171990736 
0.6194339094726099 0.021475915189360116 0.08594062613082828 0.021475915189360047 0.021475915189359825 0.02147591518936014 0.14429405807107232 0.021475915189360144 0.021475915189360144 0.021475915189360126 
0.8035196995305913 0.015844776701873377 0.06284328975547122 0.015844776701873325 0.01584477670187109 0.015844776701873346 0.022723573800787756 0.01584477670187335 0.015844776701873352 0.015844776701873366 
0.4818082774938868 0.014598275745162467 0.014598275745162467 0.01459827574516254 0.030811067141983433 0.014598275745162436 0.3851927251480256 0.014598275745162445 0.014598275745162509 0.014598275745162597 
0.010182533474826104 0.006141160343553178 0.01830642278732362 0.00614116034355287 0.006141160343552425 0.006141160343553135 0.9285229213329806 0.006141160343553132 0.006141160343553056 0.006141160343553192 
0.7202344043399689 0.018579489312529406 0.050799454730690044 0.018579489312529316 0.018579489312527078 0.018579489312529424 0.09890971574155921 0.018579489312529358 0.01857948931252939 0.018579489312529427 
0.6720687362185003 0.03209767322601466 0.03209767322601605 0.03209767322601463 0.0320976732260144 0.03209767322601465 0.07114987797338286 0.03209767322601467 0.032097673226014645 0.03209767322601468 
0.15900487356053924 0.03457699399560411 0.07039419370659322 0.03457699399560411 0.034576993995604155 0.03457699399560414 0.5098305968359104 0.03457699399560411 0.05330837192335448 0.03457699399560413 
0.6834194432495764 0.01994970683841625 0.030161539527118312 0.019949706838416188 0.0199497068384161 0.019949706838416296 0.1467710693543916 0.019949706838416275 0.01994970683841626 0.019949706838416105 
0.4116103057595389 0.051939969532050656 0.07985611164810423 0.051939969532050656 0.05193996953205066 0.05193996953205068 0.10232262408273421 0.05193996953205068 0.09457114131731903 0.051939969532050656 
0.17967843195294658 0.03571065872300878 0.15793311654128322 0.03571065872300879 0.03571065872300885 0.03571065872300878 0.36844806879614894 0.03571065872300878 0.07967643037155381 0.03571065872300876 
0.11070806814455368 0.03451795006558223 0.034517950065582025 0.034517950065582226 0.034517950065582274 0.034517950065582226 0.5737620087213509 0.03451795006558223 0.07390427267497794 0.034517950065582226 
0.5202902505470842 0.01619935448842268 0.33479844394046454 0.023069511880614766 0.016199354488422572 0.0161993544884227 0.024645666701304293 0.016199354488422704 0.01619935448842269 0.0161993544884227 
0.11201164783556782 0.009983064947065147 0.016245324921374784 0.006701176227530108 0.006701176227529892 0.006701176227530108 0.8215529049308116 0.006701176227530111 0.006701176227530105 0.0067011762275299026 
0.5067941386483815 0.027117551088976653 0.02711755108897669 0.027117551088976715 0.027117551088981173 0.02711755108897668 0.2762654526398496 0.027117551088976694 0.027117551088976677 0.027117551088976666 
0.19717613968744457 0.032147011530254836 0.03214701153025475 0.04801825601764124 0.23285927517255858 0.032147011530254795 0.32906425994082367 0.03214701153025482 0.03214701153025481 0.032147011530255176 
0.7107852262064317 0.027633085217896865 0.041658813292880924 0.02763308521789686 0.04177069657597804 0.02763308521789686 0.039986752617319946 0.027633085217896855 0.02763308521789685 0.02763308521789683 
0.33259284479319223 0.025341006227938 0.11173631837769775 0.025341006227937956 0.025341006227937873 0.025341006227937998 0.37828379323352657 0.025341006227937987 0.025341006227937987 0.02534100622793796 
0.14879541979583036 0.030191901621987528 0.05768009578969275 0.03019190162198748 0.030191901621987507 0.030191901621987528 0.5821811730605265 0.030191901621987517 0.030191901621987524 0.030191901621987507 
0.17492288556409488 0.020350254623431676 0.02035025462343172 0.02035025462343177 0.030996649387382322 0.020350254623431707 0.6516286826845586 0.020350254623431673 0.020350254623431697 0.02035025462343165 
0.2517582650622427 0.010491017792780674 0.01049101779278067 0.010491017792780716 0.010491017792781204 0.010491017792780694 0.6643135925955118 0.010491017792780678 0.010491017792780707 0.010491017792780732 
0.6058990975778603 0.006042856573742068 0.015185743145839061 0.006042856573743057 0.2879262850904821 0.006042856573742086 0.04755097653471612 0.006042856573742056 0.009029462695436443 0.010237008660725709 
0.09486471582106253 0.02237621996887365 0.022376219968873373 0.022376219968873526 0.022376219968875056 0.022376219968873613 0.7261255244279454 0.022376219968873595 0.02237621996887359 0.022376219968873613 
0.43027306799550663 0.03257334160824171 0.06734473544494905 0.03257334160824161 0.03257334160824182 0.03257334160824171 0.2743688053018785 0.03257334160824171 0.032573341608241727 0.032573341608241685 
0.511554952800334 0.014621887074314856 0.046825709120313655 0.014621887074314777 0.03147323920687279 0.01462188707431485 0.32241477642650357 0.014621887074314844 0.014621887074314846 0.014621887074314683 
0.3847636936649264 0.017615387024500634 0.3502250598661016 0.017615387024500606 0.017615387024500634 0.01761538702450062 0.13315529208879237 0.01761538702450061 0.026163632233184693 0.017615387024500617 
0.772274291886215 0.021242167655293253 0.021242167655293253 0.02124216765529311 0.02124216765529385 0.021242167655293336 0.057788366871445854 0.021242167655293253 0.021242167655293253 0.02124216765529344 
0.5898704398727166 0.017209331864048997 0.22652898780069392 0.017209331864048827 0.0172093318640489 0.017209331864048997 0.06313524927821915 0.01720933186404895 0.017209331864048962 0.01720933186404892 
0.5445404497401553 0.048122397787697835 0.04812239778769784 0.0704803679582619 0.04812239778769878 0.04812239778769784 0.048122397787697856 0.04812239778769783 0.048122397787697876 0.04812239778769784 
0.6349652830114819 0.017395858726477146 0.02741799357421862 0.028742824722446193 0.017395858726478287 0.017395858726477125 0.18237480952615123 0.017395858726477136 0.03951979553332183 0.017395858726477136 
0.6560131823507017 0.022480270574026854 0.08183702920153614 0.022480270574026805 0.03880023608625832 0.022480270574026857 0.08846792891733754 0.022480270574026864 0.022480270574026837 0.022480270574027024 
0.7823114210888062 0.019452539550692257 0.019452539550692163 0.019452539550692125 0.019452539550690165 0.01945253955069225 0.06206826250566128 0.019452539550692222 0.01945253955069232 0.01945253955069223 
0.2657653756472367 0.04944342704572213 0.04944342704572211 0.04944342704572213 0.0812078719095754 0.04944342704572213 0.30692276312315364 0.04944342704572213 0.04944342704572212 0.04944342704572213 
0.8085849279759226 0.014827214097740654 0.05193807316599006 0.014827214097740739 0.01482721409774043 0.014827214097740678 0.03568650017390385 0.014827214097740647 0.014827214097740673 0.014827214097740647 
0.26824871760391095 0.014525273209876541 0.036212574648349496 0.014525273209876661 0.014525273209880115 0.014525273209876536 0.5938617952785721 0.01452527320987655 0.014525273209876484 0.014525273209876465 
0.35477495015252497 0.023272915691937686 0.1412438824192776 0.023272915691937793 0.034849171066714084 0.023272915691937728 0.3294945022098631 0.023272915691937682 0.023272915691937703 0.023272915691937686 
0.651053594828952 0.017731835436285544 0.058919027506663925 0.017731835436285506 0.025862320370072907 0.0177318354362856 0.157774044676596 0.017731835436285585 0.01773183543628566 0.017731835436285658 
0.08809935785614917 0.03540275779912762 0.09105759500691765 0.03540275779912763 0.03540275779912737 0.03540275779912762 0.5730237425430813 0.03540275779912763 0.03540275779912763 0.03540275779912757 
0.1230812418495277 0.03424705343294931 0.0890843139328756 0.03424705343294926 0.03424705343294929 0.0342470534329493 0.5481050701870425 0.034247053432949294 0.03424705343294927 0.03424705343294932 
0.209892354591514 0.009588622596389072 0.009588622596389092 0.009588622596389056 0.009588622596388674 0.009588622596389058 0.7133986646373054 0.009588622596389068 0.009588622596389056 0.009588622596389047 
0.5277538450322103 0.044699646016581135 0.04469964601658131 0.04469964601658115 0.04469964601658124 0.044699646016581156 0.11464898683514149 0.04469964601658112 0.044699646016581135 0.04469964601658112 
0.03793047775448484 0.0379304777544846 0.3765101022697077 0.03793047775448462 0.037930477754484306 0.037930477754484604 0.3200460756944187 0.03793047775448462 0.037930477754484604 0.03793047775448462 
0.35035989081063534 0.014440315543670226 0.02272950893234812 0.014440315543670262 0.01444031554367017 0.014440315543670234 0.5258283914512827 0.014440315543670246 0.014440315543670226 0.014440315543670293 
0.7888839527406736 0.012434227669503195 0.018253264419174582 0.012434227669503183 0.0184279490604608 0.012434227669503204 0.09982946776263459 0.012434227669503204 0.012434227669503198 0.012434227669503212 
0.6778632474363854 0.030444123222990352 0.0304441232229903 0.030444123222990276 0.030444123222986383 0.03044412322299031 0.06169760082169098 0.030444123222990314 0.04733028918095362 0.03044412322299031 
0.5488548205208453 0.031876832667668144 0.061671113396490965 0.05426181882021241 0.031876832667668664 0.03187683266766814 0.14395125125641764 0.031876832667668165 0.03187683266766817 0.03187683266766815 
0.37884882138025167 0.03714554208949113 0.0371455420894915 0.03714554208949109 0.03714554208949087 0.037145542089491126 0.3239868419038368 0.03714554208949113 0.03714554208949113 0.037145542089491196 
0.18707276271870132 0.0260114004149654 0.1828462817385976 0.026011400414965438 0.026011400414965438 0.02601140041496536 0.4480011526379381 0.02601140041496532 0.02601140041496529 0.026011400414965326 
0.1242365965282979 0.015839423984038883 0.21183808816010283 0.015839423984038675 0.015839423984038235 0.01583942398403882 0.5445043306338294 0.01583942398403885 0.024384440773439812 0.0158394239840388 
0.6914977627192851 0.0444585813673249 0.045836810646173384 0.028781570816368188 0.04551742036900002 0.02878157081636819 0.02878157081636837 0.02878157081636819 0.028781570816368198 0.02878157081636822 
0.2671353445190559 0.022368407638093495 0.046187010415717454 0.02236840763809349 0.022368407638093828 0.022368407638093477 0.5300987915985016 0.022368407638093498 0.02236840763809342 0.022368407638093515 
0.515622334602006 0.021109093274116083 0.085710178832544 0.035202748003301094 0.03049708668621458 0.021109093274116142 0.21456287887627631 0.021109093274116145 0.021109093274116093 0.03396839990319491 
0.2119003318380448 0.013713398873839046 0.019888749121282384 0.013713398873839164 0.03720534613755425 0.013713398873839043 0.6423770909314557 0.02006148760243351 0.013713398873839032 0.013713398873839067 
0.7824150375075796 0.01889036972846011 0.02826143241706676 0.01889036972846008 0.018890369728460733 0.018890369728460168 0.05709094197614057 0.01889036972846014 0.018890369728460126 0.01889036972846016 
0.4627824264005092 0.04435179746520968 0.06715874060368221 0.044351797465209696 0.0667566728098203 0.04435179746520969 0.13719137539473913 0.04435179746520968 0.044351797465209696 0.044351797465209696 
0.6293835506884604 0.013946136497003011 0.013946136497003294 0.01394613649700294 0.0320367214847067 0.013946136497003015 0.24095677234783697 0.01394613649700297 0.01394613649700301 0.013946136497002872 
0.05704935058532887 0.028807986775707606 0.05849202617388712 0.028807986775707586 0.02880798677570776 0.028807986775707606 0.6556041845885453 0.028807986775707634 0.028807986775707606 0.05600651799799275 
0.7521423111424389 0.02616457192905842 0.026164571929058376 0.038541113425093435 0.02616457192905919 0.02616457192905839 0.026164571929058356 0.026164571929058397 0.02616457192905841 0.02616457192905857 
0.45030242714461366 0.01627660866396899 0.016276608663968933 0.01627660866396903 0.016276608663968684 0.016276608663968996 0.4194847035436751 0.016276608663969013 0.016276608663969048 0.01627660866396909 
0.20573019079560195 0.025336555068933685 0.5425463394987149 0.025336555068933685 0.025336555068933658 0.025336555068933685 0.05946153372025287 0.025336555068933685 0.040242605571835614 0.025336555068933685 
0.12132365740473014 0.04739703200377841 0.15159354160241212 0.06971652935218753 0.04739703200377845 0.047397032003778435 0.37298407961799407 0.047397032003778414 0.04739703200377843 0.04739703200377843 
0.7500234561792168 0.018439419128971783 0.04357532947269081 0.018439419128971832 0.01843941912897149 0.01843941912897178 0.07732528044526944 0.01843941912897177 0.01843941912897179 0.018439419128971752 
