0.1348314606741573 0.24719101123595505 0.12359550561797752 0.07865168539325842 0.07865168539325842 0.056179775280898875 0.07865168539325842 0.07865168539325842 0.056179775280898875 0.06741573033707865 
0.3103448275862069 0.05172413793103448 0.04310344827586207 0.0603448275862069 0.07758620689655173 0.0603448275862069 0.07758620689655173 0.1896551724137931 0.06896551724137931 0.0603448275862069 
0.11818181818181818 0.17272727272727273 0.21818181818181817 0.1 0.05454545454545454 0.045454545454545456 0.08181818181818182 0.1 0.05454545454545454 0.05454545454545454 
0.10416666666666667 0.13541666666666666 0.07291666666666667 0.07291666666666667 0.08333333333333333 0.07291666666666667 0.09375 0.23958333333333334 0.0625 0.0625 
0.072 0.096 0.112 0.144 0.088 0.056 0.064 0.176 0.096 0.096 
0.15625 0.07291666666666667 0.07291666666666667 0.11458333333333333 0.14583333333333334 0.07291666666666667 0.11458333333333333 0.0625 0.11458333333333333 0.07291666666666667 
0.0660377358490566 0.07547169811320754 0.16981132075471697 0.14150943396226415 0.10377358490566038 0.04716981132075472 0.04716981132075472 0.04716981132075472 0.04716981132075472 0.25471698113207547 
0.10784313725490197 0.09803921568627451 0.14705882352941177 0.12745098039215685 0.11764705882352941 0.0784313725490196 0.0784313725490196 0.09803921568627451 0.06862745098039216 0.0784313725490196 
0.04285714285714286 0.05238095238095238 0.02857142857142857 0.1619047619047619 0.05714285714285714 0.09047619047619047 0.0380952380952381 0.09047619047619047 0.29523809523809524 0.14285714285714285 
0.13274336283185842 0.07964601769911504 0.061946902654867256 0.04424778761061947 0.23893805309734514 0.07079646017699115 0.05309734513274336 0.18584070796460178 0.07964601769911504 0.05309734513274336 
0.12030075187969924 0.045112781954887216 0.045112781954887216 0.03759398496240601 0.03759398496240601 0.03759398496240601 0.18045112781954886 0.045112781954887216 0.40601503759398494 0.045112781954887216 
0.06818181818181818 0.10227272727272728 0.23863636363636365 0.06818181818181818 0.06818181818181818 0.09090909090909091 0.10227272727272728 0.06818181818181818 0.10227272727272728 0.09090909090909091 
0.060240963855421686 0.10843373493975904 0.10843373493975904 0.08433734939759036 0.0963855421686747 0.13253012048192772 0.0963855421686747 0.08433734939759036 0.14457831325301204 0.08433734939759036 
0.07291666666666667 0.036458333333333336 0.041666666666666664 0.03125 0.0625 0.041666666666666664 0.18229166666666666 0.046875 0.4375 0.046875 
0.09183673469387756 0.1836734693877551 0.08163265306122448 0.15306122448979592 0.11224489795918367 0.08163265306122448 0.08163265306122448 0.08163265306122448 0.061224489795918366 0.07142857142857142 
0.09836065573770492 0.08196721311475409 0.09836065573770492 0.14754098360655737 0.08196721311475409 0.09836065573770492 0.13114754098360656 0.08196721311475409 0.08196721311475409 0.09836065573770492 
0.25773195876288657 0.10309278350515463 0.09278350515463918 0.16494845360824742 0.05154639175257732 0.05154639175257732 0.061855670103092786 0.07216494845360824 0.05154639175257732 0.09278350515463918 
0.08620689655172414 0.06896551724137931 0.10344827586206896 0.25 0.08620689655172414 0.09482758620689655 0.0603448275862069 0.0603448275862069 0.04310344827586207 0.14655172413793102 
0.10377358490566038 0.04716981132075472 0.10377358490566038 0.1320754716981132 0.05660377358490566 0.07547169811320754 0.05660377358490566 0.07547169811320754 0.0660377358490566 0.2830188679245283 
0.08080808080808081 0.06060606060606061 0.06060606060606061 0.20202020202020202 0.13131313131313133 0.15151515151515152 0.08080808080808081 0.06060606060606061 0.050505050505050504 0.12121212121212122 
0.058823529411764705 0.10588235294117647 0.11764705882352941 0.058823529411764705 0.08235294117647059 0.24705882352941178 0.11764705882352941 0.058823529411764705 0.09411764705882353 0.058823529411764705 
0.08629441624365482 0.06598984771573604 0.09137055837563451 0.41116751269035534 0.1218274111675127 0.07614213197969544 0.04060913705583756 0.025380710659898477 0.03553299492385787 0.04568527918781726 
0.1111111111111111 0.15873015873015872 0.09523809523809523 0.07936507936507936 0.07936507936507936 0.09523809523809523 0.09523809523809523 0.09523809523809523 0.1111111111111111 0.07936507936507936 
0.11678832116788321 0.08029197080291971 0.0364963503649635 0.10218978102189781 0.0364963503649635 0.043795620437956206 0.043795620437956206 0.0948905109489051 0.0364963503649635 0.40875912408759124 
0.09243697478991597 0.08403361344537816 0.06722689075630252 0.31092436974789917 0.058823529411764705 0.08403361344537816 0.06722689075630252 0.07563025210084033 0.10084033613445378 0.058823529411764705 
0.29213483146067415 0.0898876404494382 0.06741573033707865 0.10112359550561797 0.07865168539325842 0.07865168539325842 0.07865168539325842 0.07865168539325842 0.06741573033707865 0.06741573033707865 
0.23148148148148148 0.16666666666666666 0.06481481481481481 0.12962962962962962 0.05555555555555555 0.05555555555555555 0.05555555555555555 0.06481481481481481 0.08333333333333333 0.09259259259259259 
0.06329113924050633 0.12658227848101267 0.08860759493670886 0.0759493670886076 0.08860759493670886 0.17721518987341772 0.0759493670886076 0.0759493670886076 0.12658227848101267 0.10126582278481013 
0.3 0.2 0.0375 0.0375 0.0875 0.0625 0.09375 0.075 0.06875 0.0375 
0.09734513274336283 0.05309734513274336 0.07964601769911504 0.07964601769911504 0.061946902654867256 0.07079646017699115 0.04424778761061947 0.07079646017699115 0.061946902654867256 0.3805309734513274 
0.0963855421686747 0.20481927710843373 0.060240963855421686 0.07228915662650602 0.08433734939759036 0.07228915662650602 0.07228915662650602 0.18072289156626506 0.08433734939759036 0.07228915662650602 
0.08571428571428572 0.12857142857142856 0.07142857142857142 0.18571428571428572 0.08571428571428572 0.07142857142857142 0.11428571428571428 0.1 0.07142857142857142 0.08571428571428572 
0.2037037037037037 0.1111111111111111 0.06481481481481481 0.06481481481481481 0.06481481481481481 0.24074074074074073 0.05555555555555555 0.09259259259259259 0.05555555555555555 0.046296296296296294 
0.05263157894736842 0.05263157894736842 0.41353383458646614 0.05263157894736842 0.045112781954887216 0.09022556390977443 0.045112781954887216 0.05263157894736842 0.15037593984962405 0.045112781954887216 
0.1686746987951807 0.12048192771084337 0.0963855421686747 0.13253012048192772 0.13253012048192772 0.07228915662650602 0.08433734939759036 0.07228915662650602 0.060240963855421686 0.060240963855421686 
0.056074766355140186 0.056074766355140186 0.09345794392523364 0.07476635514018691 0.07476635514018691 0.06542056074766354 0.08411214953271028 0.04672897196261682 0.1308411214953271 0.3177570093457944 
0.03773584905660377 0.05660377358490566 0.29559748427672955 0.031446540880503145 0.05660377358490566 0.0440251572327044 0.050314465408805034 0.05660377358490566 0.31446540880503143 0.05660377358490566 
0.08260869565217391 0.32608695652173914 0.1782608695652174 0.0782608695652174 0.05652173913043478 0.043478260869565216 0.05652173913043478 0.08260869565217391 0.02608695652173913 0.06956521739130435 
0.13186813186813187 0.054945054945054944 0.12087912087912088 0.18681318681318682 0.07692307692307693 0.06593406593406594 0.10989010989010989 0.10989010989010989 0.07692307692307693 0.06593406593406594 
0.13924050632911392 0.20253164556962025 0.08860759493670886 0.0759493670886076 0.13924050632911392 0.0759493670886076 0.0759493670886076 0.06329113924050633 0.06329113924050633 0.0759493670886076 
0.06896551724137931 0.19540229885057472 0.13793103448275862 0.05747126436781609 0.09195402298850575 0.14942528735632185 0.06896551724137931 0.06896551724137931 0.09195402298850575 0.06896551724137931 
0.16379310344827586 0.05172413793103448 0.05172413793103448 0.04310344827586207 0.04310344827586207 0.05172413793103448 0.04310344827586207 0.05172413793103448 0.4396551724137931 0.0603448275862069 
0.1 0.12222222222222222 0.06666666666666667 0.05555555555555555 0.08888888888888889 0.07777777777777778 0.16666666666666666 0.2 0.06666666666666667 0.05555555555555555 
0.27419354838709675 0.056451612903225805 0.04838709677419355 0.056451612903225805 0.07258064516129033 0.04032258064516129 0.06451612903225806 0.25806451612903225 0.08064516129032258 0.04838709677419355 
0.05952380952380952 0.13095238095238096 0.05952380952380952 0.30952380952380953 0.08333333333333333 0.05952380952380952 0.07142857142857142 0.07142857142857142 0.08333333333333333 0.07142857142857142 
0.07801418439716312 0.03546099290780142 0.07801418439716312 0.14184397163120568 0.1276595744680851 0.07092198581560284 0.0425531914893617 0.0425531914893617 0.07092198581560284 0.3120567375886525 
0.0673076923076923 0.057692307692307696 0.07692307692307693 0.057692307692307696 0.11538461538461539 0.057692307692307696 0.0673076923076923 0.10576923076923077 0.34615384615384615 0.04807692307692308 
0.05555555555555555 0.05555555555555555 0.1111111111111111 0.046296296296296294 0.046296296296296294 0.07407407407407407 0.2777777777777778 0.07407407407407407 0.2037037037037037 0.05555555555555555 
0.053763440860215055 0.07526881720430108 0.08602150537634409 0.17204301075268819 0.10752688172043011 0.20430107526881722 0.07526881720430108 0.08602150537634409 0.06451612903225806 0.07526881720430108 
0.03184713375796178 0.07006369426751592 0.21019108280254778 0.05732484076433121 0.07643312101910828 0.044585987261146494 0.050955414012738856 0.03184713375796178 0.3630573248407643 0.06369426751592357 
0.15217391304347827 0.06521739130434782 0.06521739130434782 0.06521739130434782 0.05434782608695652 0.07608695652173914 0.09782608695652174 0.08695652173913043 0.2391304347826087 0.09782608695652174 
0.08421052631578947 0.12631578947368421 0.06315789473684211 0.05263157894736842 0.09473684210526316 0.06315789473684211 0.08421052631578947 0.30526315789473685 0.07368421052631578 0.05263157894736842 
0.16853932584269662 0.23595505617977527 0.06741573033707865 0.10112359550561797 0.06741573033707865 0.12359550561797752 0.06741573033707865 0.056179775280898875 0.056179775280898875 0.056179775280898875 
0.10989010989010989 0.08791208791208792 0.32967032967032966 0.054945054945054944 0.07692307692307693 0.054945054945054944 0.06593406593406594 0.08791208791208792 0.06593406593406594 0.06593406593406594 
0.09900990099009901 0.19801980198019803 0.1782178217821782 0.0891089108910891 0.07920792079207921 0.04950495049504951 0.09900990099009901 0.09900990099009901 0.0594059405940594 0.04950495049504951 
0.1452991452991453 0.042735042735042736 0.05982905982905983 0.042735042735042736 0.09401709401709402 0.042735042735042736 0.11965811965811966 0.07692307692307693 0.05982905982905983 0.3162393162393162 
0.2727272727272727 0.11818181818181818 0.045454545454545456 0.07272727272727272 0.06363636363636363 0.09090909090909091 0.05454545454545454 0.11818181818181818 0.045454545454545456 0.11818181818181818 
0.10204081632653061 0.05102040816326531 0.061224489795918366 0.05102040816326531 0.11224489795918367 0.05102040816326531 0.061224489795918366 0.12244897959183673 0.29591836734693877 0.09183673469387756 
0.07920792079207921 0.04950495049504951 0.04950495049504951 0.13861386138613863 0.04950495049504951 0.2871287128712871 0.07920792079207921 0.04950495049504951 0.04950495049504951 0.16831683168316833 
0.2727272727272727 0.049586776859504134 0.049586776859504134 0.15702479338842976 0.05785123966942149 0.06611570247933884 0.06611570247933884 0.14049586776859505 0.049586776859504134 0.09090909090909091 
0.08633093525179857 0.07194244604316546 0.050359712230215826 0.04316546762589928 0.09352517985611511 0.07913669064748201 0.05755395683453238 0.05755395683453238 0.3237410071942446 0.1366906474820144 
0.042735042735042736 0.042735042735042736 0.042735042735042736 0.042735042735042736 0.042735042735042736 0.28205128205128205 0.05128205128205128 0.1111111111111111 0.17094017094017094 0.17094017094017094 
0.06557377049180328 0.19672131147540983 0.22950819672131148 0.05737704918032787 0.04918032786885246 0.05737704918032787 0.05737704918032787 0.19672131147540983 0.04918032786885246 0.040983606557377046 
0.09473684210526316 0.12631578947368421 0.10526315789473684 0.06315789473684211 0.06315789473684211 0.30526315789473685 0.06315789473684211 0.05263157894736842 0.06315789473684211 0.06315789473684211 
0.07291666666666667 0.09375 0.0625 0.14583333333333334 0.09375 0.16666666666666666 0.15625 0.10416666666666667 0.052083333333333336 0.052083333333333336 
0.43842364532019706 0.09359605911330049 0.04926108374384237 0.04433497536945813 0.06896551724137931 0.08866995073891626 0.059113300492610835 0.054187192118226604 0.03940886699507389 0.06403940886699508 
0.0603448275862069 0.31896551724137934 0.04310344827586207 0.11206896551724138 0.08620689655172414 0.06896551724137931 0.07758620689655173 0.10344827586206896 0.06896551724137931 0.0603448275862069 
0.08641975308641975 0.07407407407407407 0.07407407407407407 0.19753086419753085 0.09876543209876543 0.07407407407407407 0.06172839506172839 0.13580246913580246 0.09876543209876543 0.09876543209876543 
0.0694980694980695 0.09266409266409266 0.10424710424710425 0.2857142857142857 0.08108108108108109 0.06563706563706563 0.023166023166023165 0.16988416988416988 0.04633204633204633 0.06177606177606178 
0.07894736842105263 0.06140350877192982 0.05263157894736842 0.06140350877192982 0.14912280701754385 0.23684210526315788 0.07017543859649122 0.07017543859649122 0.06140350877192982 0.15789473684210525 
0.09693877551020408 0.09693877551020408 0.1326530612244898 0.03571428571428571 0.05102040816326531 0.41836734693877553 0.030612244897959183 0.030612244897959183 0.03571428571428571 0.07142857142857142 
0.19047619047619047 0.0761904761904762 0.05714285714285714 0.17142857142857143 0.05714285714285714 0.14285714285714285 0.06666666666666667 0.12380952380952381 0.047619047619047616 0.06666666666666667 
0.21428571428571427 0.11904761904761904 0.07142857142857142 0.05952380952380952 0.09523809523809523 0.09523809523809523 0.09523809523809523 0.08333333333333333 0.10714285714285714 0.05952380952380952 
0.20300751879699247 0.21804511278195488 0.03759398496240601 0.05263157894736842 0.05263157894736842 0.21052631578947367 0.045112781954887216 0.05263157894736842 0.06766917293233082 0.06015037593984962 
0.1262135922330097 0.06796116504854369 0.08737864077669903 0.06796116504854369 0.08737864077669903 0.05825242718446602 0.13592233009708737 0.23300970873786409 0.06796116504854369 0.06796116504854369 
0.07339449541284404 0.05504587155963303 0.09174311926605505 0.10091743119266056 0.11009174311926606 0.05504587155963303 0.07339449541284404 0.1743119266055046 0.05504587155963303 0.21100917431192662 
0.05228758169934641 0.1568627450980392 0.032679738562091505 0.032679738562091505 0.17647058823529413 0.11764705882352941 0.0457516339869281 0.2875816993464052 0.058823529411764705 0.0392156862745098 
0.06593406593406594 0.06593406593406594 0.0989010989010989 0.06593406593406594 0.06593406593406594 0.0989010989010989 0.23076923076923078 0.08791208791208792 0.15384615384615385 0.06593406593406594 
0.09243697478991597 0.05042016806722689 0.06722689075630252 0.06722689075630252 0.09243697478991597 0.06722689075630252 0.40336134453781514 0.058823529411764705 0.05042016806722689 0.05042016806722689 
0.1 0.16 0.31 0.06 0.06 0.05 0.07 0.07 0.06 0.06 
0.04838709677419355 0.08870967741935484 0.23790322580645162 0.06854838709677419 0.10887096774193548 0.04032258064516129 0.028225806451612902 0.22580645161290322 0.04032258064516129 0.11290322580645161 
0.09333333333333334 0.12 0.05333333333333334 0.05333333333333334 0.07333333333333333 0.05333333333333334 0.10666666666666667 0.32 0.04666666666666667 0.08 
0.05747126436781609 0.06896551724137931 0.05747126436781609 0.028735632183908046 0.5574712643678161 0.034482758620689655 0.034482758620689655 0.08620689655172414 0.040229885057471264 0.034482758620689655 
0.1553398058252427 0.2912621359223301 0.07766990291262135 0.04854368932038835 0.06796116504854369 0.05825242718446602 0.07766990291262135 0.08737864077669903 0.07766990291262135 0.05825242718446602 
0.04678362573099415 0.08187134502923976 0.07602339181286549 0.11695906432748537 0.05847953216374269 0.04093567251461988 0.04678362573099415 0.32748538011695905 0.04093567251461988 0.16374269005847952 
0.07142857142857142 0.08333333333333333 0.08333333333333333 0.11904761904761904 0.07142857142857142 0.13095238095238096 0.13095238095238096 0.10714285714285714 0.10714285714285714 0.09523809523809523 
0.112 0.096 0.064 0.112 0.328 0.088 0.048 0.04 0.056 0.056 
0.031914893617021274 0.03723404255319149 0.0425531914893617 0.425531914893617 0.12234042553191489 0.06382978723404255 0.13297872340425532 0.03723404255319149 0.03723404255319149 0.06914893617021277 
0.10227272727272728 0.25 0.06818181818181818 0.07954545454545454 0.11363636363636363 0.09090909090909091 0.07954545454545454 0.09090909090909091 0.06818181818181818 0.056818181818181816 
0.07627118644067797 0.059322033898305086 0.07627118644067797 0.059322033898305086 0.05084745762711865 0.05084745762711865 0.1016949152542373 0.05084745762711865 0.4322033898305085 0.0423728813559322 
0.10989010989010989 0.054945054945054944 0.06593406593406594 0.12087912087912088 0.15384615384615385 0.1978021978021978 0.07692307692307693 0.0989010989010989 0.054945054945054944 0.06593406593406594 
0.3050847457627119 0.09322033898305085 0.0423728813559322 0.05084745762711865 0.059322033898305086 0.05084745762711865 0.11864406779661017 0.16101694915254236 0.07627118644067797 0.0423728813559322 
0.046052631578947366 0.05263157894736842 0.17763157894736842 0.19736842105263158 0.28289473684210525 0.06578947368421052 0.046052631578947366 0.03289473684210526 0.039473684210526314 0.05921052631578947 
0.1111111111111111 0.07407407407407407 0.07407407407407407 0.3962962962962963 0.12962962962962962 0.025925925925925925 0.044444444444444446 0.037037037037037035 0.03333333333333333 0.07407407407407407 
0.07738095238095238 0.09523809523809523 0.041666666666666664 0.15476190476190477 0.06547619047619048 0.07142857142857142 0.08928571428571429 0.07142857142857142 0.02976190476190476 0.30357142857142855 
0.3512396694214876 0.10330578512396695 0.028925619834710745 0.09504132231404959 0.11983471074380166 0.05785123966942149 0.045454545454545456 0.09504132231404959 0.0371900826446281 0.06611570247933884 
0.44 0.05142857142857143 0.05714285714285714 0.05142857142857143 0.12571428571428572 0.045714285714285714 0.09714285714285714 0.045714285714285714 0.04 0.045714285714285714 
0.04 0.056 0.04 0.088 0.072 0.144 0.136 0.152 0.192 0.08 
0.08045977011494253 0.05747126436781609 0.05747126436781609 0.05747126436781609 0.05747126436781609 0.08045977011494253 0.3448275862068966 0.06896551724137931 0.11494252873563218 0.08045977011494253 
0.2764227642276423 0.056910569105691054 0.07317073170731707 0.06504065040650407 0.14634146341463414 0.0975609756097561 0.08130081300813008 0.08130081300813008 0.04878048780487805 0.07317073170731707 
0.07462686567164178 0.07462686567164178 0.08955223880597014 0.07462686567164178 0.07462686567164178 0.08955223880597014 0.16417910447761194 0.07462686567164178 0.208955223880597 0.07462686567164178 
0.08955223880597014 0.08955223880597014 0.07462686567164178 0.08955223880597014 0.22388059701492538 0.1044776119402985 0.1044776119402985 0.07462686567164178 0.07462686567164178 0.07462686567164178 
0.06201550387596899 0.08527131782945736 0.20930232558139536 0.03875968992248062 0.10077519379844961 0.09302325581395349 0.08527131782945736 0.20155038759689922 0.06976744186046512 0.05426356589147287 
0.07216494845360824 0.09278350515463918 0.061855670103092786 0.08247422680412371 0.05154639175257732 0.07216494845360824 0.05154639175257732 0.05154639175257732 0.07216494845360824 0.3917525773195876 
0.15789473684210525 0.21052631578947367 0.06315789473684211 0.05263157894736842 0.18947368421052632 0.05263157894736842 0.05263157894736842 0.07368421052631578 0.07368421052631578 0.07368421052631578 
0.3 0.12 0.09 0.06 0.13 0.07 0.07 0.06 0.05 0.05 
0.0625 0.046875 0.1484375 0.0546875 0.0859375 0.234375 0.1328125 0.0859375 0.0703125 0.078125 
0.0440251572327044 0.05660377358490566 0.1509433962264151 0.03773584905660377 0.09433962264150944 0.031446540880503145 0.08176100628930817 0.10062893081761007 0.34591194968553457 0.05660377358490566 
0.1391304347826087 0.06086956521739131 0.043478260869565216 0.0782608695652174 0.06086956521739131 0.14782608695652175 0.12173913043478261 0.19130434782608696 0.08695652173913043 0.06956521739130435 
0.050359712230215826 0.05755395683453238 0.31654676258992803 0.23741007194244604 0.05755395683453238 0.07913669064748201 0.03597122302158273 0.07194244604316546 0.04316546762589928 0.050359712230215826 
0.049586776859504134 0.09090909090909091 0.04132231404958678 0.4297520661157025 0.08264462809917356 0.08264462809917356 0.049586776859504134 0.08264462809917356 0.04132231404958678 0.049586776859504134 
0.08860759493670886 0.17721518987341772 0.21518987341772153 0.08860759493670886 0.0759493670886076 0.0759493670886076 0.0759493670886076 0.0759493670886076 0.06329113924050633 0.06329113924050633 
0.10810810810810811 0.060810810810810814 0.07432432432432433 0.21621621621621623 0.12162162162162163 0.14864864864864866 0.04054054054054054 0.10810810810810811 0.05405405405405406 0.06756756756756757 
0.13709677419354838 0.1532258064516129 0.04838709677419355 0.07258064516129033 0.1774193548387097 0.12903225806451613 0.12903225806451613 0.04838709677419355 0.04838709677419355 0.056451612903225805 
0.0594059405940594 0.04950495049504951 0.32673267326732675 0.0891089108910891 0.1188118811881188 0.10891089108910891 0.04950495049504951 0.0891089108910891 0.0594059405940594 0.04950495049504951 
0.07368421052631578 0.2736842105263158 0.05263157894736842 0.08421052631578947 0.07368421052631578 0.07368421052631578 0.05263157894736842 0.16842105263157894 0.06315789473684211 0.08421052631578947 
0.10891089108910891 0.0594059405940594 0.06930693069306931 0.04950495049504951 0.0891089108910891 0.10891089108910891 0.297029702970297 0.0594059405940594 0.0891089108910891 0.06930693069306931 
0.11235955056179775 0.21348314606741572 0.06741573033707865 0.06741573033707865 0.056179775280898875 0.0898876404494382 0.10112359550561797 0.0898876404494382 0.0898876404494382 0.11235955056179775 
0.0975609756097561 0.17886178861788618 0.04878048780487805 0.15447154471544716 0.07317073170731707 0.08943089430894309 0.04878048780487805 0.08130081300813008 0.04878048780487805 0.17886178861788618 
0.10204081632653061 0.061224489795918366 0.08163265306122448 0.25510204081632654 0.061224489795918366 0.061224489795918366 0.05102040816326531 0.07142857142857142 0.05102040816326531 0.20408163265306123 
0.2422360248447205 0.09316770186335403 0.2732919254658385 0.037267080745341616 0.037267080745341616 0.037267080745341616 0.049689440993788817 0.11180124223602485 0.043478260869565216 0.07453416149068323 
0.05128205128205128 0.05128205128205128 0.07692307692307693 0.23076923076923078 0.09401709401709402 0.05128205128205128 0.042735042735042736 0.23076923076923078 0.05128205128205128 0.11965811965811966 
0.125 0.1375 0.0625 0.0875 0.075 0.175 0.1125 0.0625 0.075 0.0875 
0.11811023622047244 0.36220472440944884 0.03937007874015748 0.07086614173228346 0.06299212598425197 0.03937007874015748 0.03937007874015748 0.08661417322834646 0.03937007874015748 0.14173228346456693 
0.037037037037037035 0.07407407407407407 0.17777777777777778 0.05925925925925926 0.037037037037037035 0.044444444444444446 0.4 0.05185185185185185 0.06666666666666667 0.05185185185185185 
0.028037383177570093 0.03271028037383177 0.037383177570093455 0.06542056074766354 0.0794392523364486 0.6121495327102804 0.03271028037383177 0.056074766355140186 0.028037383177570093 0.028037383177570093 
0.14457831325301204 0.12048192771084337 0.07228915662650602 0.1566265060240964 0.04819277108433735 0.12650602409638553 0.03614457831325301 0.15060240963855423 0.030120481927710843 0.1144578313253012 
0.05747126436781609 0.12643678160919541 0.05747126436781609 0.16091954022988506 0.08045977011494253 0.2413793103448276 0.06896551724137931 0.05747126436781609 0.06896551724137931 0.08045977011494253 
0.06976744186046512 0.06201550387596899 0.07751937984496124 0.18604651162790697 0.09302325581395349 0.10852713178294573 0.046511627906976744 0.05426356589147287 0.07751937984496124 0.2248062015503876 
0.07216494845360824 0.05154639175257732 0.07216494845360824 0.05154639175257732 0.08247422680412371 0.28865979381443296 0.14432989690721648 0.07216494845360824 0.1134020618556701 0.05154639175257732 
0.09615384615384616 0.07692307692307693 0.057692307692307696 0.04807692307692308 0.07692307692307693 0.2980769230769231 0.04807692307692308 0.17307692307692307 0.07692307692307693 0.04807692307692308 
0.045871559633027525 0.05504587155963303 0.47706422018348627 0.05504587155963303 0.07339449541284404 0.045871559633027525 0.07339449541284404 0.045871559633027525 0.08256880733944955 0.045871559633027525 
0.10843373493975904 0.07228915662650602 0.060240963855421686 0.10843373493975904 0.07228915662650602 0.060240963855421686 0.25301204819277107 0.08433734939759036 0.08433734939759036 0.0963855421686747 
0.09090909090909091 0.06493506493506493 0.1038961038961039 0.2597402597402597 0.09090909090909091 0.07792207792207792 0.06493506493506493 0.07792207792207792 0.06493506493506493 0.1038961038961039 
0.13414634146341464 0.14634146341463414 0.08536585365853659 0.0975609756097561 0.12195121951219512 0.10975609756097561 0.06097560975609756 0.08536585365853659 0.07317073170731707 0.08536585365853659 
0.11475409836065574 0.05737704918032787 0.04918032786885246 0.3442622950819672 0.07377049180327869 0.05737704918032787 0.07377049180327869 0.07377049180327869 0.040983606557377046 0.11475409836065574 
0.061224489795918366 0.034013605442176874 0.07482993197278912 0.3741496598639456 0.14965986394557823 0.06802721088435375 0.061224489795918366 0.05442176870748299 0.06802721088435375 0.05442176870748299 
0.12337662337662338 0.045454545454545456 0.07142857142857142 0.13636363636363635 0.2727272727272727 0.05194805194805195 0.045454545454545456 0.17532467532467533 0.032467532467532464 0.045454545454545456 
0.04424778761061947 0.07374631268436578 0.017699115044247787 0.017699115044247787 0.02064896755162242 0.035398230088495575 0.08849557522123894 0.1887905604719764 0.49557522123893805 0.017699115044247787 
0.046875 0.0546875 0.1015625 0.078125 0.375 0.0703125 0.046875 0.0703125 0.078125 0.078125 
0.06666666666666667 0.05555555555555555 0.17777777777777778 0.28888888888888886 0.1111111111111111 0.06666666666666667 0.05555555555555555 0.05555555555555555 0.05555555555555555 0.06666666666666667 
0.11627906976744186 0.11627906976744186 0.08139534883720931 0.09302325581395349 0.05813953488372093 0.09302325581395349 0.22093023255813954 0.06976744186046512 0.09302325581395349 0.05813953488372093 
0.2248062015503876 0.09302325581395349 0.06976744186046512 0.07751937984496124 0.21705426356589147 0.05426356589147287 0.03875968992248062 0.05426356589147287 0.10852713178294573 0.06201550387596899 
0.08823529411764706 0.07352941176470588 0.23529411764705882 0.08823529411764706 0.07352941176470588 0.07352941176470588 0.07352941176470588 0.07352941176470588 0.14705882352941177 0.07352941176470588 
0.05813953488372093 0.05813953488372093 0.11627906976744186 0.06976744186046512 0.06976744186046512 0.13953488372093023 0.05813953488372093 0.11627906976744186 0.2441860465116279 0.06976744186046512 
0.06666666666666667 0.07777777777777778 0.08888888888888889 0.05555555555555555 0.07777777777777778 0.05555555555555555 0.16666666666666666 0.05555555555555555 0.3 0.05555555555555555 
0.27631578947368424 0.039473684210526314 0.06578947368421052 0.07894736842105263 0.07236842105263158 0.18421052631578946 0.03289473684210526 0.03289473684210526 0.15789473684210525 0.05921052631578947 
0.05384615384615385 0.1076923076923077 0.05384615384615385 0.4153846153846154 0.038461538461538464 0.1 0.038461538461538464 0.08461538461538462 0.046153846153846156 0.06153846153846154 
0.09090909090909091 0.09090909090909091 0.06060606060606061 0.20202020202020202 0.0707070707070707 0.0707070707070707 0.06060606060606061 0.1919191919191919 0.09090909090909091 0.0707070707070707 
0.1111111111111111 0.05555555555555555 0.07777777777777778 0.08888888888888889 0.14444444444444443 0.07777777777777778 0.16666666666666666 0.08888888888888889 0.12222222222222222 0.06666666666666667 
0.08163265306122448 0.061224489795918366 0.16326530612244897 0.2755102040816326 0.08163265306122448 0.061224489795918366 0.05102040816326531 0.061224489795918366 0.05102040816326531 0.11224489795918367 
0.057692307692307696 0.14423076923076922 0.1346153846153846 0.0673076923076923 0.057692307692307696 0.04807692307692308 0.04807692307692308 0.27884615384615385 0.0673076923076923 0.09615384615384616 
0.052083333333333336 0.08333333333333333 0.11458333333333333 0.052083333333333336 0.052083333333333336 0.07291666666666667 0.22916666666666666 0.052083333333333336 0.23958333333333334 0.052083333333333336 
0.04065040650406504 0.07317073170731707 0.04065040650406504 0.08943089430894309 0.07317073170731707 0.0975609756097561 0.08130081300813008 0.3252032520325203 0.08943089430894309 0.08943089430894309 
0.04326923076923077 0.028846153846153848 0.0673076923076923 0.03365384615384615 0.1346153846153846 0.02403846153846154 0.09134615384615384 0.17307692307692307 0.34134615384615385 0.0625 
0.06719367588932806 0.05138339920948617 0.21739130434782608 0.3438735177865613 0.05928853754940711 0.07905138339920949 0.05533596837944664 0.05533596837944664 0.03557312252964427 0.03557312252964427 
0.06451612903225806 0.056451612903225805 0.07258064516129033 0.04032258064516129 0.06451612903225806 0.04032258064516129 0.3709677419354839 0.04838709677419355 0.20161290322580644 0.04032258064516129 
0.09195402298850575 0.06896551724137931 0.08045977011494253 0.09195402298850575 0.2413793103448276 0.06896551724137931 0.08045977011494253 0.12643678160919541 0.08045977011494253 0.06896551724137931 
0.075 0.0375 0.18125 0.1 0.1125 0.04375 0.08125 0.05625 0.25 0.0625 
0.050359712230215826 0.09352517985611511 0.28776978417266186 0.050359712230215826 0.03597122302158273 0.10071942446043165 0.07194244604316546 0.05755395683453238 0.07913669064748201 0.17266187050359713 
0.054945054945054944 0.1978021978021978 0.07692307692307693 0.13186813186813187 0.16483516483516483 0.07692307692307693 0.06593406593406594 0.12087912087912088 0.054945054945054944 0.054945054945054944 
0.05 0.05714285714285714 0.44285714285714284 0.05 0.11428571428571428 0.05714285714285714 0.03571428571428571 0.07142857142857142 0.06428571428571428 0.05714285714285714 
0.1267605633802817 0.07042253521126761 0.07042253521126761 0.16901408450704225 0.09859154929577464 0.07042253521126761 0.08450704225352113 0.07042253521126761 0.07042253521126761 0.16901408450704225 
0.0410958904109589 0.0410958904109589 0.0821917808219178 0.0547945205479452 0.0684931506849315 0.0410958904109589 0.0410958904109589 0.03424657534246575 0.3493150684931507 0.2465753424657534 
0.23478260869565218 0.11304347826086956 0.06086956521739131 0.14782608695652175 0.09565217391304348 0.05217391304347826 0.06086956521739131 0.05217391304347826 0.06086956521739131 0.12173913043478261 
0.23846153846153847 0.038461538461538464 0.07692307692307693 0.15384615384615385 0.2076923076923077 0.05384615384615385 0.06153846153846154 0.06153846153846154 0.05384615384615385 0.05384615384615385 
0.07352941176470588 0.11764705882352941 0.07352941176470588 0.11764705882352941 0.16176470588235295 0.07352941176470588 0.08823529411764706 0.14705882352941177 0.07352941176470588 0.07352941176470588 
0.17721518987341772 0.05063291139240506 0.08227848101265822 0.2848101265822785 0.06329113924050633 0.0949367088607595 0.06962025316455696 0.04430379746835443 0.04430379746835443 0.08860759493670886 
0.06382978723404255 0.04964539007092199 0.1702127659574468 0.0425531914893617 0.0425531914893617 0.03546099290780142 0.1276595744680851 0.18439716312056736 0.1347517730496454 0.14893617021276595 
0.06363636363636363 0.09090909090909091 0.13636363636363635 0.1 0.12727272727272726 0.19090909090909092 0.045454545454545456 0.08181818181818182 0.08181818181818182 0.08181818181818182 
0.15714285714285714 0.10714285714285714 0.05714285714285714 0.07142857142857142 0.17857142857142858 0.18571428571428572 0.06428571428571428 0.07142857142857142 0.04285714285714286 0.06428571428571428 
0.08333333333333333 0.07142857142857142 0.05952380952380952 0.05952380952380952 0.05952380952380952 0.11904761904761904 0.34523809523809523 0.05952380952380952 0.07142857142857142 0.07142857142857142 
0.05747126436781609 0.05747126436781609 0.09195402298850575 0.05747126436781609 0.09195402298850575 0.06896551724137931 0.21839080459770116 0.08045977011494253 0.1839080459770115 0.09195402298850575 
0.12727272727272726 0.05 0.022727272727272728 0.05 0.09090909090909091 0.04090909090909091 0.045454545454545456 0.45454545454545453 0.05909090909090909 0.05909090909090909 
0.08108108108108109 0.10810810810810811 0.12162162162162163 0.16216216216216217 0.06756756756756757 0.0945945945945946 0.0945945945945946 0.08108108108108109 0.08108108108108109 0.10810810810810811 
0.07407407407407407 0.07407407407407407 0.07407407407407407 0.06172839506172839 0.07407407407407407 0.2839506172839506 0.08641975308641975 0.08641975308641975 0.09876543209876543 0.08641975308641975 
0.13836477987421383 0.2641509433962264 0.0440251572327044 0.05660377358490566 0.1069182389937107 0.06918238993710692 0.07547169811320754 0.1320754716981132 0.0440251572327044 0.06918238993710692 
0.1744186046511628 0.05232558139534884 0.436046511627907 0.040697674418604654 0.040697674418604654 0.029069767441860465 0.046511627906976744 0.0872093023255814 0.046511627906976744 0.046511627906976744 
0.12087912087912088 0.1978021978021978 0.08791208791208792 0.14285714285714285 0.0989010989010989 0.06593406593406594 0.07692307692307693 0.054945054945054944 0.08791208791208792 0.06593406593406594 
0.06666666666666667 0.2111111111111111 0.05555555555555555 0.1111111111111111 0.07777777777777778 0.12222222222222222 0.08888888888888889 0.05555555555555555 0.08888888888888889 0.12222222222222222 
0.07317073170731707 0.08536585365853659 0.13414634146341464 0.0975609756097561 0.0975609756097561 0.06097560975609756 0.08536585365853659 0.18292682926829268 0.0975609756097561 0.08536585365853659 
0.10638297872340426 0.1595744680851064 0.07446808510638298 0.05319148936170213 0.06382978723404255 0.0851063829787234 0.06382978723404255 0.2127659574468085 0.10638297872340426 0.07446808510638298 
0.12 0.06666666666666667 0.03333333333333333 0.03333333333333333 0.04666666666666667 0.2866666666666667 0.10666666666666667 0.18666666666666668 0.06666666666666667 0.05333333333333334 
0.11458333333333333 0.08333333333333333 0.13541666666666666 0.20833333333333334 0.10416666666666667 0.07291666666666667 0.07291666666666667 0.0625 0.052083333333333336 0.09375 
0.1826086956521739 0.09565217391304348 0.043478260869565216 0.10434782608695652 0.05217391304347826 0.043478260869565216 0.06956521739130435 0.24347826086956523 0.05217391304347826 0.11304347826086956 
0.23140495867768596 0.21487603305785125 0.04132231404958678 0.0743801652892562 0.09090909090909091 0.08264462809917356 0.0743801652892562 0.08264462809917356 0.04132231404958678 0.06611570247933884 
0.05847953216374269 0.04678362573099415 0.029239766081871343 0.05263157894736842 0.391812865497076 0.03508771929824561 0.029239766081871343 0.08187134502923976 0.23391812865497075 0.04093567251461988 
0.05343511450381679 0.06870229007633588 0.20610687022900764 0.20610687022900764 0.07633587786259542 0.061068702290076333 0.03816793893129771 0.05343511450381679 0.061068702290076333 0.17557251908396945 
0.13513513513513514 0.14864864864864866 0.08108108108108109 0.0945945945945946 0.0945945945945946 0.08108108108108109 0.12162162162162163 0.0945945945945946 0.06756756756756757 0.08108108108108109 
0.0736196319018405 0.03680981595092025 0.43558282208588955 0.05521472392638037 0.03680981595092025 0.03680981595092025 0.049079754601226995 0.03067484662576687 0.19631901840490798 0.049079754601226995 
0.07142857142857142 0.061224489795918366 0.05102040816326531 0.061224489795918366 0.061224489795918366 0.07142857142857142 0.08163265306122448 0.32653061224489793 0.15306122448979592 0.061224489795918366 
0.06060606060606061 0.050505050505050504 0.1919191919191919 0.12121212121212122 0.0707070707070707 0.0707070707070707 0.050505050505050504 0.06060606060606061 0.050505050505050504 0.2727272727272727 
0.03289473684210526 0.23684210526315788 0.06578947368421052 0.039473684210526314 0.05263157894736842 0.09868421052631579 0.05263157894736842 0.23684210526315788 0.13815789473684212 0.046052631578947366 
0.0958904109589041 0.1095890410958904 0.1506849315068493 0.0821917808219178 0.0958904109589041 0.0958904109589041 0.1232876712328767 0.0821917808219178 0.0684931506849315 0.0958904109589041 
0.11267605633802817 0.11267605633802817 0.11267605633802817 0.07042253521126761 0.11267605633802817 0.11267605633802817 0.08450704225352113 0.08450704225352113 0.11267605633802817 0.08450704225352113 
0.05263157894736842 0.045112781954887216 0.15789473684210525 0.15037593984962405 0.11278195488721804 0.18796992481203006 0.03759398496240601 0.06766917293233082 0.06015037593984962 0.12781954887218044 
0.036585365853658534 0.042682926829268296 0.14634146341463414 0.036585365853658534 0.042682926829268296 0.042682926829268296 0.06097560975609756 0.07926829268292683 0.4695121951219512 0.042682926829268296 
0.05785123966942149 0.049586776859504134 0.21487603305785125 0.0743801652892562 0.049586776859504134 0.04132231404958678 0.0743801652892562 0.09917355371900827 0.2727272727272727 0.06611570247933884 
0.06315789473684211 0.07368421052631578 0.06315789473684211 0.14736842105263157 0.06315789473684211 0.11578947368421053 0.06315789473684211 0.18947368421052632 0.11578947368421053 0.10526315789473684 
0.045454545454545456 0.045454545454545456 0.38181818181818183 0.05454545454545454 0.07272727272727272 0.045454545454545456 0.05454545454545454 0.05454545454545454 0.18181818181818182 0.06363636363636363 
0.10084033613445378 0.10084033613445378 0.05042016806722689 0.09243697478991597 0.1092436974789916 0.10084033613445378 0.058823529411764705 0.17647058823529413 0.11764705882352941 0.09243697478991597 
0.1111111111111111 0.23148148148148148 0.06481481481481481 0.05555555555555555 0.12962962962962962 0.12037037037037036 0.09259259259259259 0.05555555555555555 0.05555555555555555 0.08333333333333333 
0.16494845360824742 0.07216494845360824 0.05154639175257732 0.1134020618556701 0.061855670103092786 0.1134020618556701 0.18556701030927836 0.12371134020618557 0.05154639175257732 0.061855670103092786 
0.07894736842105263 0.07894736842105263 0.07894736842105263 0.25 0.07894736842105263 0.17105263157894737 0.06578947368421052 0.06578947368421052 0.06578947368421052 0.06578947368421052 
0.06451612903225806 0.06451612903225806 0.3763440860215054 0.06451612903225806 0.10752688172043011 0.053763440860215055 0.08602150537634409 0.053763440860215055 0.06451612903225806 0.06451612903225806 
0.07692307692307693 0.038461538461538464 0.05384615384615385 0.05384615384615385 0.4846153846153846 0.05384615384615385 0.08461538461538462 0.046153846153846156 0.05384615384615385 0.05384615384615385 
0.07216494845360824 0.05154639175257732 0.08247422680412371 0.05154639175257732 0.05154639175257732 0.21649484536082475 0.1958762886597938 0.08247422680412371 0.12371134020618557 0.07216494845360824 
0.07317073170731707 0.08536585365853659 0.0975609756097561 0.15853658536585366 0.08536585365853659 0.10975609756097561 0.17073170731707318 0.07317073170731707 0.06097560975609756 0.08536585365853659 
