0.10924986664567417 0.0991049990879535 0.08599003894903548 0.12049403172899321 0.10594896623996679 0.12746987689495953 0.0659095475355499 0.10649861328781651 0.07616337564701198 0.1031706839830389 
0.013498600242228636 0.3180166939925624 0.058697435530165154 0.4709638420902188 0.013498600242228685 0.05504129883015959 0.013498600242228705 0.01991185914218618 0.02337446944581448 0.013498600242228646 
0.056808277885593235 0.05680827788559321 0.21176830518483922 0.3337654717304065 0.05680827788559325 0.056808277885593256 0.056808277885593235 0.05680827788559326 0.05680827788559326 0.05680827788559323 
0.016867561615357973 0.24379753626800904 0.06706092622102987 0.5570309996563657 0.016867561615358018 0.016867561615358084 0.016867561615358087 0.021126523178347276 0.026646206599450998 0.01686756161535805 
0.026933245740138893 0.07785731008848079 0.026933245740138875 0.699332835283245 0.026933245740138865 0.02693324574013889 0.02693324574013886 0.0342771344473006 0.0269332457401387 0.026933245740138865 
0.04861804881361091 0.06040564270325984 0.08374736969349145 0.515520645908005 0.048618048813610905 0.04861804881361091 0.048618048813610905 0.048618048813610905 0.04861804881361094 0.048618048813610884 
0.013849150314012086 0.04456039352840811 0.5984803261295721 0.2409727068737008 0.013849150314011955 0.013849150314012003 0.013849150314011927 0.01746767846647187 0.01710216058954933 0.026020133156210754 
0.043869269943637226 0.32410913857687734 0.22214066025139204 0.1191620293758086 0.043869269943637164 0.043869269943637205 0.04386926994363717 0.04386926994363715 0.07137255213411049 0.043869269943637164 
0.057241425318552856 0.11529445227962136 0.21494009658332874 0.24021949609794 0.057241425318552856 0.06925236178478016 0.05724142531855288 0.05724142531855289 0.07408646666156685 0.05724142531855285 
0.030995033730502674 0.09089852849003092 0.06481578994935969 0.22618842717985277 0.030995033730502608 0.03962294341590287 0.030995033730502594 0.030995033730502553 0.030995033730502535 0.4234991423123317 
0.01634843065281587 0.10355867593616902 0.04698715640409461 0.7173267476528072 0.016348430652815847 0.020791606143660657 0.01634843065281587 0.01634843065281584 0.029593660599229816 0.016348430652815854 
0.020465591258850845 0.09191475001665403 0.044147491427515395 0.37328767774491034 0.02046559125885089 0.025583004477602905 0.020465591258850863 0.35001905489626867 0.020465591258850637 0.03318565640165086 
0.06924366949091731 0.06924366949091701 0.06924366949091734 0.1930422455479056 0.06924366949091731 0.06924366949091733 0.06924366949091731 0.16747220017758982 0.08418537796880711 0.13983815936018829 
0.029498959101764918 0.6781872446317871 0.038649067364858014 0.07667097429091176 0.029498959101764928 0.029498959101764956 0.02949895910176497 0.02949895910176496 0.029498959101764945 0.029498959101764945 
0.05966657825612514 0.09740942955577808 0.05966657825612436 0.10387543002166855 0.05966657825612514 0.38104909262965964 0.05966657825612512 0.05966657825612502 0.05966657825612503 0.059666578256125126 
0.016525196553072094 0.1357124062978923 0.07753995777027678 0.5293666595127253 0.016525196553072153 0.09225307769697264 0.01652519655307215 0.020839397224527743 0.06834157870181694 0.02637133313652568 
0.027255551324038955 0.43288101916291816 0.20722060646953755 0.13703739067377174 0.027255551324038976 0.04121043931632213 0.027255551324038924 0.033657575023126086 0.03897076405811105 0.027255551324038955 
0.018057454708348915 0.09269545809916868 0.07358757532134798 0.29477374622188285 0.018057454708348925 0.39649282811902986 0.018057454708348922 0.03028353244147877 0.03993704096368086 0.018057454708348984 
0.018423039526911718 0.02302971347110228 0.31683270875314246 0.4708999473467033 0.01842303952691167 0.018423039526911624 0.01842303952691167 0.057508751696186446 0.0396136810982992 0.01842303952691158 
0.012130660291478983 0.14294455122771008 0.0765961289354301 0.6651665237469018 0.012130660291479108 0.017278157835725654 0.012130660291478978 0.012130660291479009 0.033093793662383256 0.01639820342599172 
0.014576240681135277 0.2881262465938253 0.046323865259160324 0.4220811263903705 0.01457624068113525 0.018394605259756037 0.017634765163417984 0.024709717955472357 0.13530847051736528 0.01826872149832144 
0.029383973292808643 0.036481510915239844 0.03837926736643676 0.4933870411950453 0.02938397329280859 0.05078221307638898 0.029383973292808653 0.03657673917086278 0.21597757457401934 0.04026373382357633 
0.01301069338315685 0.04607371603607158 0.03199025480306415 0.7071023769495869 0.013010693383156937 0.01301069338315694 0.01301069338315689 0.021802842013928566 0.02061273220967811 0.12037530445511044 
0.0209748411705525 0.020974841170552778 0.2309591470482415 0.2336005569613693 0.02097484117055254 0.35508996652404345 0.0209748411705525 0.04925653147981323 0.020974841170552653 0.02621959213375716 
0.019922892529782202 0.3771951851212895 0.38224336404681714 0.03738942935292295 0.019922892529782216 0.037366153971477974 0.01992289252978221 0.06619140485857268 0.01992289252978251 0.019922892529782014 
0.021861424460809898 0.18212354545539172 0.07763846745790404 0.324839311787324 0.021861424460809874 0.02770221345703627 0.0218614244608099 0.04128137051894778 0.03578901589796424 0.24504180204295406 
0.015280688054831553 0.6714646223644859 0.03613152664310556 0.14951806001138743 0.01528068805483157 0.015280688054831527 0.01971447533003098 0.023915818638935986 0.01528068805483182 0.038132744792680195 
0.0618132784509184 0.061813278450918246 0.13736906149763034 0.2858571855554581 0.09978153565194828 0.06181327845091842 0.0618132784509184 0.0618132784509184 0.10611254658945272 0.06181327845091838 
0.013834949043683055 0.04071778720850283 0.43047856274144786 0.3460769070373124 0.013834949043682997 0.018461843432857523 0.013834949043683039 0.058062181159161466 0.034045009722920926 0.030652861566721912 
0.04995071044508641 0.04995071044508653 0.04995071044508637 0.46683188790404345 0.04995071044508634 0.08737329500007268 0.049950710445086366 0.06864981666755944 0.07744073775776723 0.04995071044508636 
0.052063498689553185 0.09620540147722899 0.07915073470091266 0.22674174875434516 0.05206349868955324 0.06456371720854798 0.0520634986895532 0.2559672926473023 0.052063498689553185 0.06911711045343716 
0.0270646905813592 0.045637553514054637 0.049752360444783476 0.10902542306594218 0.02706469058135914 0.6104464947141767 0.027064690581359185 0.04981471535423977 0.027064690581359248 0.02706469058135917 
0.01114315167230116 0.24212934152461418 0.03369504171889289 0.5179878505262023 0.02014117768448308 0.0829677775759108 0.011143151672301135 0.013481312995586135 0.051425362563459975 0.01588583206623228 
0.061354059144392625 0.3159540847441981 0.06135405914439258 0.16482329778575056 0.061354059144392584 0.061354059144392604 0.07440264458036192 0.07669561802331443 0.06135405914439266 0.06135405914439262 
0.022449871218381046 0.09200159758851166 0.3361351228323732 0.1486148852002456 0.022449871218381018 0.10573466541230728 0.022449871218381063 0.03290778642556806 0.02244987121838094 0.19480645766746735 
0.014872146025253247 0.16792434938798542 0.12406883082589877 0.5760011019825686 0.014872146025253219 0.029297792074430947 0.014872146025253195 0.024533563209530523 0.018685778418526745 0.01487214602525335 
0.02418570411017723 0.2934194096688112 0.24753055698323698 0.2526361647141559 0.024185704110177265 0.024185704110177272 0.02418570411017725 0.02418570411017727 0.0612996439727391 0.024185704110177272 
0.015954625953940472 0.045248357327653775 0.06430467169478764 0.5822342082650529 0.015954625953940434 0.12728701195552605 0.015954625953940416 0.026173642936226343 0.09093360400497066 0.01595462595394043 
0.020275342804485005 0.08041285888804854 0.07542589245196059 0.48620333851547204 0.02027534280448507 0.033562883919544664 0.020275342804485084 0.18318556763591257 0.031392395574619 0.04899103460097135 
0.00897587054490897 0.025155651289092713 0.04046411801313758 0.7917575675599912 0.008975870544909044 0.023504019223822482 0.012270194320718903 0.01689527569461991 0.05996173889473948 0.012039693914008671 
0.03918906921690421 0.06543432212772707 0.05711760939417007 0.534748242787252 0.03918906921690419 0.0391890692169042 0.039189069216904175 0.09603282734356687 0.05072165226282319 0.0391890692169042 
0.0273302636696117 0.4240887279320405 0.28987975399423377 0.03367562257877146 0.027330263669611707 0.027330263669611696 0.027330263669611724 0.04692764244680598 0.06877693470010997 0.02733026366961169 
0.026116551669666036 0.033334831874912894 0.12590990789240397 0.6356835744861938 0.02611655166966621 0.02611655166966621 0.026116551669666203 0.026116551669666165 0.03678467557697731 0.03770425182115674 
0.061264676632373 0.061264676632372075 0.06126467663237303 0.4021306240238836 0.06126467663237299 0.061264676632373 0.061264676632373 0.061264676632373026 0.1077519629171185 0.06126467663237301 
0.025350549097980582 0.6292321966623081 0.03830552997460609 0.11372655075261257 0.037325417151038265 0.04477513014726994 0.025350549097980644 0.025350549097980582 0.025350549097980582 0.03523297892020716 
0.014182330039988996 0.021417801299774643 0.47812864560001456 0.38112636397636956 0.014182330039988979 0.018889810272123 0.014182330039988901 0.026285545534232155 0.017422513157493873 0.014182330039988924 
0.06093386956525616 0.07675183102019978 0.10619250045230996 0.18137535362616491 0.060933869565256156 0.06093386956525618 0.060933869565256156 0.06093386956525614 0.2700770975097732 0.06093386956525609 
0.0221716965393407 0.11348434445535462 0.15973138611651388 0.5031307679126714 0.022171696539340723 0.05454736947697301 0.022171696539340778 0.03950350535575405 0.040915840525320796 0.022171696539340698 
0.05978003732343589 0.0766925935468489 0.10697561346081819 0.15971467776996598 0.05978003732343593 0.24493075085454818 0.08462271844655363 0.08794349662751635 0.059780037323435384 0.05978003732343591 
0.016830910815959672 0.7011873475539585 0.03470743264835617 0.05207304603275917 0.01683091081595978 0.08273666393165528 0.016830910815959672 0.041187563336691414 0.016830910815959704 0.020784303232790423 
0.05085506115484465 0.29092655749099355 0.06167075321474148 0.1214689824732397 0.05085506115484467 0.050855061154844665 0.050855061154844665 0.05085506115484482 0.17280281511596002 0.09885558593084258 
0.016809587225969997 0.02798222821485812 0.426629515050921 0.10455097956462726 0.016809587225969813 0.029917489482057393 0.016809587225969893 0.02826012202023618 0.06632186673238008 0.2659090372569392 
0.014737423465351807 0.033260589557362955 0.14617458068575884 0.5314942788469609 0.014737423465351856 0.04263049503685481 0.014737423465351908 0.02957771632227177 0.15791264568938956 0.014737423465351866 
0.03766826116976825 0.05826532908281164 0.06798330355166311 0.341087200419578 0.03766826116976826 0.0564081327662152 0.03766826116976824 0.09787474936956932 0.07535632329899286 0.1900201780018574 
0.032570322844499 0.06616002174614893 0.10033105726077218 0.049065005108058155 0.03257032284449894 0.04022072683957425 0.03257032284449904 0.2683526707299865 0.32590260423802686 0.05225694554393698 
0.05228097949871192 0.19640620801763864 0.09291157736397593 0.25828747460539797 0.06900033209680272 0.05228097949871183 0.05228097949871193 0.05228097949871194 0.12198951042262518 0.05228097949871193 
0.01956289716494134 0.05746125248479278 0.04032959421641367 0.7296135678170984 0.02465527719697839 0.04003217533725456 0.019562897164941292 0.02366776900619664 0.019562897164941338 0.025551672446528582 
0.06450619355787056 0.08925744916198207 0.2776811662373164 0.11395268383496067 0.06450619355787057 0.08413127664510299 0.06450619355787054 0.07941146701912388 0.09754118287002304 0.06450619355787053 
0.060020613307689305 0.060020613307689284 0.1785729199798311 0.07597536298986733 0.060020613307689284 0.0600206133076893 0.0600206133076893 0.2815919360398487 0.10373610114431864 0.060020613307689395 
0.060267781258644314 0.23015771802071244 0.09990533948649505 0.06026778125864441 0.06026778125864437 0.14285557500334808 0.06026778125864437 0.06026778125864439 0.14864036974950687 0.07710209144670871 
0.01651152835747147 0.042727482004170265 0.17202904836020835 0.48108330955372647 0.022790337424368035 0.18252992562179718 0.016511528357471425 0.022205522986662167 0.023067701924277675 0.02054361540981695 
0.023965234432173924 0.09719012170811475 0.14457949285630312 0.5086125577953967 0.023965234432173944 0.09245356067724932 0.023965234432173903 0.0316345016703895 0.02396523443217278 0.029668827563830935 
0.020868231924162633 0.651346283155281 0.04122941470099825 0.12837592283822954 0.027311381781816007 0.02589328209049169 0.020868231924162636 0.02654698953868597 0.029683681933951798 0.02787658011221794 
0.014201047773810456 0.0942920246937496 0.5033273693317918 0.07035936425258113 0.014201047773810354 0.04174010151853548 0.014201047773810403 0.014201047773810382 0.03551807276955009 0.19795887633855136 
0.024437203427457997 0.10823409775741195 0.1304353109603454 0.3359712831310551 0.024437203427457966 0.02443720342745796 0.024437203427458018 0.07091997532430339 0.07070016766476551 0.18599035145227172 
0.0346297188897923 0.15892648017592237 0.055453298669428115 0.44488154466315494 0.04330594201979198 0.03462971888979225 0.03462971888979229 0.0612077652119799 0.09770609370053132 0.03462971888979232 
0.007277729679245973 0.13613021296735955 0.06872421052425655 0.1823790146095945 0.009100463620910718 0.023185221182758505 0.011340267001274823 0.5185849918783817 0.03600015885691992 0.0072777296792458784 
0.010721878716420071 0.6383803641098046 0.0554691459152274 0.14318660015062193 0.015306570610881825 0.02087869351154618 0.01072187871642017 0.020066322940262983 0.05841513068936316 0.026853414639451876 
0.016938024271188252 0.04290829092334531 0.021461233398189887 0.7900470809210841 0.021493587643186585 0.02049212049175745 0.016938024271188276 0.016938024271188085 0.03584558953767819 0.016938024271188346 
0.03502864947174902 0.07819700777652161 0.05389823289528227 0.6033028579389618 0.035028649471749065 0.04258728801053586 0.03502864947174904 0.046871366019904846 0.03502864947174917 0.035028649471748996 
0.052589658193038145 0.1662523375657405 0.06637208232548619 0.14955288405388578 0.052589658193038145 0.05258965819303822 0.05258965819303813 0.09418451957842083 0.19802548618797913 0.11525405751633669 
0.053224884541111385 0.053224884541111274 0.26228430437139294 0.10409969362696406 0.05322488454111139 0.1997406524302518 0.053224884541111406 0.08885679954971802 0.06439303248795053 0.06772597936926163 
0.05534202700429471 0.10725883416037775 0.06973745082736499 0.24838180388032693 0.05534202700429473 0.055342027004294685 0.05534202700429473 0.06779296624268902 0.23011880986777267 0.055342027004294705 
0.013794081416722717 0.06309493916079865 0.1766778597160951 0.1488613629264977 0.016688485855190133 0.035344488163014186 0.013794081416722675 0.4785975997462342 0.03441586458252456 0.01873123701620832 
0.015628945420977505 0.023816609747646274 0.49673266300088637 0.08554481001946998 0.015628945420977407 0.015628945420977373 0.01562894542097737 0.015628945420977595 0.06972331704206551 0.2460378730850656 
0.01344178961151991 0.3108809067601918 0.13224361778149585 0.29791529614187784 0.01344178961151991 0.04138365798190419 0.01857382919227211 0.02659952995160238 0.11193856762392404 0.03358101534368618 
0.05062296619489621 0.050622966194896264 0.05062296619489621 0.08166289218284042 0.05062296619489619 0.050622966194896195 0.05062296619489621 0.06682314388306398 0.49715320056979295 0.05062296619489619 
0.018130820658849897 0.7616326078141693 0.018130820658849932 0.08049778775438177 0.018130820658849908 0.025824412975680444 0.018130820658849883 0.018130820658849932 0.023260267502624467 0.01813082065884995 
0.017822638799577514 0.09756921201236454 0.038959438655798984 0.2748309229481252 0.01782263879957759 0.02156235319506916 0.02407701423124541 0.24185505956765888 0.17030510706031252 0.09519561473023229 
0.043078635316612976 0.10690438394309013 0.09367669636628934 0.17304412741412165 0.04307863531661297 0.13876801452732393 0.04307863531661299 0.043078635316612976 0.27221360116611476 0.04307863531661296 
0.02541710509169981 0.0731270341219298 0.054402096172182626 0.6557594324503678 0.038815631338514095 0.035095817244171136 0.0349098336072703 0.02541710509169971 0.025417105091699897 0.031638839790432166 
0.026198360955613967 0.07644155629236363 0.09918076496122559 0.2531992496954638 0.026198360955613974 0.06429014685126459 0.026198360955614036 0.03658449214438045 0.3655103462328234 0.026198360955613943 
0.06473263452975303 0.1282740125291048 0.15654849880734853 0.09884908997182597 0.08206831923426883 0.11048459505649064 0.06473263452975302 0.06473263452975306 0.14974041944024902 0.07983716137145343 
0.07539208906031408 0.09765332549372276 0.07539208906031403 0.15311079961997445 0.10171859156265614 0.14461771535158874 0.0753920890603141 0.1259391226704874 0.07539208906031408 0.07539208906031408 
0.02162972170971095 0.027628153148687853 0.14187543042182563 0.636588535870657 0.021629721709710996 0.03343165202221968 0.03162302938215641 0.021629721709710864 0.037090120463338705 0.026873913561951648 
0.060630001227058576 0.07924435792874981 0.11413282098068721 0.311554075566948 0.06063000122705856 0.07973826733005834 0.060630001227058555 0.08804771332987606 0.0847627599554513 0.06063000122705867 
0.06772153948046232 0.12170768272525148 0.09623871311988212 0.1345804275638858 0.0677215394804623 0.0677215394804623 0.06772153948046233 0.06772153948046233 0.20381789855770913 0.10504758063094749 
0.0213798592160731 0.06370157900695438 0.057986102888133204 0.5766061093093743 0.021379859216073143 0.05852233904237337 0.03128742261089172 0.11600434267521341 0.0317525268188994 0.021379859216073 
0.023106346392369526 0.2816936675440795 0.3861286369030681 0.10401406779057425 0.0231063463923695 0.03886701739169152 0.023106346392369526 0.046679015011638667 0.039877790488964886 0.03342076569285351 
0.035597149314832106 0.05589376804816287 0.06481612157640608 0.5783339236834412 0.035597149314832086 0.054027885680069485 0.03559714931483207 0.03559714931483225 0.05940567289542469 0.045134030857183025 
0.07547600895106542 0.07547600895106545 0.07547600895106545 0.18269443511455108 0.07547600895106542 0.10457388656745144 0.07547600895106542 0.07547600895106545 0.1843996156605409 0.07547600895106542 
0.08047699396980028 0.09736343689439554 0.20043097838522944 0.11553574965145436 0.08047699396980028 0.08047699396980026 0.08047699396980028 0.08047699396980015 0.10380787125012213 0.08047699396980028 
0.031035533884442138 0.03754770271334552 0.09981884507756861 0.26076796409208036 0.03103553388444217 0.34031645573742664 0.03103553388444216 0.04668085843888082 0.09072603840293271 0.031035533884442194 
0.05246883877784009 0.08853481006232139 0.12641947491874211 0.3923196881368456 0.05246883877784009 0.06479318126960446 0.05246883877784011 0.06558865172329642 0.05246883877784013 0.05246883877784014 
0.018465837404346278 0.01846583740434647 0.5201438760739846 0.28039686859416013 0.018465837404346302 0.047007479069899355 0.01846583740434642 0.01846583740434582 0.029640300112294172 0.030482289127932192 
0.047295989680190505 0.09912221023031645 0.1825581828325722 0.061966103714814945 0.047295989680190526 0.31992194292757564 0.07022940732939151 0.0662602798727234 0.047295989680190505 0.058053904052019045 
0.022824152257342016 0.05903572154282138 0.3069346561585281 0.06471861249419107 0.022824152257342033 0.42073991901845353 0.02282415225734208 0.022824152257341957 0.02966115031420607 0.027613331442396 
0.012803712711170593 0.10839454933633275 0.37187265582320056 0.07639304235997507 0.012803712711170642 0.28944301114330745 0.012803712711170584 0.0128037127111706 0.0839900184216738 0.018691872070819675 
0.025504793725960408 0.5046035407279558 0.06004370083539918 0.12543750566157408 0.025504793725960453 0.04884859691845844 0.025504793725960435 0.07015261949123018 0.07915476312485181 0.03524489206259155 
0.06971915756750528 0.08434828965780594 0.1412129560192366 0.08660687362906451 0.06971915756750531 0.11085593148032022 0.06971915756750528 0.08836477858723239 0.19134382847058556 0.08810986945323182 
0.05295328830613535 0.06680072381439947 0.11288632656835863 0.3294002382834058 0.05295328830613537 0.09733380458100539 0.05295328830613533 0.08992528781450541 0.05295328830613578 0.09184046571379371 
0.0725999029982023 0.17108941529669186 0.11063391314841858 0.102414368172649 0.09090790551701189 0.10905257728403014 0.0725999029982023 0.10279035766338752 0.07259990299820228 0.09531175392320333 
0.012769763977928065 0.4274945367107304 0.03245251041099829 0.09299657976941658 0.01276976397792804 0.35814787655337443 0.012769763977927975 0.018609451683626495 0.019219988960123065 0.012769763977928079 
0.03049749299924834 0.11762456828806442 0.03689676500819419 0.11925451619990823 0.030497492999248345 0.04588595457142327 0.030497492999248362 0.04655605784359543 0.030497492999248345 0.5117921660917842 
0.028285230286322394 0.034220304439540696 0.35827776154658036 0.07615336246403324 0.03485230699530074 0.04156293154669021 0.0282852302863224 0.0412250934503735 0.13666333010776963 0.22047444887703724 
0.024947060624475555 0.4712915922225574 0.18607724294372532 0.03866472215302965 0.02494706062447574 0.0478014910516506 0.030806845717121827 0.04152603826181128 0.0893469494685095 0.04459099693260927 
0.01516844758470577 0.10772152996436916 0.2505179592836868 0.19769760589449178 0.015168447584705735 0.029527161892472495 0.024642921515892643 0.30573351690781064 0.03200015561387489 0.02182225375799031 
0.049985088927875176 0.06216222480252542 0.3360732977369265 0.10952922669642949 0.0499850889278752 0.07207863797488047 0.0499850889278752 0.061726026401959434 0.15849023067578585 0.04998508892787512 
0.014355165584035705 0.407474639925449 0.04945356564066373 0.043243541457330795 0.014355165584035786 0.05406535230955589 0.030712558232431634 0.07026588245989827 0.21903443655412422 0.09703969225244861 
0.022578451303181882 0.2750069445636389 0.18947890046210916 0.08816871892067174 0.029803925243744183 0.054406754583631464 0.028260491203242713 0.06855194072467019 0.22116542169194067 0.022578451303181916 
0.02230693863073436 0.7473000686824083 0.022306938630734456 0.06738264676926599 0.022306938630734525 0.029168714133246103 0.022306938630734397 0.022306938630734432 0.022306938630734432 0.022306938630734432 
0.037459310110459276 0.04869910786316563 0.03745931011045923 0.03745931011046001 0.03745931011045925 0.08554581454067631 0.037459310110459276 0.051884788098820314 0.06653936584792366 0.5600343730971226 
0.01708007077587464 0.03111455512830317 0.5583320319117533 0.24262805492658904 0.0170800707758747 0.023570117687321476 0.017080070775874694 0.02882130702132619 0.04309246803187117 0.021201252965161933 
0.015398632065679293 0.02414117228140702 0.08370047464952862 0.48015139776816806 0.015398632065679235 0.030864097534563883 0.025633581866839082 0.27937369980560683 0.029939679896864458 0.015398632065679336 
0.07323785992187924 0.07323785992187926 0.18658150324227865 0.1816635617969518 0.1012480472511798 0.07323785992187924 0.07323785992187924 0.09107972817831429 0.07323785992187927 0.07323785992187924 
0.02322377668434798 0.0891248675047343 0.10128460593350053 0.27639168384695184 0.02322377668434782 0.05627618627434479 0.030139342536854973 0.04562368505820222 0.21497858601236453 0.13973348946435857 
0.0165529479735528 0.22125665330432762 0.04632069987361759 0.13872145076249645 0.016552947973552782 0.24779905574678213 0.016552947973552747 0.04843674538305949 0.2211916310500551 0.02661491995900734 
0.06474715006478594 0.06474715006478593 0.06474715006478583 0.1207716512647645 0.06474715006478597 0.08118112391017868 0.06474715006478594 0.08210653064748313 0.16152900795696387 0.23067593589668217 
0.05667535688230797 0.1514106932092346 0.13823487886308097 0.12513322249813455 0.05667535688230797 0.05667535688230797 0.05667535688230795 0.07473569680221742 0.22710872421579323 0.05667535688230804 
0.06321126786393036 0.06321126786393036 0.07838801704618212 0.1035989929449164 0.10598581711198553 0.06321126786393036 0.06321126786393039 0.06321126786393036 0.33275956571334997 0.0632112678639304 
0.019750380336200753 0.7330843081701042 0.02944148582195391 0.049895023787718 0.019750380336200624 0.044745954264834166 0.019750380336200697 0.023894591667099223 0.029240661869125373 0.03044683341052462 
0.015157962097907464 0.1901474158853394 0.022890313339118614 0.5018248382297995 0.015157962097907469 0.015157962097907561 0.026000628751727043 0.02942792287663331 0.07066338831225054 0.11357160631140971 
0.015986896702804863 0.07840343495154109 0.02897509054127768 0.6301232109110612 0.019742039658799542 0.14474052588374087 0.015986896702804773 0.015986896702804843 0.028083397973027842 0.021971609972140555 
0.05154074407221385 0.12392274848532953 0.10172121751055926 0.29630427193497355 0.051540744072213866 0.15444297817406089 0.05154074407221391 0.051540744072213894 0.05154074407221449 0.06590506353402004 
0.012040336343805276 0.02570009565101571 0.022703251661167965 0.6099589955075589 0.01765020362595188 0.012040336343805441 0.015735241274722526 0.031112017530490504 0.06255613787179597 0.19050338418966342 
0.06394297250957141 0.07993188817919654 0.06394297250957143 0.13405028510055636 0.08106718224625303 0.21890655841620124 0.06394297250957141 0.06394297250957141 0.06394297250957143 0.16632922350993448 
0.019977201853293478 0.639492629197686 0.0373396821902844 0.05257138677955804 0.019977201853293363 0.13393473519091378 0.01997720185329347 0.029772788413690483 0.019977201853293564 0.02697997081470674 
0.017631241411024113 0.059218051959420634 0.11269052916283184 0.1690658818789983 0.0176312414110241 0.42598633071879655 0.017631241411024165 0.06648687103384769 0.05060541135532949 0.06305319965764347 
0.019662240522843624 0.716375128811723 0.04345484623525328 0.08026673486274523 0.019662240522843388 0.029320407753893465 0.01966224052284353 0.02791367452852364 0.024020245716524398 0.01966224052284355 
0.06751321298979855 0.10229819171194553 0.134913099479071 0.24784176488027904 0.06751321298979855 0.06751321298979858 0.06751321298979852 0.10986766598991204 0.06751321298979841 0.06751321298979854 
0.019340948651589668 0.14770728724985582 0.15676163431072337 0.12694113530860443 0.024637627221699238 0.20339962375994178 0.02694234834266424 0.05863056495625774 0.024702575724049915 0.210936254474601 
0.06442148577606985 0.06442148577606979 0.11956998181186715 0.09566193888621774 0.06442148577606988 0.07832264189987721 0.06442148577606983 0.2779498332854826 0.10638817523620746 0.06442148577606989 
0.07345749612554982 0.07345749612554983 0.1016790933073197 0.24643411895257117 0.09381993336355869 0.07345749612554986 0.0734574961255498 0.09036150929050703 0.10041786445830278 0.07345749612554985 
0.0349477751644092 0.03494777516440896 0.06234008654797763 0.10176792269962338 0.03494777516440918 0.04228084740710303 0.0349477751644092 0.04417571852765014 0.03494777516440925 0.574696548995574 
0.0247569331730912 0.07076131102600809 0.26502347729672837 0.04079439858516705 0.024756933173091186 0.4177573325717815 0.024756933173091192 0.031007915336730318 0.06981270620716093 0.03057205945714685 
0.015864164534864094 0.047527047849936534 0.053662822418842744 0.7059716021487329 0.022920640508744136 0.023475209433230688 0.01586416453486403 0.0554644558898652 0.03940791418658179 0.01984197849429144 
0.02400535119175781 0.0391172807132637 0.050099305537281605 0.525408396221311 0.030318016459006832 0.09830371405618549 0.03532286234411176 0.024005351191757722 0.049722905867043136 0.12369681641827128 
0.033714275875521706 0.07592740921117051 0.05589109719564468 0.3400720578274562 0.03371427587552173 0.04078852364786885 0.03371427587552172 0.033714275875521636 0.3083073986149719 0.04415641000080057 
0.01279745497269807 0.04724220574462096 0.021446671540822523 0.7892000835233147 0.01848344661873806 0.0372342150330438 0.012797454972697997 0.021056781400221988 0.020935822067989232 0.018805864125945017 
0.01849002682898836 0.04408227329640456 0.15098688714453465 0.13223982043215757 0.023303130053009557 0.02675949856353157 0.018490026828988364 0.4765054325471302 0.03217107375752392 0.07697183054778317 
0.04969104666801124 0.22838507724783239 0.06283237131634263 0.27371528251749155 0.04969104666801124 0.06773147238311199 0.049691046668011205 0.06396594225921323 0.06571849196592254 0.08857822230605317 
0.01855251328140337 0.06727059528185046 0.057778918420129534 0.6603805393298029 0.018552513281403345 0.043850888860731754 0.02440733403785165 0.04798877782946511 0.042665406395943704 0.018552513281403345 
0.017294345175667053 0.12288279483768738 0.13829604565577203 0.03110527150533013 0.01729434517566702 0.01729434517566708 0.022266735687236233 0.03819997156848584 0.5017671483151356 0.09359899690325522 
0.0241170193632185 0.6804125432455745 0.02411701936321849 0.04397684308378367 0.024117019363218535 0.035236747812450994 0.03053027511397981 0.03384501943889159 0.02935638176730391 0.07429113144831757 
0.03323493316722004 0.06099216204141068 0.3700259296249619 0.12503244727031604 0.040841887754849565 0.09331606426469495 0.033234933167220065 0.14311273146133213 0.05722418785340071 0.042984723394615156 
0.018012021595060664 0.3755699293652271 0.042522546728550346 0.1824574560278777 0.02845900196766752 0.02612767285625004 0.018012021595060712 0.053775564309720955 0.021898736117117585 0.23316504943746502 
0.017447454287330397 0.3185880170748944 0.2040585113903297 0.1634499085071895 0.017447454287330404 0.02497723361760689 0.017447454287330393 0.027596716325448738 0.18204463918538596 0.026942611037163767 
0.03098589625356808 0.19588323261837995 0.04055256639572237 0.5131461515539207 0.03909084245847519 0.03098589625356804 0.030985896253568124 0.04814488123984165 0.03923874071941627 0.030985896253568002 
0.01838781058131057 0.611523281247331 0.022601811334610603 0.041178703101036655 0.018387810581310563 0.04350495986373291 0.018387810581310542 0.18542204362887432 0.02221795849916482 0.018387810581310532 
0.017295035375813325 0.09148548936435734 0.04511107861413832 0.20982074063002645 0.017295035375813336 0.4519871428089815 0.024633972415142587 0.07041950594380053 0.054656964096107444 0.017295035375813308 
0.029515375754241256 0.5885703184153818 0.05529606406325426 0.10490671534667612 0.043572859674100475 0.02951537575424134 0.029515375754241308 0.04905013634414447 0.04054240313948201 0.029515375754241326 
0.01931629248880206 0.4874524514901542 0.06275008354991854 0.05947461146192592 0.019316292488802136 0.06970705303620574 0.01931629248880213 0.03579705567649355 0.20755357483005993 0.01931629248880208 
0.01507868938440443 0.015078689384400096 0.13689688478612128 0.6819615706062808 0.015078689384404393 0.03007266432803868 0.015078689384404383 0.02406454630481877 0.05161088705269706 0.015078689384404487 
0.015461969900703388 0.08723989280315216 0.16757208267171275 0.11512551792904971 0.015461969900703402 0.1317713910386597 0.019320894590329415 0.39247841589201343 0.03046698291819677 0.025100882355465214 
0.019961721094831786 0.05510988892042588 0.1416113146177196 0.6031708687248387 0.01996172109483178 0.030675848506687097 0.019961721094831786 0.03328271758169513 0.03350352538369246 0.04276067298045686 
0.06611717483672147 0.2323291287067772 0.06611717483672143 0.07999050489219993 0.06611717483672146 0.08146782089964733 0.06611717483672146 0.08153641372673444 0.06611717483672151 0.19409025759103302 
0.022714243190158433 0.10884899307339035 0.44821679995658226 0.13171867277949065 0.032163850333534916 0.035927956700720166 0.05310843140680445 0.07578274007161573 0.06008853350094469 0.031429778986720086 
0.01746770304934401 0.06882530344340167 0.05429353047408453 0.27269735938730116 0.10237664614507551 0.022061168958564886 0.017467703049343974 0.04525257964445558 0.3592751540611673 0.040282851787239934 
0.03637342501998839 0.044587453959736574 0.03637342501998834 0.24980975041660247 0.048430974618924504 0.36568214039790026 0.05725988649181423 0.06571181322571838 0.036373425019988366 0.05939770582938632 
0.06316539449051121 0.09229796208946492 0.21137325308935917 0.09038422515898725 0.06316539449051121 0.08224421458121409 0.06316539449051121 0.06316539449051121 0.18154741184878373 0.08949135527014047 
0.029926678595368524 0.20692051289247673 0.18004508811394535 0.05320506871659351 0.03676391327220296 0.029926678595368524 0.029926678595368517 0.05018353030803066 0.3338149703206424 0.049286880590007257 
0.07148969347411234 0.07148969347411235 0.2806928694269363 0.0907697457716171 0.07148969347411234 0.11037308797771957 0.07148969347411233 0.07148969347411234 0.07148969347411238 0.08922613597905017 
0.02266174742071783 0.04425201681565243 0.034194564632871786 0.07717873750998226 0.02266174742071775 0.022661747420717825 0.02764045583469032 0.028652573423135347 0.02741684928914916 0.6926795602323281 
0.04494220754977631 0.5460676825291 0.06549281749652726 0.044942207549776285 0.04494220754977611 0.05464003795793589 0.04494220754977626 0.05471601828139028 0.05437240598610702 0.044942207549776285 
0.015137333614905638 0.023029528408186725 0.4448108618053898 0.0767719446668506 0.015137333614905532 0.015137333614905692 0.015137333614905627 0.035354997608547996 0.0770310733700801 0.2824522596813124 
0.020125567220901846 0.03902550816024677 0.3632906584304521 0.07039148570547037 0.020125567220901894 0.029338951227516865 0.020125567220901867 0.11440162429906424 0.2465506177877645 0.07662445272674981 
0.015515169315000662 0.11447629941952651 0.042692359029705806 0.6520051545627059 0.024042818475194336 0.03992505751142275 0.015515169315000708 0.03214010029328161 0.041166698390144245 0.02252117368805311 
0.061379649830687666 0.09426071996754545 0.11001731847827873 0.13935478269136647 0.06137964983068765 0.2692285747200735 0.06137964983068767 0.08024035498930507 0.061379649830687666 0.06137964983068765 
0.016696206890304172 0.6941664776232856 0.030664462941381837 0.04707874835400754 0.01669620689030419 0.03712037414000174 0.023669456955851056 0.026580274289538776 0.020762756298323963 0.08656503561696886 
0.013729761588376018 0.5881869402233396 0.030184838331242296 0.037952183429260794 0.02215111577803362 0.19961453210914504 0.013729761588376011 0.05086489012025232 0.02681050349702269 0.016775473334938847 
0.03147229370181312 0.0998388655567151 0.10805630907671614 0.36825301986197023 0.03147229370181311 0.15002955287558456 0.05971872230193246 0.05880225768502895 0.049138999741392 0.04321768549700848 
0.014547381654864147 0.03791742695688908 0.1252102363101215 0.6554004120991584 0.014547381654864291 0.05261071380074971 0.014547381654864137 0.03091598388722542 0.03332111238892744 0.020981969592341224 
0.02569402209157629 0.04976089906998903 0.07983838624127368 0.27049532927187997 0.02569402209157637 0.3541669999052742 0.03211880242805805 0.047471371002728906 0.08154411932839513 0.03321604856922417 
0.015298483369281888 0.04717096495872138 0.030659320177713563 0.6375751861603762 0.05313625387126628 0.03744518888176551 0.015298483369282067 0.12133339972392562 0.020281572424111754 0.021801147063511443 
0.025832370700286007 0.16002607912287847 0.07833179438821992 0.06927231204308777 0.061712248546867646 0.053536365577580576 0.025832370700286007 0.05512194194146132 0.025832370700286073 0.44450214627906753 
0.016313036757466117 0.023556082721300206 0.07901154211776798 0.3701748558995707 0.016313036757466152 0.03331295828459405 0.016313036757466273 0.033802808691604326 0.36172872672257744 0.049473915290177764 
0.05928699950135972 0.0741409241901219 0.101523453834542 0.07433509039342628 0.059286999501359766 0.09143482596495321 0.05928699950135972 0.0592869995013597 0.36213070811017545 0.05928699950135972 
0.027113960350886902 0.06180314567129363 0.3857123431215849 0.21551555084109505 0.027113960350886836 0.027113960350886816 0.03849257481794325 0.10670947410752751 0.07653123468520362 0.03389379570269152 
0.01371861070085311 0.2764297631641896 0.09621000641843622 0.10984323294930286 0.01686927852850819 0.04097956622375983 0.013718610700853057 0.2529955997475549 0.04028184562182062 0.13895348594467669 
0.017476051357938543 0.765847927813177 0.01747605135793846 0.02566026662682259 0.022010845380724627 0.024548263521239972 0.01747605135793849 0.025395437865391383 0.017476051357938508 0.0666330533608918 
0.02474873812583084 0.06275432906915834 0.030561939485083203 0.40285842863878113 0.03205423955525945 0.049681418410276824 0.024748738125830946 0.3015188598843018 0.04632457057957157 0.024748738125831032 
0.0592302464299181 0.059230246429918115 0.07912202220439316 0.07463706375587863 0.0592302464299181 0.28813095400468136 0.059230246429918115 0.05923024642991814 0.0592302464299181 0.2027284814555478 
0.028466052004641255 0.06556372278494084 0.03634528688647807 0.6638467232050845 0.044743794230698325 0.040412083752430515 0.028466052004641314 0.028466052004641286 0.028466052004641234 0.03522418112169728 
0.03415536442921599 0.07823130838484474 0.14284802481190848 0.5398331157987156 0.034155364429215976 0.034155364429216066 0.03415536442921595 0.034155364429215955 0.03415536442921576 0.03415536442921605 
0.0787783178849932 0.20703698195784775 0.07877831788499319 0.10025221149649198 0.07877831788499326 0.09577745540716767 0.0787783178849932 0.0787783178849932 0.09577745540716767 0.10726430630635776 
0.013268114214776056 0.7971020916857274 0.04758959310583251 0.034625698859102716 0.02409937735047997 0.01990348792197281 0.013268114214776089 0.023607294217782224 0.013268114214776092 0.013268114214776196 
0.018360370852657744 0.1191479435024035 0.03507313442237003 0.10217539437012692 0.01836037085265775 0.17666663107370986 0.018360370852657647 0.023707797692327056 0.469787615528408 0.018360370852657654 
0.04567769711277712 0.17655141626520063 0.10858600033383431 0.0684697079712603 0.04567769711277711 0.19123769542601826 0.04567769711277706 0.045677697112777145 0.22676669443979844 0.045677697112777124 
0.06293485995154717 0.07834039101056132 0.1816068161600572 0.14166682171015876 0.06293485995154717 0.06293485995154714 0.08307504514081024 0.14278837573259126 0.09262575872447588 0.09109221166670264 
0.015260773295481771 0.07976617337768335 0.01956159815606534 0.03781533903286364 0.022542778950326057 0.04339062260750596 0.01526077329548178 0.030256434832303943 0.6806178456719633 0.055527660780248726 
0.019208653531695468 0.0691885704995876 0.11983434317206816 0.6114372728689967 0.01920865353169537 0.023963892528972883 0.019208653531695208 0.045797830563846 0.023944019400734425 0.048208110370668744 
0.02344899379755136 0.034279991556761466 0.38343490457848894 0.057457359030191495 0.023448993797551335 0.029112969667247857 0.023448993797551405 0.041567715043897606 0.12541411016681064 0.258385968563921 
0.023981105920559055 0.023981105920557938 0.036769022916562644 0.6679252610097678 0.05228061217664581 0.07179185185548105 0.023981105920558982 0.03449995564438763 0.040808872714951955 0.023981105920558927 
0.019577282083291025 0.37066100206763986 0.23813816503595478 0.06571132299609167 0.019577282083291084 0.13186120289250947 0.02437599414453533 0.07571267570698616 0.03072987821109783 0.023655194778605844 
0.016401931697328447 0.08944077918352786 0.09756813720068197 0.046968900693495394 0.02025456172446318 0.08022389067885032 0.01640193169732837 0.06674998615070357 0.02944748124018648 0.5365423997334267 
0.013959341824077683 0.13260477072413732 0.03268151935211181 0.6967942811683012 0.01719061233222631 0.013959341824077683 0.013959341824077718 0.013959341824077766 0.048003026364931874 0.016888422761987255 
0.026151274858937833 0.1884926401335711 0.19665891598370944 0.19635074353811413 0.10998062601431983 0.026151274858937933 0.02615127485893786 0.048155774209417836 0.1557562006851155 0.02615127485893785 
