0.017612409134151373 0.02302975452854147 0.017612409134150898 0.017612409134151352 0.017612409134151314 0.01761240913415131 0.8136424047056812 0.017612409134151314 0.040040976826715896 0.017612409134151352 
0.011668233635920117 0.19012828133459397 0.011668233635920117 0.02454746522573383 0.011668233635920105 0.01610129160961262 0.6942684401917777 0.01166823363592011 0.016613353458681212 0.011668233635920212 
0.038905996230366925 0.13726813353465636 0.038905996230366925 0.038905996230366925 0.03890599623036694 0.038905996230366925 0.05949160356993087 0.5308982892828403 0.038905996230366925 0.038905996230366925 
0.015478089752984344 0.41317719126481545 0.015478089752984406 0.021773115363722836 0.01547808975298434 0.015478089752984378 0.29160886179996276 0.028611353029070988 0.024241553274093743 0.15867556625638746 
0.024813673229704982 0.4488322076860437 0.024813673229704934 0.024813673229704916 0.024813673229704965 0.02481367322970503 0.3415099858583667 0.024813673229705013 0.035962093847678664 0.024813673229704947 
0.04525431742973203 0.34720392785197235 0.04525431742973203 0.04525431742973204 0.04525431742973202 0.045254317429732065 0.2579686364579378 0.07804721368198866 0.04525431742973204 0.045254317429732044 
0.002239330150896567 0.008896998028400866 0.0022393301508959766 0.0022393301508965642 0.002239330150896575 0.005362588210089137 0.9700651027052337 0.002239330150896562 0.0022393301508965677 0.0022393301508965694 
0.038977839674078946 0.049207802454435845 0.03897783967407896 0.053256553638168114 0.038977839674078966 0.038977839674078966 0.6246907661887788 0.03897783967407913 0.038977839674078994 0.038977839674078966 
0.05328051834658058 0.30881990471547066 0.05328051834658056 0.06588294784611018 0.05328051834658058 0.0532805183465806 0.2413046542012329 0.06430938315770764 0.05328051834658058 0.05328051834658058 
0.03666974261524196 0.6839399349835371 0.026811986979579913 0.026811986979579892 0.026811986979579906 0.026811986979579785 0.09170641354411142 0.02681198697957993 0.026811986979579868 0.026811986979579882 
0.01791889452431905 0.027115719755755895 0.014465385488923423 0.018589076525902155 0.014465385488923484 0.014465385488923312 0.8495839962604792 0.01446538548892329 0.014465385488923385 0.014465385488923305 
0.018481857093363894 0.6448559699840013 0.018481857093363956 0.036701259347274216 0.018481857093363908 0.01848185709336387 0.1768392869703145 0.03071234113817225 0.018481857093363956 0.018481857093363935 
0.06627541008401772 0.33819056326194913 0.06627541008401769 0.0662754100840177 0.06627541008401769 0.06627541008401767 0.06627541008401915 0.13160615606592754 0.06627541008401769 0.06627541008401769 
0.027753134493444336 0.31097208890076466 0.027753134493444298 0.027753134493444305 0.027753134493444333 0.027753134493444315 0.3476228566214464 0.027753134493444336 0.1471331130236456 0.027753134493444326 
0.05759200058927928 0.2067091011072183 0.05759200058927921 0.30138801691518957 0.057592000589279255 0.05759200058927924 0.08875887785265364 0.05759200058927924 0.057592000589279255 0.057592000589279255 
0.01435338960694302 0.08371658594709927 0.014353389606942959 0.03436883696044319 0.014353389606943009 0.01435338960694303 0.7621361175021699 0.023914184494918132 0.017790422793454847 0.020660293874134088 
0.024658373973312976 0.03625707983424666 0.02465837397331305 0.024658373973313087 0.024658373973313077 0.024658373973313073 0.7664759283791438 0.024658373973312993 0.024658373973313087 0.02465837397331301 
0.015566299064072147 0.03938193019918789 0.015566299064072153 0.01556629906407213 0.015566299064072135 0.015566299064072081 0.8316983492121522 0.01995562714008562 0.015566299064072074 0.015566299064072153 
0.013666940487528631 0.29299063862096886 0.013666940487528688 0.018438431673670375 0.013666940487528725 0.013666940487528707 0.15931636877594407 0.4472529180041757 0.013666940487528674 0.013666940487528718 
0.013775331184272497 0.6468295443203491 0.010170027488651378 0.01017002748865119 0.01017002748865141 0.010170027488651357 0.2653841964983731 0.012990763065032666 0.010170027488651335 0.010170027488651456 
0.011431284631460393 0.5278412993124331 0.011431284631460424 0.015761919045794427 0.011431284631460445 0.011431284631460339 0.3732300195258003 0.014579054327187604 0.011431284631460356 0.011431284631460384 
0.026489530177871912 0.07611715072328673 0.026489530177871937 0.05400905745525985 0.026489530177871933 0.02648953017787198 0.6733308698464168 0.02648953017787196 0.03760574090780806 0.0264895301778719 
0.01150386876302604 0.6454169330257457 0.01150386876302608 0.011503868763025988 0.011503868763026065 0.01150386876302608 0.25984492797444 0.014211057658603376 0.011503868763026068 0.011503868763026054 
0.02218189825315993 0.13000332734801304 0.01791897210012544 0.45175197604341155 0.01791897210012542 0.017918972100125465 0.2627894985447722 0.04367843930998314 0.01791897210012545 0.01791897210012545 
0.018451742835093814 0.5262393231747465 0.018451742835093755 0.022811134447877954 0.018451742835093817 0.018451742835093696 0.21945029820365897 0.12078878716312981 0.01845174283509381 0.018451742835093755 
0.018948929026991336 0.5086901750353174 0.018948929026991322 0.01894892902699133 0.018948929026991395 0.018948929026991374 0.3280629189118442 0.030604402863889192 0.018948929026991343 0.018948929026991353 
0.013149412734060803 0.14730348558729406 0.013149412734060862 0.013149412734060806 0.013149412734060888 0.013149412734060853 0.743900641292945 0.016749983981265357 0.013149412734060796 0.013149412734060808 
0.06139470543048501 0.09122783039449552 0.06139470543048502 0.06139470543048501 0.06139470543048501 0.061394705430485044 0.23708976624893083 0.06139470543048503 0.24191946534317663 0.06139470543048502 
0.009432995318761782 0.18531119540407895 0.009432995318761923 0.009432995318761857 0.009432995318761768 0.012777019012056457 0.20211817653572292 0.5431956371355773 0.009432995318761754 0.00943299531876185 
0.04329001958750423 0.052579852102264346 0.04329001958750424 0.05392852760043295 0.04329001958750424 0.04329001958750426 0.4766162749029324 0.1338158805624446 0.05229009815756963 0.057609288324386436 
0.04828285840138262 0.512745390289947 0.04828285840138257 0.04828285840138259 0.048282858401382626 0.04828285840138258 0.06167337146432259 0.06920798995985392 0.06667609787754712 0.04828285840138262 
0.024174019935898683 0.12128019290690059 0.02417401993589865 0.6068065750757611 0.024174019935898697 0.024174019935898593 0.08564758331919892 0.04122152908278256 0.024174019935898686 0.02417401993589873 
0.009812745474385754 0.028620486342162833 0.00981274547438577 0.009812745474385747 0.00981274547438566 0.009812745474385674 0.7074373635820257 0.009812745474385641 0.19525293175495329 0.009812745474385692 
0.057477097003531055 0.2485865251889756 0.057477097003531034 0.05747709700353105 0.057477097003531055 0.05747709700353105 0.291596698782752 0.05747709700353105 0.057477097003531014 0.057477097003531055 
0.03358433684367204 0.35494347984135505 0.020522430006234566 0.020522430006234414 0.020522430006234493 0.024791978494974908 0.45183346664692353 0.02052243000623457 0.03223458814189617 0.020522430006234528 
0.011921144890311819 0.7119459097314731 0.017807476450011173 0.011921144890311939 0.011921144890311841 0.011921144890311843 0.17536114905735448 0.011921144890311883 0.02335859541934087 0.01192114489031189 
0.021927905321030616 0.044336846531340686 0.02192790532103064 0.02192790532103076 0.02192790532103064 0.021927905321030623 0.780239910900419 0.021927905321030602 0.021927905321030665 0.021927905321030578 
0.01330654402497749 0.05272901581475279 0.013306544024977466 0.01330654402497754 0.013306544024977416 0.013306544024977465 0.8300471738942624 0.02407800211621131 0.013306544024977624 0.013306544024977452 
0.017697704530910307 0.7546762823548623 0.021342476196241945 0.032919159025955304 0.017697704530910328 0.017697704530910345 0.07118725312979293 0.03138630663858825 0.017697704530910307 0.01769770453091035 
0.006807518565578189 0.02243281358883182 0.006807518565578247 0.008406201334558133 0.006807518565578384 0.006807518565578239 0.8801814762101592 0.008643317751700502 0.046298598286926076 0.006807518565578232 
0.037438441599900785 0.46932104221479515 0.03743844159990074 0.046193900444908446 0.03743844159990077 0.03743844159990083 0.21280947603586797 0.037438441599900806 0.047044931705013913 0.037438441599900764 
0.023773355133368843 0.05362633655882073 0.02377335513336881 0.02377335513336885 0.02377335513336888 0.023773355133368812 0.7027895215216631 0.07717065598586306 0.023773355133368916 0.02377335513336889 
0.019263445531833286 0.03012658162162842 0.0233579134285616 0.019263445531833318 0.01926344553183329 0.01926344553183324 0.7957451155849652 0.01926344553183331 0.035189716173804134 0.019263445531833297 
0.056120591228709195 0.056120591228708994 0.08274277862203552 0.056120591228709195 0.056120591228709195 0.056120591228709195 0.45254045679632104 0.05612059122870928 0.07187262598067948 0.056120591228709195 
0.02349965909626066 0.10613990229005038 0.023499659096260672 0.023499659096260648 0.02349965909626067 0.02349965909626065 0.4237287131065226 0.03952462778370306 0.28960880224214136 0.023499659096260665 
0.011430841834848644 0.1864020173607337 0.011430841834848627 0.011430841834848724 0.011430841834848694 0.011430841834848696 0.312992891049439 0.42058919874582207 0.011430841834848628 0.011430841834848545 
0.05871247260167118 0.23377323915342388 0.05871247260167118 0.05871247260167118 0.058712472601671194 0.058712472601671194 0.2965269800332046 0.05871247260167117 0.05871247260167118 0.058712472601671194 
0.020465157863456897 0.3992288546420789 0.02046515786345691 0.025465525849511155 0.020465157863456943 0.020465157863456953 0.30534410878723506 0.03205493213096465 0.02046515786345692 0.13558078927290063 
0.05653076040905842 0.11653907664963559 0.05653076040905842 0.0821164211361912 0.05653076040905842 0.0565307604090584 0.39094814806782435 0.05653076040905844 0.07121179169198373 0.0565307604090584 
0.014414632371470103 0.6161614904292938 0.014414632371470072 0.02313703433142827 0.01441463237147012 0.01441463237147012 0.1910209667768136 0.01441463237147018 0.0801514065236813 0.017455940081466517 
0.047525210215627715 0.38182041768845376 0.04752521021562771 0.047525210215627674 0.04752521021562772 0.04752521021562768 0.18333687091047735 0.10216623989168008 0.04752521021562769 0.04752521021562768 
0.015008907747011295 0.4275021514612697 0.015008907747011285 0.015008907747011375 0.015008907747011304 0.018289088751978957 0.4491464055577161 0.015008907747011338 0.015008907747011269 0.015008907747011338 
0.01821747751635857 0.3069190484216992 0.01296184658550807 0.012961846585508155 0.012961846585508096 0.012961846585508054 0.5663454172050225 0.01836190749587791 0.017112810453891528 0.02119595256506034 
0.034617457411878515 0.5455168031070718 0.03461745741187856 0.034617457411878494 0.03461745741187853 0.034617457411878494 0.1548259570441519 0.03461745741187857 0.057335037965610285 0.034617457411878515 
0.029287454770622258 0.3451378759138362 0.02928745477062226 0.047035630926406544 0.029287454770622272 0.035927293044315314 0.3961744714917117 0.029287454770622386 0.02928745477062224 0.029287454770622237 
0.046508167845185654 0.1134440771536615 0.046508167845185654 0.04650816784518563 0.04650816784518563 0.04650816784518561 0.5144905800848533 0.046508167845185515 0.046508167845185605 0.046508167845185605 
0.015312447820365897 0.0451026116550864 0.015312447820366153 0.01974500068922154 0.015312447820365933 0.015312447820365876 0.8124986479482675 0.01531244782036587 0.025864880202355025 0.020226620403177215 
0.06052097454900658 0.10553723104389126 0.06052097454900658 0.07425795379401143 0.060520974549006595 0.060520974549006595 0.3837246107961566 0.0733543570719098 0.060520974549006595 0.060520974549006595 
0.05647196920842691 0.2616486999951662 0.056471969208426884 0.056471969208426884 0.0564719692084269 0.05647196920842691 0.21825965872617778 0.12478785681966532 0.05647196920842696 0.0564719692084269 
0.057011468348604044 0.16562981788914494 0.057011468348604044 0.13641098396974932 0.0714211872471134 0.057011468348604044 0.28446920080236876 0.05701146834860412 0.05701146834860403 0.05701146834860402 
0.014360193881112086 0.20382662733464138 0.018264801540818488 0.25549882325086976 0.014360193881112085 0.014360193881112041 0.4240846807954952 0.022122955838810028 0.018761335714913726 0.014360193881112069 
0.022210799225052504 0.3297602047778127 0.022210799225052504 0.05582952977832259 0.028885517784025615 0.02221079922505255 0.32159014138504155 0.027751897082187293 0.031063347373638663 0.13848696414379158 
0.01887248414599159 0.2938680971665249 0.2832697139883593 0.018872484145991675 0.01887248414599163 0.018872484145991672 0.12525319177944658 0.029039151539856915 0.17420742479585513 0.01887248414599172 
0.002251301416521166 0.02184030686148447 0.0022513014165211633 0.002900051618973379 0.002251301416521161 0.002251301416521169 0.9595005316038953 0.00225130141652116 0.0022513014165211585 0.002251301416521166 
0.021769767601825137 0.5481202902804683 0.021769767601825116 0.021769767601825165 0.021769767601825123 0.0217697676018252 0.2716974839560905 0.027793852550680107 0.021769767601825054 0.02176976760182511 
0.03203668414935796 0.24725147544508688 0.03203668414935795 0.04977349701289428 0.03203668414935796 0.03203668414935799 0.4787182384964784 0.03203668414935796 0.03203668414935799 0.03203668414935797 
0.006229935889324014 0.6662469633714204 0.006229935889324219 0.008076485710546213 0.006229935889324074 0.00622993588932405 0.27699509989159626 0.007727811802070053 0.009803959777695975 0.006229935889324041 
0.009417288327723499 0.19690297757225736 0.009417288327723504 0.009417288327723655 0.009417288327723474 0.009417288327723457 0.6986118962297245 0.009417288327723549 0.03856410790395506 0.009417288327723554 
0.015275756261554856 0.03429714309423267 0.015275756261554894 0.022213475182335313 0.015275756261554887 0.015275756261554838 0.831176890581868 0.0152757562615548 0.020657953572237302 0.015275756261554831 
0.02804007935985823 0.5969215748674069 0.02804007935985818 0.04183982212657936 0.028040079359858222 0.028040079359858236 0.16495804748688084 0.02804007935985824 0.02804007935985827 0.02804007935985827 
0.049682331215439565 0.27750809584662084 0.049682331215439544 0.04968233121543958 0.049682331215439524 0.04968233121543958 0.31450871379801054 0.06020687184730303 0.049682331215439524 0.049682331215439544 
0.05038059848528295 0.050380598485282764 0.05038059848528295 0.06682805764385667 0.05038059848528296 0.05038059848528295 0.5148522484780675 0.050380598485282986 0.06565550448112063 0.05038059848528294 
0.05127028364321333 0.06347819396990402 0.06470105524653508 0.051270283643213364 0.05127028364321333 0.05127028364321335 0.5129287652810353 0.05127028364321333 0.05127028364321331 0.05127028364321335 
0.01180145891903264 0.6739650579714036 0.011801458919032578 0.011801458919032568 0.011801458919032625 0.011801458919032781 0.22307717732324353 0.02034755227218364 0.011801458919032611 0.011801458919032705 
0.001995485975999067 0.017049627302652835 0.0019954859759990697 0.001995485975999068 0.001995485975999087 0.0027779317189849393 0.9662040391463678 0.0019954859759990624 0.001995485975999069 0.001995485975999068 
0.011848892744009625 0.16034843519013944 0.015162751527983112 0.017308358704723734 0.011848892744009633 0.015334471565545226 0.7211652349253496 0.015096614693788837 0.02003745516034591 0.011848892744009673 
0.05146518852581759 0.06565148938709224 0.051465188525817517 0.05146518852581757 0.05146518852581757 0.05146518852581757 0.5226270024063626 0.051465188525817517 0.0514651885258153 0.051465188525817565 
0.015959444292774832 0.47455610796341824 0.01595944429277481 0.01595944429277483 0.01595944429277477 0.015959444292774783 0.39776833769439474 0.015959444292774773 0.015959444292774908 0.01595944429277483 
0.016074024239111372 0.7034274273067074 0.0160740242391115 0.01946002037127039 0.016074024239111338 0.016074024239111372 0.13829319556425354 0.04237521132314859 0.0160740242391113 0.016074024239111494 
0.03972959120096564 0.060381224995146476 0.03972959120096564 0.03972959120096568 0.039729591200965655 0.03972959120096564 0.6217820453970739 0.039729591200965655 0.03972959120096564 0.03972959120096565 
0.01954140388532044 0.030626679283361852 0.019541403885319747 0.01954140388532049 0.019541403885320434 0.019541403885320455 0.8079202378239835 0.019541403885320455 0.02466325569545825 0.01954140388532044 
0.023037875323290807 0.023037875323290685 0.02303787532329081 0.023037875323290827 0.02796482427329456 0.023037875323290814 0.7829916692797673 0.02777837918396666 0.023037875323290817 0.023037875323290827 
0.06250858825219151 0.15093977494370237 0.06250858825219152 0.06250858825219154 0.06250858825219152 0.06250858825219147 0.3295200696307051 0.0625085882521915 0.08198003766027193 0.06250858825219151 
0.07573146773814395 0.09876221066716341 0.07573146773814395 0.13675855137270518 0.07573146773814395 0.07573146773814395 0.20849811747538302 0.07573146773814395 0.10159231405588348 0.07573146773814395 
0.019984236588725175 0.3664651897258759 0.01998423658872523 0.047947933328576754 0.019984236588725158 0.019984236588725182 0.32430435184135675 0.024950922784747556 0.01998423658872526 0.13641041937577753 
0.05950985036255153 0.3991670586564028 0.059509850362551533 0.05950985036255153 0.059509850362551533 0.05950985036255155 0.12475413844317901 0.05950985036255159 0.059509850362551533 0.059509850362551533 
0.065608817370829 0.06560881737082895 0.065608817370829 0.08206672283135909 0.079781191629226 0.065608817370829 0.3788903639435892 0.06560881737082906 0.065608817370829 0.06560881737082899 
0.01914223823460658 0.7340988281045714 0.019142238234606583 0.019142238234606618 0.019142238234606528 0.01914223823460659 0.0888846770986757 0.03797438636737134 0.02418867902173818 0.019142238234606583 
0.02087499691500269 0.08561102436457281 0.020874996915002653 0.027924344638436537 0.02087499691500268 0.020874996915002622 0.7167637021015327 0.04445094740538689 0.020874996915002757 0.020874996915002664 
0.03176017462360499 0.6816176961845613 0.031760174623604955 0.031760174623604975 0.03176017462360497 0.031760174623605024 0.064300906826587 0.03176017462360496 0.03176017462360497 0.031760174623605 
0.07309624791159423 0.08864928285772371 0.07309624791159423 0.07309624791159426 0.07309624791159423 0.07309624791159423 0.3265807338495144 0.07309624791159422 0.07309624791159426 0.07309624791159423 
0.07932432882949282 0.1055553036956484 0.07932432882949281 0.07932432882949282 0.07932432882949282 0.07932432882949282 0.23908555062679407 0.10008884387110441 0.07932432882949282 0.07932432882949282 
0.028222752257729838 0.03542999320911914 0.028222752257729807 0.02822275225772986 0.028222752257729848 0.028222752257729838 0.7321796353461939 0.03483110564054098 0.028222752257729848 0.028222752257729883 
0.04906775772172846 0.09453368165810935 0.04906775772172844 0.04906775772172844 0.04906775772172844 0.04906775772172845 0.4437407350474433 0.11825127924234465 0.049067757721728424 0.04906775772172843 
0.019399145425632508 0.11342602238134115 0.014573840827554438 0.018169606417738272 0.01457384082755449 0.01457384082755449 0.28628362951495917 0.48985239212258225 0.014573840827554462 0.0145738408275545 
0.04075295034166471 0.14669674883811928 0.0407529503416647 0.2482809438628808 0.040752950341664713 0.040752950341664686 0.08148965328194127 0.27901495196705706 0.0407529503416647 0.04075295034166474 
0.021488963313659685 0.021488963313659758 0.02682356186472164 0.030006323398290423 0.021488963313659792 0.02148896331365968 0.7927473715413704 0.021488963313659685 0.021488963313659692 0.021488963313659692 
0.011416464807970416 0.011416464807970211 0.01141646480797052 0.01376563089807152 0.011416464807970365 0.011416464807970435 0.881574450601115 0.024744664844954044 0.01141646480797047 0.011416464807970386 
0.02295187783682645 0.48313451235545535 0.030207911600325883 0.022951877836826288 0.022951877836826468 0.02787168201835099 0.31354862732050975 0.030477877521245172 0.022951877836826503 0.022951877836826468 
0.06736201062775055 0.09237276529192184 0.06736201062775059 0.06736201062775055 0.06736201062775055 0.06736201062775055 0.3542770338006412 0.06736201062775055 0.08181612651319048 0.06736201062775055 
0.04972142893919733 0.3475390029798365 0.04972142893919738 0.049721428939197364 0.04972142893919735 0.04972142893919734 0.13391250425733817 0.04972142893919731 0.049721428939197364 0.17049849018842242 
0.07056673703056357 0.07056673703056364 0.07056673703056358 0.07056673703056357 0.07056673703056357 0.07056673703056357 0.36489936672493756 0.0705667370305636 0.07056673703056357 0.07056673703056357 
0.011652377615077151 0.026587798676985946 0.1634231113536636 0.01165237761507711 0.011652377615077106 0.011652377615077201 0.7178171264382572 0.011652377615077066 0.022257697840623324 0.01165237761507713 
0.03984143587917337 0.714694929281277 0.027756548940577407 0.027756548940577396 0.027756548940577365 0.04119093405558689 0.03773340714052744 0.027756548940577434 0.027756548940577396 0.027756548940577417 
0.0013220371422072857 0.00291319647190919 0.0013220371422072855 0.0013220371422072855 0.0013220371422072855 0.001322037142207371 0.9865105063904326 0.0013220371422072864 0.0013220371422072862 0.0013220371422072855 
0.018848268952381564 0.15834896268857826 0.018848268952381564 0.018848268952381595 0.018848268952381557 0.018848268952381553 0.49150945301566223 0.2182037016290631 0.018848268952381557 0.018848268952381494 
0.013336487983093465 0.5894100724963882 0.01333648798309346 0.013336487983093484 0.013336487983093451 0.013336487983093509 0.29325720841093295 0.016798851973867122 0.020514939220230316 0.013336487983093375 
0.06585115271604193 0.07213832776548133 0.04774874995919997 0.057298499951039986 0.04774874995920001 0.04774874995919999 0.43623628295633465 0.11784360345630039 0.05963713331803223 0.04774874995919998 
0.010573088437484966 0.33570785240883483 0.010573088437484883 0.012687706124981948 0.010573088437484994 0.010573088437484997 0.5703425324458887 0.017823378395448255 0.010573088437484933 0.010573088437485015 
0.020476162594607255 0.16160128520129258 0.025277096480206627 0.024890459689639294 0.020476162594607265 0.02047616259460728 0.6653741830612108 0.020476162594607328 0.020476162594607075 0.020476162594607272 
0.01945402359525166 0.14511727652290396 0.3115828007665357 0.02393445475265411 0.019454023595251717 0.02406499114784874 0.3545518487147098 0.019454023595251738 0.05787090809649739 0.024515649213091455 
0.03407666175211962 0.5979232415289626 0.034076661752119604 0.034076661752119625 0.03407666175211963 0.03407666175211962 0.09194599417879057 0.034076661752119555 0.0432922841727292 0.06237850960675866 
0.010833981024013367 0.0208881383289669 0.010833981024013352 0.010833981024013433 0.010833981024013348 0.010833981024013345 0.27381950737731264 0.6294544871256401 0.010833981024013294 0.01083398102401334 
0.013535689409990144 0.5033308848972514 0.013535689409990134 0.01353568940999014 0.013535689409990156 0.013535689409990196 0.38838359982281645 0.013535689409990184 0.013535689409989973 0.013535689409990153 
0.07023252702718735 0.07023252702718742 0.07023252702718735 0.07023252702718735 0.07023252702718735 0.07023252702718735 0.23331780605620753 0.20482197772629332 0.07023252702718738 0.07023252702718735 
0.021208117111634728 0.3619572984649032 0.021208117111634735 0.02120811711163471 0.026318024982904642 0.02120811711163479 0.4380611832368112 0.039035897712752496 0.02120811711163475 0.02858701004444499 
0.014219224638500762 0.21603536771679308 0.014219224638500878 0.13354588282535668 0.014219224638500786 0.014219224638500814 0.5347262551959306 0.024447510125736153 0.02014886094352177 0.014219224638500819 
0.08457218450070435 0.1332388820753215 0.06310542831697849 0.06310542831697845 0.06310542831697846 0.09058081684798847 0.31297554667410893 0.06310542831697846 0.06310542831697845 0.06310542831697848 
0.05504907997339359 0.10827541662982983 0.05504907997339358 0.055049079973393505 0.05504907997339359 0.0550490799733936 0.45133194358304646 0.05504907997339356 0.05504907997339361 0.05504907997339358 
0.05724629407664614 0.10061268847333489 0.05724629407664616 0.05724629407664616 0.05724629407664616 0.0572462940766462 0.4189749303085129 0.05724629407664616 0.07968832268162657 0.05724629407664614 
0.02275368605231641 0.28865842848971596 0.07667637174642333 0.017643665530978805 0.017643665530978785 0.01764366553097877 0.5000938676846975 0.017643665530978705 0.023599318371979015 0.017643665530978778 
0.005010252565288645 0.07578092161081974 0.005010252565288563 0.7308501653341435 0.005010252565288578 0.005010252565288609 0.15222284759096874 0.0050102525652886325 0.00986060445421533 0.00623419818342372 
0.013109375181434717 0.023381640958348705 0.024687372403134795 0.013109375181434643 0.013109375181434598 0.01310937518143468 0.8601653603685422 0.01310937518143468 0.013109375181434544 0.013109375181434678 
0.04815056276979829 0.3366182272293773 0.04815056276979828 0.10519298638401234 0.0481505627697983 0.04815056276979835 0.08398938631330394 0.04815056276979829 0.04815056276979828 0.18529602345451898 
0.010636817366718019 0.6615376610462668 0.010636817366718012 0.010636817366717963 0.010636817366717961 0.010636817366717973 0.24903937582520058 0.010636817366718034 0.014965241561524904 0.010636817366717972 
0.06243835117964035 0.2648562043253753 0.06243835117964037 0.19905799206053848 0.06243835117964037 0.06243835117964037 0.062438351179640215 0.06243835117964037 0.09901734535660729 0.06243835117964037 
0.016988372739994543 0.631294612041331 0.01698837273999452 0.1665058998319851 0.016988372739994546 0.01698837273999453 0.07031093869274564 0.02586553183041835 0.02108115390346521 0.016988372739994463 
0.01651897154431283 0.22902828959102017 0.016518971544312814 0.3683943502767686 0.01651897154431282 0.016518971544312862 0.26958887165802725 0.0338746592083261 0.016518971544312786 0.016518971544312862 
0.018710291256772607 0.21005087233560316 0.3440496715877997 0.018710291256772562 0.01871029125677259 0.018710291256772607 0.2723048163931751 0.043321519479195526 0.0367216639203741 0.01871029125677265 
0.0635196093002794 0.20478520130136474 0.0635196093002794 0.06351960930027942 0.0635196093002794 0.0635196093002794 0.28705792429638655 0.06351960930027935 0.0635196093002794 0.06351960930027942 
0.02121080720084995 0.28759015897895657 0.01755798982495119 0.01755798982495119 0.017557989824951204 0.025975768256117176 0.5546850351166128 0.017557989824951194 0.02274828132270535 0.01755798982495121 
0.06334166007910702 0.14959703965361407 0.06334166007910702 0.06334166007910702 0.06334166007910703 0.06334166007910702 0.11304699662036208 0.28129601115644537 0.07600999209492845 0.06334166007910702 
0.07213449947280241 0.07213449947280262 0.07213449947280239 0.09816659270289348 0.07213449947280241 0.07213449947280241 0.288693198033341 0.08928965674516436 0.09104355568178904 0.07213449947280241 
0.03226869122585918 0.6991282066619717 0.03226869122585915 0.03226869122585918 0.03226869122585919 0.03226869122585919 0.032268691225869554 0.032268691225859195 0.032268691225859125 0.04272226353118845 
0.02206668018655871 0.02784707508175081 0.022066680186558697 0.022066680186558742 0.022066680186558735 0.022066680186558718 0.7956194834257173 0.022066680186558735 0.022066680186558742 0.02206668018655871 
0.026353996349436203 0.35617739656571723 0.014358179751311973 0.014358179751311952 0.014358179751311963 0.014358179751312017 0.5072492612650574 0.019924680927933792 0.014358179751312114 0.018503766135317738 
0.026812630189039524 0.6181310933582075 0.021410925857278027 0.02141092585727806 0.021410925857278072 0.021410925857278048 0.18474431299775237 0.027057490495590353 0.02141092585727806 0.03619984367305071 
0.030833312244244737 0.059128713164706935 0.03083331224424468 0.030833312244244737 0.030833312244244702 0.03083331224424473 0.6942047888813209 0.030833312244244643 0.03083331224424475 0.030833312244244727 
0.011441156646790823 0.21373847352481448 0.011441156646790858 0.016480964903112738 0.011441156646790839 0.011441156646790858 0.6896924650445808 0.01144115664679083 0.011441156646790884 0.011441156646790839 
0.016333853638237434 0.678136676129769 0.024893986296588278 0.01633385363823743 0.016333853638237406 0.016333853638237424 0.17040619219225278 0.028560023551908353 0.016333853638237403 0.016333853638237396 
0.043291961694091066 0.5412239263793271 0.043291961694091025 0.04329196169409099 0.043291961694091066 0.043291961694091066 0.11244038006790355 0.04329196169409104 0.04329196169409106 0.043291961694091115 
0.014977272207710248 0.6427935823566973 0.014977272207710212 0.014977272207710262 0.014977272207710233 0.014977272207710227 0.2373882399816514 0.014977272207710217 0.014977272207710243 0.014977272207710257 
0.01238331814453255 0.13682896786516005 0.012383318144532404 0.012383318144532458 0.012383318144532555 0.016178652826486763 0.7051413133787238 0.06755115706243439 0.012383318144532482 0.012383318144532432 
0.021001229578346138 0.5152348730313391 0.021001229578346076 0.021001229578346138 0.021001229578346145 0.021001229578346117 0.31099120776794614 0.021001229578346124 0.02676531215228925 0.021001229578346096 
0.016384525196404914 0.05789533713716564 0.021958235224325513 0.01638452519640492 0.01638452519640492 0.016384525196404917 0.10802421008154728 0.7138150663786418 0.016384525196404938 0.016384525196406305 
0.01635784880489974 0.6544950782537713 0.016357848804899763 0.016357848804899735 0.01635784880489978 0.01635784880489976 0.19496167311708704 0.01635784880489976 0.036038306994847204 0.01635784880489972 
0.01580563770157612 0.01580563770157585 0.01580563770157606 0.015805637701576062 0.015805637701576163 0.015805637701576093 0.853256200066224 0.020298698321177044 0.015805637701576253 0.015805637701576117 
0.02882536997790854 0.04896974725494603 0.028825369977908473 0.028825369977908515 0.028825369977908553 0.028825369977908504 0.6806627605515874 0.028825369977908525 0.06858990234813954 0.028825369977908504 
0.015254982415703514 0.7231826734852997 0.015254982415703503 0.03634687442001176 0.015254982415703566 0.015254982415703541 0.10371238847004705 0.01525498241570347 0.04522816913042192 0.01525498241570353 
0.015351054826579006 0.19939725396515315 0.01946147986475656 0.43930297541510804 0.01535105482657905 0.015351054826578982 0.23359453445209652 0.027099293817567784 0.015351054826579023 0.01974024317896619 
0.026406520533252188 0.3234637175409313 0.026406520533252174 0.026406520533252077 0.026406520533252223 0.026406520533252188 0.4652841181929812 0.026406520533252122 0.026406520533252112 0.026406520533252185 
0.017095236858446012 0.02982149950646557 0.017095236858445984 0.02133091643798121 0.017095236858445995 0.017095236858446033 0.8291809260464095 0.017095236858446036 0.017095236858446074 0.01709523685844609 
0.011992587211226594 0.5809190097193235 0.011992587211226702 0.011992587211226653 0.01199258721122661 0.011992587211226535 0.3231402925908925 0.011992587211226594 0.011992587211226613 0.011992587211226584 
0.014275718422835771 0.5715690480908729 0.014275718422835775 0.023252429601705937 0.014275718422835718 0.014275718422835633 0.2978970975154005 0.02162711425507598 0.01427571842283582 0.014275718422835783 
0.016808786905676325 0.37794745514270683 0.016808786905676325 0.02069160055212171 0.01680878690567632 0.01680878690567631 0.4616724077664663 0.038835815104713955 0.016808786905676287 0.01680878690567631 
0.07910203396026588 0.28779091854353095 0.08004257657237633 0.06258468836124809 0.06258468836124807 0.06258468836124807 0.13204687671936144 0.10809415239823106 0.06258468836124809 0.06258468836124806 
0.016114700373051773 0.15280070127731718 0.016114700373051884 0.016114700373051936 0.016114700373051884 0.016114700373051852 0.2543025235900432 0.4748851749010544 0.016114700373051887 0.021323397993280042 
0.016132677537626126 0.05208061528026486 0.019813912261802284 0.016132677537626133 0.016132677537626126 0.016132677537626147 0.7583305174213633 0.016132677537626133 0.07297888981081338 0.016132677537626067 
0.03503628563929409 0.16837409392156388 0.03503628563929409 0.4553506784001271 0.035036285639294076 0.035036285639294104 0.13102122820323997 0.03503628563929408 0.0350362856392941 0.03503628563929413 
0.05973115116280817 0.109286899966951 0.05973115116280819 0.05973115116280817 0.05973115116280817 0.05973115116280817 0.3776701968503199 0.09492484504305504 0.05973115116280815 0.05973115116280817 
0.027779384808974194 0.16638618933057503 0.027779384808974215 0.04130519820549311 0.027779384808974215 0.03772104490796072 0.5716871951052136 0.03734833885787413 0.0344344943569801 0.027779384808974236 
0.07058948816954096 0.16204275688515404 0.07058948816954097 0.07058948816954093 0.07058948816954096 0.07058948816954096 0.2013120888099022 0.14251873711816226 0.07058948816954096 0.07058948816954094 
0.025170407524108044 0.7942702753096359 0.020568286530543822 0.0205682865305438 0.020568286530543784 0.020568286530543812 0.03658131145244757 0.02056828653054381 0.020568286530543795 0.020568286530543777 
0.05655950825763646 0.08665360019827906 0.4136650204562599 0.04198816679995088 0.04198816679995118 0.04198816679995121 0.18036129896063374 0.05281973812743244 0.04198816679995123 0.04198816679995122 
0.012047563002369492 0.30252961938156536 0.012047563002369411 0.014557019829506726 0.012047563002369402 0.012047563002369437 0.5905813915411872 0.02004659123351575 0.012047563002369388 0.012047563002369381 
0.002935828178709194 0.010669024038427437 0.002332855972010822 0.0023328559720108256 0.0023328559720108286 0.002332855972010828 0.9315333980114824 0.040864613939312684 0.00233285597201083 0.002332855972010828 
0.012319209331690775 0.039469331836254916 0.012319209331690768 0.012319209331690813 0.012319209331690775 0.012319209331690758 0.8357319591643267 0.022929489762583938 0.02795396324665298 0.01231920933169083 
0.057719019734843426 0.13316731967927642 0.057719019734843426 0.16191681491819254 0.07010524712309557 0.057719019734843426 0.2884964998703811 0.05771901973484336 0.057719019734843426 0.05771901973484344 
0.014745376459972903 0.46216749867462253 0.014745376459972958 0.014745376459972911 0.01474537645997289 0.01474537645997285 0.41289809739606254 0.021716768709410153 0.014745376459972896 0.014745376459972918 
0.011856431713732102 0.6332135256843799 0.011856431713732081 0.15207226896334336 0.011856431713732065 0.011856431713732076 0.1287784927884978 0.011856431713732095 0.014797122281375532 0.01185643171373216 
0.02919988899474677 0.1830001065543771 0.029199888994746768 0.02919988899474674 0.02919988899474676 0.02919988899474677 0.4526348769795739 0.02919988899474675 0.02919988899474678 0.15996579350284063 
0.011237225571462502 0.6676356635424615 0.011237225571462409 0.0156771660096272 0.011237225571462468 0.011237225571462464 0.2254050986348261 0.018124430035637178 0.011237225571462514 0.016971513920040343 
0.023254385603545938 0.24140467640427835 0.023254385603545986 0.23869561797686545 0.023254385603545966 0.023254385603545962 0.3433721962448262 0.037001195752760556 0.02325438560354592 0.023254385603546094 
0.013411899632239137 0.3553245387747543 0.013411899632239207 0.026182303845308584 0.013411899632239158 0.0134118996322391 0.5171706279597309 0.013411899632239214 0.02085113162682595 0.013411899632239144 
0.02387740223858973 0.7352069826389186 0.023877402238589706 0.023877402238589706 0.023877402238589727 0.023877402238589723 0.047947823788097636 0.04970337790286425 0.023877402238589668 0.02387740223858972 
0.014647824570565396 0.1707418698974525 0.014647824570565276 0.014647824570565453 0.014647824570565349 0.014647824570565437 0.7088700790071395 0.014647824570565343 0.017853279101442406 0.014647824570565394 
0.055313611936131934 0.05531361193613189 0.0553136119361319 0.05531361193613195 0.05531361193613195 0.05531361193613197 0.5021774925748417 0.055313611936131934 0.055313611936131934 0.055313611936131934 
0.01896810136629462 0.10539196026546192 0.01896810136629461 0.02305396721662909 0.0189681013662946 0.0189681013662946 0.21400809161361767 0.5437373727065252 0.018968101366294565 0.01896810136629459 
0.01242666470969652 0.6246212989555757 0.012426664709696571 0.017373669247543497 0.012426664709696522 0.019395332973214198 0.23874919851309273 0.033847774158324295 0.01630606731348473 0.012426664709696514 
0.015165506368385945 0.5006981221497564 0.13283042350593757 0.02227906880583467 0.015165506368385985 0.01516550636838593 0.20656125158606148 0.01984153492205646 0.057127573556789074 0.015165506368385937 
0.022340376328985948 0.4910490906446805 0.022340376328985948 0.027305263613489617 0.02234037632898593 0.022340376328985913 0.3077095506149114 0.022340376328986035 0.03989383715298399 0.022340376328985934 
0.05731565783308079 0.1518427235231032 0.05731565783308079 0.3093847558328271 0.057315657833080805 0.057315657833080805 0.0737694250209884 0.12110914862458359 0.05731565783308079 0.05731565783308079 
0.023159488794686035 0.022314581382594206 0.018384978584028298 0.018384978584028523 0.018384978584028544 0.018384978584028436 0.8212336125906657 0.018384978584028547 0.022982445727883636 0.018384978584028527 
0.02494820374603753 0.6404629352418546 0.024948203746037484 0.03311141692330248 0.02494820374603751 0.02494820374603754 0.14638263808206825 0.03035378727652314 0.02494820374603751 0.024948203746037522 
0.07633266399557123 0.17502199171669103 0.07633266399557122 0.07633266399557123 0.07633266399557122 0.07633266399557122 0.18897194311059667 0.07633266399557122 0.10167741720371366 0.07633266399557123 
0.011189559255324185 0.41389044370193767 0.011189559255324229 0.0111895592553242 0.011189559255324177 0.01738981118820594 0.48599514765614804 0.015587241921797643 0.011189559255324104 0.011189559255324208 
0.01625703350886319 0.020592534720626606 0.02261235531025664 0.028586886616835044 0.01625703350886322 0.01625703350886321 0.817248865233739 0.0245776703491321 0.02135355373394854 0.016257033508863174 
0.042938648514489065 0.05453882030799895 0.042938648514489156 0.042938648514489045 0.04293864851448905 0.042938648514489 0.6019519915761153 0.042938648514489065 0.04293864851448908 0.04293864851448905 
0.05201560974480657 0.07445251049344224 0.05201560974480657 0.05201560974480657 0.05201560974480657 0.05201560974480657 0.24012832242108803 0.32130989887182515 0.05201560974480654 0.0520156097448066 
0.010191552812622188 0.021593542292595476 0.010191552812622148 0.010191552812621942 0.010191552812622143 0.01019155281262225 0.8968740352065281 0.010191552812622207 0.010191552812622205 0.010191552812622153 
0.017797692948619763 0.6518237466260479 0.022600747070847894 0.017797692948619787 0.01779769294861979 0.017797692948619787 0.08857835005040031 0.022045117760029778 0.01779769294861976 0.12596357374957168 
0.004091833379775356 0.006286498271713536 0.0024809854577617393 0.002480985457761736 0.002480985457761742 0.003123548014657497 0.9704707616228879 0.003622431422157037 0.0024809854577617393 0.002480985457761841 
0.016546967859404318 0.02641263492289965 0.01654696785940473 0.0165469678594043 0.016546967859404377 0.01654696785940407 0.8348395603026553 0.01654696785940434 0.022919029758613055 0.01654696785940431 
0.01789862264677859 0.039631089284270754 0.017898622646778575 0.017898622646778613 0.017898622646778575 0.01789862264677858 0.7955673336473218 0.03951121854086731 0.01789862264677847 0.017898622646778578 
0.001208232905666522 0.02058016992191072 0.0012082329056665219 0.0012082329056665201 0.0012082329056665214 0.002252072005129726 0.9681142533846573 0.0014506409327963168 0.001208232905666522 0.0015616992271837984 
