0.031290163218785 0.01588448808693412 0.027743595841815596 0.01588448808693415 0.01588448808693415 0.12222953692863076 0.05056339771161844 0.043552343208978266 0.04407498172804303 0.015884488086934122 0.01588448808693415 0.07342224872526748 0.025810207517607365 0.015884488086934146 0.015884488086934132 0.015884488086934156 0.025820286856396295 0.01588448808693414 0.07415494038044244 0.01588448808693416 0.01588448808693415 0.015884488086934295 0.04633522796215744 0.015884488086934167 0.015884488086934146 0.027882670418525043 0.015884488086934153 0.026638087996059295 0.053397944372170394 0.0888170458295026 
0.011282651379575726 0.3053027082719229 0.011282651379575745 0.011282651379575718 0.011282651379575744 0.040091939439763725 0.02055005409767017 0.011282651379575737 0.0112826513795757 0.011282651379573272 0.018874657478829285 0.011282651379575716 0.011282651379575728 0.03262366454596058 0.011282651379575742 0.019635689584998048 0.01128265137957573 0.011282651379575709 0.037676813332833424 0.011282651379575738 0.011282651379575742 0.023721804349404414 0.111262678308644 0.011282651379575737 0.019082794027018266 0.03647734122646483 0.1316121305041358 0.011282651379575757 0.011282651379575724 0.011282651379575742 
0.03149021280422107 0.011441485966573354 0.011441485966573387 0.011441485966573375 0.011441485966573366 0.22863811949648102 0.034318255289681014 0.02163472575682914 0.011441485966573352 0.011441485966573304 0.011441485966573796 0.011441485966573356 0.05670576251245108 0.011441485966573359 0.019595231513371437 0.011441485966573363 0.011441485966573375 0.011441485966573366 0.011441485966573359 0.011441485966573359 0.01144148596657335 0.011441485966573356 0.011441485966573371 0.011441485966573363 0.011441485966573387 0.02472690454355368 0.01144148596657334 0.31497143952879 0.019741439966412592 0.01934818925673759 
0.028414846843376702 0.046144502910786186 0.03919680874751082 0.02647325723178554 0.014607962219023168 0.014607962219023147 0.0347790176772814 0.025166284537232134 0.014607962219023144 0.014607962219023196 0.026230295058408012 0.028606940314568747 0.014607962219023184 0.014607962219023172 0.01460796221902318 0.01460796221902317 0.014607962219023161 0.03655145532919896 0.049228902954118234 0.014607962219023152 0.01460796221902317 0.05082676617586364 0.01460796221902314 0.014607962219023172 0.014607962219023204 0.1888266995230139 0.0638895503563519 0.014607962219023172 0.025732515958848387 0.11081272309631321 
0.030546103512124896 0.010551757533780032 0.010551757533779984 0.010551757533780013 0.010551757533780013 0.010551757533779996 0.04826977222953805 0.010551757533780036 0.09874164074649848 0.010551757533780095 0.017570369202847016 0.0191812491943763 0.03035044459730458 0.017949336256236136 0.010551757533780019 0.010551757533780013 0.010551757533780015 0.01055175753378005 0.04378527502557061 0.01770609036659963 0.010551757533780013 0.010551757533780001 0.010551757533779973 0.07665922173639858 0.010551757533780045 0.09488026213442165 0.06170100922426027 0.1235426459964906 0.1502884592368547 0.010551757533780006 
0.032417701764522994 0.13446324450472136 0.014185619475568527 0.0749554569302065 0.01418561947556849 0.05629479342090078 0.03444387664120797 0.014185619475568479 0.014185619475568517 0.08197488653349037 0.04301779754785803 0.030126956538351738 0.02339414772659372 0.014185619475568484 0.014185619475568513 0.014185619475568477 0.024441091799039246 0.014185619475568473 0.08907991819181287 0.014185619475568506 0.014185619475568496 0.014185619475568586 0.09962091503614535 0.024065581779773578 0.014185619475568434 0.014185619475568468 0.014185619475568472 0.014185619475568458 0.014185619475568512 0.024733719976282154 
0.012472196699012995 0.01247219669901303 0.012472196699013028 0.012472196699013024 0.012472196699013024 0.022206982726252687 0.012472196699013054 0.012472196699013009 0.012472196699013024 0.01247219669901301 0.02029619322058302 0.012472196699013031 0.01247219669901304 0.11277231285745834 0.02144765260897767 0.012472196699013031 0.04186662577027289 0.012472196699012984 0.012472196699013097 0.2244574956216656 0.012472196699013028 0.03011977497494675 0.021694412313132346 0.14982711101536264 0.01247219669901301 0.012472196699013012 0.042501947534422976 0.021893777071670846 0.04189769662844821 0.036990673773601344 
0.022501244534797297 0.021698473351646135 0.32274324264216736 0.012943776062144672 0.012943776062144696 0.012943776062144686 0.08022239795301327 0.012943776062144674 0.021611116215861256 0.012943776062144686 0.012943776062144648 0.01294377606214467 0.021333288395763286 0.021856511533838125 0.0129437760621447 0.012943776062144733 0.045881426578418774 0.02257310473443209 0.012943776062144701 0.01294377606214468 0.012943776062144707 0.022205618768656395 0.021894568786051238 0.08987941419234713 0.012943776062144738 0.012943776062144693 0.05727188179624503 0.01294377606214473 0.012943776062144682 0.02122729352243909 
0.01495403030256145 0.006208473414347056 0.006208473414347077 0.016888024362580096 0.006208473414347031 0.006208473414347034 0.10219666462552161 0.01068668712906518 0.029355147051425615 0.04802512248276228 0.006208473414347028 0.006208473414347035 0.006208473414347074 0.006208473414347021 0.01070198652574619 0.006208473414347046 0.011222073530379436 0.006208473414347145 0.3886550375035391 0.021080370373274683 0.006208473414347032 0.038551443151301705 0.015709698508526333 0.03738705568137753 0.006208473414347037 0.05711137725335372 0.08566971722904894 0.006208473414347039 0.02052683190348962 0.010568577999540666 
0.012221532383471389 0.10100414689456459 0.012221532383471395 0.012221532383471394 0.012221532383471368 0.050586592172255515 0.031182416705253027 0.012221532383471385 0.056014831723641245 0.012221532383471682 0.022808853207842074 0.04734760266571988 0.012221532383471383 0.012221532383471375 0.012221532383471387 0.012221532383471373 0.020186170523638237 0.01222153238347138 0.012221532383471382 0.012221532383471347 0.012221532383471371 0.012221532383471387 0.23796721504687154 0.012221532383471458 0.020593680174047453 0.09787309239106204 0.04646473620465639 0.02359474276793988 0.020752748933225026 0.02807865245372653 
0.01793059143622242 0.01018357237729661 0.02542863414170884 0.11936012976955043 0.01018357237729661 0.010183572377296606 0.01018357237729661 0.010183572377296553 0.02205212578811448 0.13114663699322146 0.048641384464794594 0.010183572377296609 0.018431088461116525 0.017345257783591313 0.019146877259881435 0.010183572377296616 0.010183572377296616 0.010183572377296628 0.0101835723772966 0.010183572377296609 0.010183572377296609 0.010183572377296637 0.010183572377296609 0.017366707374920024 0.02422823984357265 0.010183572377296609 0.010183572377296618 0.34851583071800907 0.010183572377296614 0.01728576555125477 
0.016506689255656622 0.016506689255656643 0.016506689255656622 0.016506689255656622 0.016506689255656647 0.016506689255656622 0.08388243487822784 0.016506689255656643 0.016506689255656615 0.016506689255656626 0.0277676873243634 0.016506689255656626 0.016506689255656657 0.02876959515112981 0.029089710376230093 0.029222827634139102 0.01650668925565663 0.02857461808735508 0.016506689255656643 0.016506689255656626 0.016506689255656622 0.016506689255656674 0.02835794198001626 0.016506689255656636 0.05855514807082141 0.016506689255656643 0.029061026265102898 0.30007607160940786 0.028105510200982935 0.03141702182038672 
0.02930961225567863 0.017499775251673375 0.032935456672950406 0.10076892257028583 0.017499775251673382 0.017499775251673375 0.017499775251673396 0.017499775251673393 0.01749977525167341 0.04630680252793145 0.017499775251673386 0.017499775251673417 0.058991948965417755 0.07334327810047431 0.017499775251673344 0.017499775251673386 0.01749977525167339 0.11038030611437125 0.01749977525167332 0.017499775251673424 0.017499775251673382 0.017499775251673223 0.017499775251673372 0.017499775251673354 0.03230184162222923 0.01749977525167344 0.01749977525167339 0.04678080842415098 0.1072100372600331 0.02917525570468474 
0.011333101798930047 0.006502704828888339 0.010593215800189905 0.19064321049790664 0.006502704828888243 0.015036400456855998 0.006502704828888281 0.00650270482888825 0.020834539857485235 0.20003634699523873 0.04732837370977155 0.031922633793566725 0.01602014524746833 0.017139974660293097 0.01702035996153538 0.011572540694574904 0.006502704828888228 0.00650270482888826 0.006502704828888231 0.011414891323661046 0.0065027048288882425 0.02166342031836468 0.02525526638322177 0.021276728607240086 0.010781683724014071 0.016290316137333408 0.022294705355135874 0.2062510590240266 0.011822805912750148 0.011446641109322123 
0.05243125033457504 0.042053543376397266 0.014224901363021765 0.014224901363021718 0.014224901363021757 0.033726187018092484 0.0672649167402975 0.014224901363021732 0.02361023404632654 0.014224901363021777 0.03410732650824391 0.025352906027011297 0.058183789156290806 0.03185648238470252 0.014224901363021758 0.01422490136302176 0.03752086113848867 0.05097407547267233 0.0231504178741807 0.014224901363021755 0.01422490136302176 0.05115885648675848 0.014224901363021764 0.03974638070824544 0.014224901363021738 0.029648176366609942 0.07021856738077802 0.014224901363021755 0.014224901363021602 0.14407231126104286 
0.024697882832303432 0.024697882832303425 0.02469788283230343 0.024697882832303425 0.024697882832303425 0.024697882832303418 0.13796302977531671 0.06264957231419471 0.024697882832303408 0.024697882832303383 0.041028550637165 0.024697882832303425 0.02469788283230344 0.024697882832303408 0.024697882832303432 0.024697882832303425 0.08559956121217373 0.024697882832303425 0.024697882832303432 0.024697882832303418 0.024697882832303425 0.024697882832303418 0.024697882832303432 0.024697882832303383 0.024697882832303432 0.024697882832303425 0.055312215253562884 0.024697882832303425 0.024697882832303408 0.024697882832303432 
0.02407993666251332 0.03484379504891573 0.01478074072799479 0.014780740727994802 0.014780740727994793 0.05919749887688975 0.014780740727994813 0.03477655162166726 0.014780740727994799 0.024542444932380496 0.045219778112537315 0.10591001706777216 0.014780740727994806 0.04665926783839453 0.014780740727994787 0.014780740727994806 0.014780740727994787 0.01478074072799479 0.014780740727994662 0.02401277579086814 0.014780740727994799 0.02476432787029491 0.03151163567064775 0.06796352980480828 0.01478074072799479 0.014780740727994806 0.10726037045616833 0.014780740727994793 0.1327662185982327 0.01478074072799479 
0.011546370128640723 0.034604262006436355 0.026173135255727523 0.011546370128640815 0.011546370128640819 0.019391610198785224 0.21077279165791155 0.018787959528143425 0.011546370128640817 0.011546370128640827 0.03917042188115603 0.03215050572681092 0.030968229055532776 0.01154637012864081 0.02151096687211284 0.011546370128640815 0.018776968383194426 0.011546370128640852 0.038878041015024976 0.12473179974121114 0.011546370128640807 0.028283709634585794 0.011546370128640909 0.06563445774999652 0.011546370128640833 0.01154637012864081 0.062190927624495594 0.011546370128640718 0.06632503186791491 0.011546370128640803 
0.05545984968331495 0.01333622388982441 0.03091881617793078 0.013336223889824389 0.013336223889824377 0.013336223889824311 0.024878912824468226 0.013336223889824333 0.021822465138375075 0.013336223889824365 0.11066790032537652 0.013336223889824382 0.013336223889824332 0.3149393463612147 0.013336223889824384 0.013336223889824372 0.033649351339847255 0.013336223889824384 0.013336223889824432 0.022553517323546445 0.013336223889824379 0.03470562262171584 0.013336223889824389 0.028116464069100833 0.013336223889824424 0.013336223889824424 0.029837577207180034 0.0440794468518579 0.013336223889824363 0.02165492394903428 
0.013515481468778675 0.013515481468778637 0.023544760413581108 0.013515481468778652 0.01351548146877866 0.023633998081641967 0.013515481468778668 0.12774162281879967 0.013515481468778685 0.013515481468778642 0.061971827050662724 0.01351548146877866 0.01351548146877867 0.024490798051238136 0.013515481468778638 0.023544760413581202 0.02493637302805736 0.036411227169778446 0.02228408559922642 0.013515481468778642 0.01351548146877866 0.03816337865338524 0.03192660640528458 0.2510023723228882 0.044510150305875976 0.01351548146877866 0.01351548146877871 0.026022446919422085 0.037083370734897966 0.013515481468778652 
0.2724706413791837 0.013431613930429503 0.013431613930429548 0.02317403230929377 0.013431613930429529 0.013431613930429569 0.013431613930429536 0.013431613930429513 0.04395305621075243 0.01343161393042959 0.023317591834373406 0.02948977100307998 0.013431613930429525 0.01343161393042954 0.013431613930429517 0.013431613930429529 0.013431613930429558 0.05973992281890104 0.013431613930429506 0.02369725266822127 0.013431613930429529 0.06664041584740525 0.02359804946382734 0.02290582683939992 0.0963929754690833 0.013431613930429525 0.013431613930429548 0.05088516036130598 0.013431613930429522 0.03539786697787007 
0.036269068863553224 0.006501860067681964 0.025595585562000794 0.01258722052410026 0.006501860067681954 0.006501860067681948 0.006501860067681948 0.012094921356271176 0.006501860067681947 0.006501860067681987 0.12226817393753948 0.011998327494313775 0.04289199412856385 0.011117690342696836 0.0065018600676819615 0.006501860067681946 0.02676894614666828 0.026570116195112136 0.010713822110683583 0.006501860067682059 0.006501860067681954 0.01482600403175246 0.006501860067681915 0.3638470954523922 0.0155625054030223 0.006501860067681951 0.07430696197089011 0.006501860067681935 0.08344028336771958 0.024617102232880727 
0.023940133206726485 0.023940133206726492 0.060934748934040925 0.04248124556688736 0.023940133206726492 0.023940133206726503 0.0239401332067265 0.023940133206726513 0.023940133206726492 0.023940133206726485 0.023940133206726482 0.04306323310586488 0.03973043194567344 0.06176609137778733 0.023940133206726492 0.02394013320672649 0.023940133206726506 0.02394013320672648 0.023940133206726492 0.02394013320672649 0.04075301315162946 0.023940133206726517 0.0239401332067265 0.046264248376709186 0.042446613358703075 0.023940133206726465 0.0239401332067265 0.02394013320672649 0.04079497736622867 0.10296273268194683 
0.008898984352043355 0.02684646832348458 0.00889898435204354 0.008898984352043358 0.008898984352043357 0.015285291260064312 0.00889898435204335 0.017841413487624004 0.008898984352043365 0.016026712582952223 0.015769292952498307 0.06124930457534541 0.10986381530866784 0.41841327077156937 0.008898984352043346 0.008898984352043343 0.008898984352043376 0.008898984352043365 0.022478204919108402 0.008898984352043312 0.008898984352043355 0.008898984352043355 0.008898984352043327 0.008898984352043384 0.00889898435204335 0.040037571762764755 0.071719025786134 0.00889898435204335 0.017983583491483934 0.015203310793571389 
0.11350014507930838 0.06568269067853422 0.01045843870395504 0.010458438703954992 0.010458438703955013 0.010458438703954983 0.06993342985925478 0.05430919667466243 0.010458438703955015 0.010458438703955141 0.04138449223023546 0.029884050367663666 0.025480590345215257 0.010458438703955008 0.01995060119634211 0.010458438703955018 0.023431029123638824 0.010458438703955 0.01718067503362891 0.010458438703954992 0.010458438703955023 0.029274419442075903 0.017459754241325565 0.010458438703954957 0.018285449393372424 0.010458438703955021 0.2762429858006578 0.010458438703954933 0.01953644869176849 0.03204589998695004 
0.016771983165598896 0.0920511755324451 0.016771983165598872 0.027290251046459504 0.01677198316559889 0.04298955215929361 0.028656671593715453 0.016771983165598907 0.016771983165598886 0.01677198316559895 0.016771983165598848 0.016771983165598883 0.016771983165598865 0.03990090104538234 0.0167719831655989 0.01677198316559889 0.016771983165598837 0.028773526609129046 0.016771983165598844 0.016771983165598883 0.016771983165598883 0.04164465284688834 0.016771983165598907 0.016771983165598872 0.04169958035615345 0.02726466897748189 0.19170048290237723 0.016771983165598893 0.03076605439996306 0.10536678554993174 
0.13548008205823192 0.07084170940145572 0.012335113052025106 0.01233511305202502 0.01233511305202507 0.053819394254382494 0.07850680032416679 0.02097686109520949 0.02075647613921541 0.01233511305202477 0.0675135638832741 0.07667903213058255 0.04740397617340888 0.05591825335079534 0.029635417060959242 0.012335113052025082 0.028718799529711694 0.012335113052025051 0.012335113052025028 0.020128429558732 0.01233511305202508 0.04022805994912792 0.020855563948087637 0.01233511305202507 0.012335113052025668 0.012335113052025087 0.012335113052025075 0.012335113052025103 0.012335113052025093 0.059845998414319375 
0.017711084896411988 0.029175429224438665 0.017711084896411988 0.08527015685174458 0.017711084896411974 0.07674226570614721 0.017711084896411985 0.017711084896411974 0.01771108489641196 0.017711084896411974 0.04318740635628495 0.09380176344302213 0.029801244732033817 0.03060424351342761 0.017711084896411985 0.01771108489641198 0.01771108489641197 0.1150965951265885 0.08083341603742948 0.029331249994645123 0.017711084896411954 0.01771108489641197 0.01771108489641199 0.017711084896411954 0.033888655262894724 0.033468045615934625 0.01771108489641196 0.017711084896411985 0.017711084896411988 0.017711084896412 
0.02868466496366217 0.043938342139548885 0.012878143976137709 0.007275585021124117 0.007275585021124119 0.025509640355690057 0.022695962628353796 0.012788823589508325 0.013924716933446716 0.007275585021124138 0.018019498741912814 0.3194485814793509 0.007275585021124106 0.007275585021124199 0.011887382999370514 0.007275585021124125 0.00727558502112413 0.011832839394232299 0.007275585021124109 0.021347703354931802 0.007275585021124149 0.1878139660612609 0.09561015290181032 0.007275585021124119 0.0491371342672671 0.022624255917729402 0.007275585021124101 0.007275585021124118 0.007275585021124119 0.007275585021124164 
0.02045568460347555 0.011830678202020752 0.011830678202020717 0.030092225150927635 0.01183067820202075 0.011830678202020722 0.011830678202020701 0.011830678202020781 0.011830678202020748 0.011830678202020805 0.025403811782893155 0.021739287532124087 0.011830678202020746 0.37060510422328496 0.01183067820202073 0.011830678202020753 0.0118306782020207 0.02005055384197239 0.1369964327403527 0.01183067820202076 0.011830678202020753 0.02008674245032001 0.030814231730433374 0.039298038314031884 0.011830678202020743 0.02906318130123428 0.04244249869259876 0.011830678202020755 0.01183067820202074 0.011830678202020745 
0.028560707182185445 0.01667244388343271 0.01667244388343269 0.032075773706361825 0.016672443883432753 0.04251253120798508 0.01667244388343273 0.030164475330572375 0.016672443883432756 0.016672443883432753 0.028619021707195578 0.01667244388343283 0.01667244388343277 0.016672443883432798 0.01667244388343276 0.016672443883432753 0.016672443883432763 0.028929033276912902 0.016672443883432763 0.01667244388343272 0.028918758351973398 0.01667244388343273 0.027585358658161908 0.016672443883432742 0.016672443883432756 0.200380268662593 0.028175645879252934 0.016672443883432746 0.06550769005087739 0.15846674608413322 
0.021375509385775312 0.0685486818111725 0.021375509385775277 0.02137550938577526 0.021375509385775267 0.021375509385775295 0.04211918188383297 0.021375509385775256 0.02137550938577526 0.021375509385775274 0.12870944146264265 0.036415267405081955 0.052471814104235515 0.02137550938577528 0.021375509385775267 0.021375509385775267 0.021375509385775267 0.035560639004083884 0.03669467704703681 0.021375509385775267 0.02137550938577527 0.021375509385775263 0.021375509385775197 0.021375509385775253 0.02137550938577534 0.021375509385775274 0.021375509385775277 0.040350028144623996 0.02137550938577526 0.1102445720360106 
0.013355392993891674 0.013355392993892216 0.013355392993892245 0.013355392993892249 0.013355392993892235 0.14432905556818526 0.013355392993892243 0.02312037108458599 0.0223853685165039 0.013355392993892259 0.01335539299389223 0.01335539299389225 0.02384675083319267 0.013355392993892235 0.022246390898233673 0.013355392993892233 0.026266074841320833 0.04301741794047646 0.023196991498661206 0.02231582217468273 0.01335539299389224 0.013355392993892183 0.013355392993892243 0.013355392993892243 0.26632728358542584 0.013355392993892268 0.02250890403956788 0.033532898454553435 0.09986498966843595 0.01335539299389223 
0.00971634953828489 0.009716349538284949 0.4603794159043988 0.015827565919942613 0.00971634953828494 0.00971634953828492 0.01582621393211142 0.022876281814933848 0.009716349538284924 0.009716349538284928 0.03346694179748314 0.009716349538284923 0.00971634953828491 0.009716349538284924 0.009716349538284923 0.009716349538284931 0.03780399359908152 0.009716349538284931 0.009716349538284945 0.009716349538284935 0.00971634953828494 0.009716349538284935 0.009716349538284947 0.020684148328680093 0.037728902440324646 0.009716349538284931 0.009716349538284945 0.1424628462342821 0.009716349538284944 0.018616699263061323 
0.09528370061633387 0.016296186467675295 0.016296186467675285 0.01629618646767529 0.01629618646767528 0.016296186467675205 0.07232774064438299 0.03479988378188996 0.016296186467675295 0.02871178970792852 0.02719788309917159 0.17924096017370972 0.05799974671237792 0.016296186467675302 0.01629618646767528 0.016296186467675285 0.05626394610253077 0.01629618646767527 0.016296186467675295 0.01629618646767528 0.016296186467675278 0.0162961864676753 0.016296186467675295 0.01629618646767528 0.016296186467675274 0.01629618646767528 0.10595443334048844 0.0162961864676753 0.016296186467675222 0.016296186467675295 
0.038297808402550704 0.012683029255542192 0.02712132760905462 0.03153880604595067 0.012683029255542235 0.012683029255542233 0.012683029255542228 0.021802883755667638 0.012683029255542218 0.0796225118166661 0.012683029255542246 0.012683029255542258 0.01268302925554222 0.022760548519404285 0.012683029255542246 0.012683029255542239 0.07119648108374815 0.012683029255542199 0.30532477145012094 0.03186498610508331 0.012683029255542247 0.02087398438936575 0.012683029255542252 0.021754212761778552 0.02444321163814106 0.012683029255542197 0.020606897936981894 0.07061234970048248 0.01268302925554225 0.021933779951844617 
0.007939139936637255 0.007939139936637177 0.013292439763680412 0.04461780685474906 0.007939139936637177 0.01818481924653963 0.007939139936637193 0.007939139936637179 0.38893771703782154 0.00793913993663716 0.007939139936637198 0.007939139936637186 0.012964158301178034 0.02678419035333892 0.01376601767676676 0.007939139936637175 0.17811624140251925 0.015737050144705358 0.007939139936637182 0.038563665471147555 0.007939139936637179 0.007939139936636997 0.007939139936637135 0.007939139936637188 0.007939139936637163 0.02719824941313744 0.007939139936637174 0.050655589594283824 0.036216675817306296 0.007939139936637177 
0.005335773579624036 0.02702355316904513 0.04171746103399779 0.005335773579624031 0.00533577357962402 0.04847978254589227 0.009351809029714775 0.018056369965458202 0.005335773579624009 0.019300395829169776 0.040858945592122047 0.02110090560181106 0.015154661294504821 0.08403089623781018 0.005335773579624023 0.00533577357962402 0.10646217789102665 0.02495114669869528 0.005335773579624013 0.005335773579624065 0.005335773579624012 0.005335773579623908 0.005335773579623946 0.03841511949788191 0.005335773579624075 0.05473193320201485 0.05809415820283208 0.022702152838370016 0.07346819356748756 0.23207105484668952 
0.014986273719628398 0.02475101658378567 0.014986273719628341 0.06478351927367752 0.014986273719628398 0.014986273719628435 0.10922586405525497 0.05725792668976634 0.014986273719628377 0.0149862737196285 0.04199640427928274 0.08466387528916952 0.014986273719628372 0.014986273719628407 0.02574408062285082 0.014986273719628414 0.01498627371962841 0.02582069234977503 0.014986273719628414 0.014986273719628391 0.014986273719628405 0.036224846869123944 0.014986273719628301 0.039250919331265836 0.01498627371962837 0.03604657116324301 0.09918893815953071 0.10027869209959363 0.014986273719628405 0.014986273719628445 
0.017915990055559248 0.11291915006913975 0.01791599005555906 0.017915990055559067 0.017915990055559074 0.01791599005555908 0.11286842742879485 0.017915990055559102 0.017915990055559064 0.031097669029910808 0.031155893518468317 0.2102092338880327 0.01791599005555907 0.01791599005555909 0.01791599005555907 0.017915990055559074 0.031332887581315874 0.017915990055559085 0.01791599005555908 0.01791599005555906 0.017915990055559074 0.02961900170994952 0.01791599005555907 0.035206404004441486 0.01791599005555907 0.017915990055559078 0.017915990055559078 0.017915990055559074 0.01791599005555905 0.02935554160321834 
0.01605051191590442 0.043191891811030135 0.14213895652978786 0.01605051191590443 0.01605051191590443 0.016050511915904456 0.01605051191590441 0.05199372769639933 0.016050511915904443 0.016050511915904446 0.027519450191077263 0.15843491222268774 0.016050511915904436 0.042332946660247055 0.01605051191590443 0.01605051191590443 0.03843609513788412 0.016050511915904415 0.01605051191590442 0.016050511915904418 0.016050511915904425 0.02730216943007679 0.026368055658784393 0.016050511915904443 0.016050511915904345 0.01605051191590443 0.016050511915904432 0.016050511915904446 0.09560172632671447 0.0417203419331358 
0.012220098605918698 0.01222009860591862 0.012220098605918633 0.11253277946270357 0.012220098605918663 0.012220098605918607 0.012220098605918673 0.019862302751410946 0.06584236891879947 0.03641438898187823 0.045255310878634686 0.020940576518026673 0.021069615887840887 0.02232471214371582 0.012220098605918665 0.012220098605918665 0.012220098605918672 0.012220098605918658 0.021735504337849224 0.01222009860591866 0.01222009860591867 0.019810300198244223 0.012220098605918672 0.012220098605918621 0.04937126722080231 0.01222009860591866 0.04156181639526676 0.31553738000419773 0.012220098605918678 0.012220098605918675 
0.015302138055575053 0.04346627925665326 0.015302138055575077 0.01530213805557509 0.015302138055575102 0.015302138055575107 0.03784029024188386 0.02488954600317459 0.12146687597002721 0.015302138055575109 0.026861474958553507 0.015302138055575124 0.015302138055575107 0.015302138055575062 0.0153021380555751 0.015302138055575105 0.015302138055575093 0.015302138055575117 0.015302138055575102 0.015302138055575216 0.015302138055575105 0.015302138055575147 0.015302138055575048 0.015302138055575102 0.2242311980488897 0.10138879580795833 0.015302138055575069 0.015302138055575112 0.028382571636071777 0.07012806890970513 
0.009895905377652005 0.3432436269847517 0.028541710985295118 0.04654321219583575 0.009895905377651748 0.024230697312025685 0.009895905377651738 0.020674221382053125 0.02551705406960116 0.03307368332005953 0.01931529366029529 0.05739558068553903 0.009895905377651738 0.009895905377651743 0.027741152988115907 0.02237606947361197 0.009895905377651745 0.009895905377651748 0.009895905377651747 0.033939429232940584 0.009895905377651738 0.009895905377651748 0.019696126221649603 0.01982815172695508 0.021687940828885595 0.09561824128963517 0.031931037733293435 0.009895905377651719 0.00989590537765175 0.009895905377651752 
4.5818687917394385E-4 1.4563093689432498E-4 2.3889842620658365E-4 1.4563093689432492E-4 0.9944906699581976 1.4563093689432498E-4 1.4563093689455846E-4 1.45630936894325E-4 1.45630936894325E-4 1.45630936894325E-4 2.3698741331875146E-4 3.1171473507668614E-4 5.098969606595648E-4 1.4563093689432495E-4 1.4563093689432498E-4 1.4563093689432492E-4 1.4563093689432495E-4 1.4563093689432498E-4 1.4563093689432498E-4 1.4563093689432492E-4 1.4563093689432498E-4 1.4563093689432492E-4 1.4563093689432498E-4 1.45630936894325E-4 1.4563093689432498E-4 1.4563093689432498E-4 1.45630936894325E-4 1.4563093689432498E-4 2.6399198769620996E-4 2.857730279954884E-4 
0.0351810220384095 0.009664332934339442 0.00966433293433955 0.009664332934339485 0.00966433293433945 0.009664332934339425 0.08405696088917065 0.03299835868617808 0.00966433293433946 0.009664332934339829 0.048831369577305286 0.009664332934339452 0.00966433293433946 0.3158080519939206 0.009664332934339452 0.009664332934339452 0.009664332934339461 0.009664332934339452 0.009664332934339472 0.009664332934339503 0.009664332934339447 0.03767684845863532 0.024403252232022388 0.09955800309123033 0.07299195110432041 0.009664332934339454 0.017729229554969014 0.03307394338804299 0.016664379006298222 0.0167329700957272 
0.01317456152413407 0.013174561524134112 0.01317456152413411 0.013174561524134001 0.013174561524134095 0.013174561524134102 0.013174561524134005 0.044960017380171254 0.34760817300300373 0.04125183346285641 0.031136216966594136 0.03194132048692831 0.013174561524134088 0.04107070818014498 0.013174561524134078 0.013174561524134093 0.022417235995803277 0.013174561524134083 0.013174561524134083 0.013174561524134055 0.013174561524134088 0.013174561524134048 0.02179794440144362 0.013174561524134074 0.04483701332575553 0.05273514988331483 0.038814083673055784 0.044288195806504185 0.013174561524134093 0.013174561524134095 
0.022049076152833576 0.030322432718117215 0.012732828707127984 0.012732828707128049 0.012732828707128056 0.012732828707128059 0.012732828707128052 0.03500728709985001 0.19595070448936625 0.239973897188899 0.022994951762672262 0.012732828707128073 0.01273282870712808 0.012732828707128052 0.012732828707128056 0.012732828707128059 0.012732828707128059 0.012732828707128063 0.03950250791971829 0.012732828707128047 0.012732828707128056 0.01273282870712827 0.012732828707128063 0.012732828707128031 0.012732828707128708 0.022172367913679072 0.012732828707128059 0.12463737190515382 0.012732828707128059 0.012732828707128052 
0.032741666009553944 0.02855115439801091 0.01473256454129094 0.01473256454129096 0.014732564541290944 0.03075255055283967 0.0781726007322199 0.028114835491724194 0.014732564541290958 0.03664425713152696 0.014732564541290905 0.03237848300101041 0.0686055259259947 0.03593965626545522 0.014732564541290964 0.014732564541290929 0.01473256454129095 0.08988213917681022 0.014732564541290905 0.014732564541290901 0.014732564541290951 0.05175710843213023 0.014732564541290924 0.14723354319779167 0.048567771904757126 0.014732564541290944 0.04433717847092102 0.01473256454129096 0.025333061189894337 0.014732564541290969 
0.12072866556661793 0.007387567603141274 0.0120517809036484 0.028596710933887697 0.012570520426042358 0.007387567603141282 0.012697027030462134 0.007387567603141281 0.46351630506533514 0.007387567603141286 0.03598239521079425 0.007387567603141251 0.01277575271720096 0.007387567603141399 0.01771809573269722 0.007387567603141273 0.012324950854058594 0.007387567603141268 0.01802178526813762 0.017534128432557267 0.007387567603141277 0.007387567603141255 0.017058821175189358 0.013235431399539794 0.007387567603141277 0.007387567603141218 0.012105927838455013 0.0129681853251939 0.08407513727929401 0.007387567603141284 
0.035919269142760016 0.015282588249763463 0.015282588249763479 0.11557815844739379 0.015282588249763439 0.015282588249763444 0.015282588249763423 0.06355653077763501 0.13089967328298277 0.08127390972198029 0.08181781813403288 0.015282588249763442 0.01528258824976345 0.06997871639249777 0.024842939497362108 0.015282588249763444 0.015282588249763423 0.015282588249763435 0.015282588249763461 0.015282588249763423 0.015282588249763442 0.030984404661047717 0.015282588249763454 0.03691034902846941 0.015282588249763435 0.015282588249763442 0.015282588249763493 0.037869054168337586 0.015282588249763454 0.015282588249763482 
0.014049250971547633 0.24797561690008604 0.01404925097154764 0.014049250971547637 0.014049250971547633 0.13329463786944643 0.024590193388745168 0.014049250971547621 0.014049250971547637 0.014049250971549763 0.02280933321936972 0.014049250971547635 0.01404925097154762 0.01404925097154763 0.014049250971547637 0.02877876602429607 0.014049250971547635 0.014049250971547633 0.014049250971547633 0.014049250971547618 0.025084117526299923 0.10061779426902792 0.014049250971547448 0.022893144866495452 0.014049250971547621 0.038537695728527666 0.014049250971547635 0.041108389553287605 0.01404925097154763 0.047374542195003616 
0.02488574608834739 0.013982119608444485 0.02424325326974535 0.033298124856507995 0.013982119608444483 0.02803752442366271 0.01398211960844448 0.02530795197356188 0.013982119608444473 0.013982119608444473 0.013982119608444395 0.029809422782619815 0.22810282991992012 0.024451589215795794 0.013982119608444477 0.01398211960844448 0.03443430004055206 0.09100986460034442 0.033563595215432444 0.032164731281262994 0.013982119608444466 0.013982119608444433 0.025215692193400627 0.013982119608444482 0.0913718092328309 0.01398211960844444 0.05413503470758138 0.01398211960844448 0.013982119608444428 0.02421885568021006 
0.02883920426575486 0.015617755382624412 0.015617755382624348 0.015617755382624408 0.015617755382624403 0.04061174533309475 0.015617755382624367 0.015617755382624388 0.015617755382624398 0.02810232775124178 0.03982143746814278 0.026519698691341045 0.015617755382624358 0.015617755382624178 0.015617755382624398 0.015617755382624393 0.3540244978281619 0.02707193623691339 0.015617755382624355 0.03859694591936754 0.015617755382624388 0.01561775538262444 0.015617755382624386 0.015617755382624424 0.0156177553826244 0.05219998665004286 0.02742931265238803 0.015617755382624414 0.01561775538262441 0.04004555493368278 
0.013272056689477773 0.07070013226270838 0.013272056689477733 0.01327205668947774 0.013272056689477741 0.071839439620774 0.013272056689477745 0.06188099814843566 0.023297856620959012 0.013272056689478007 0.041075059483602724 0.20336657153965146 0.013272056689477736 0.030574420541675373 0.013272056689477738 0.01327205668947774 0.10334909367123063 0.013272056689477719 0.01327205668947772 0.02985480504117287 0.013272056689477726 0.013272056689477618 0.013272056689477738 0.07837907799151557 0.013272056689477719 0.013272056689477745 0.022126892607124103 0.01327205668947778 0.013272056689477776 0.024658632060563547 
0.011659523857264448 0.021834112221868266 0.02748163811947796 0.011659523857264459 0.011659523857264447 0.11714545093871408 0.011659523857264436 0.011659523857264436 0.028643587779988086 0.05990363929233479 0.011659523857264455 0.011659523857264433 0.011659523857264447 0.01165952385726444 0.01165952385726445 0.011659523857264452 0.011659523857264448 0.01165952385726445 0.01165952385726445 0.39993616799119724 0.011659523857264457 0.011659523857264471 0.037460208816055954 0.011659523857264445 0.011659523857264457 0.0422880468732752 0.020457146964533865 0.011659523857264455 0.01165952385726446 0.011659523857264478 
0.011974831893157834 0.03644674330561603 0.011974831893157815 0.011974831893157815 0.011974831893157815 0.011974831893157796 0.01197483189315884 0.17338530214915313 0.01197483189315779 0.02407975025912353 0.020725315134562584 0.04863669983461909 0.023793095611511477 0.04483718061982599 0.011974831893157832 0.011974831893157862 0.011974831893157822 0.011974831893157786 0.022417422284448398 0.011974831893157798 0.011974831893157806 0.06877596224809863 0.01197483189315782 0.0119748318931578 0.011974831893157865 0.12055172037704254 0.18138318196891898 0.011974831893157808 0.011974831893157786 0.019420652130250605 
0.013249574078203765 0.03842628166597723 0.013249574078203739 0.013249574078204878 0.013249574078203744 0.013249574078203739 0.03306296221235327 0.01324957407820372 0.3347521601738606 0.06007095357866289 0.08850057322850649 0.01324957407820373 0.013249574078203744 0.02765381700911552 0.013249574078203737 0.013249574078203737 0.013249574078203707 0.02430106535659129 0.013249574078203754 0.013249574078203796 0.01324957407820374 0.022163081384176345 0.04638658111257398 0.013249574078203737 0.013249574078203787 0.050263966038389146 0.02267665075392292 0.013249574078203758 0.013249574078203591 0.013249574078203775 
0.16183043166505456 0.01355278583844643 0.03178367812372439 0.013552785838446461 0.01355278583844646 0.013552785838446506 0.013552785838446447 0.013552785838446454 0.01355278583844649 0.05990339479895286 0.07502681159024409 0.021791466262971116 0.046200564052353205 0.022829198979287098 0.013552785838446482 0.01355278583844646 0.013552785838446418 0.09080254216015125 0.04727179468896036 0.022878739472492957 0.013552785838446456 0.0926838700194093 0.01355278583844643 0.013552785838446463 0.05032544215137897 0.013552785838446456 0.03752204537031915 0.013552785838446487 0.013552785838446487 0.022305447249561943 
0.2376121833388566 0.03607152848743951 0.01804312919143021 0.038788963479204734 0.010474702677215246 0.02526352288860712 0.024816948733304426 0.038603919033012864 0.01787202154433355 0.010474702677215014 0.06510327485785015 0.017095276589310298 0.10251617171476653 0.01791097438771375 0.01047470267721526 0.01047470267721525 0.010474702677215252 0.010474702677215248 0.02939465321624216 0.01792775502669839 0.010474702677215245 0.010474702677215385 0.0321961327504986 0.01047470267721531 0.01047470267721522 0.0724664248825371 0.041084993468205044 0.041535694283404194 0.010474702677215252 0.010474702677215186 
0.016030214557603548 0.021247976228696633 0.008769862024598021 0.008769862024598011 0.00876986202459801 0.00876986202459799 0.008769862024598032 0.023319754716325337 0.06386942860542921 0.008769862024597983 0.015394674149987986 0.01739681490655242 0.00876986202459796 0.0978260522985891 0.00876986202459801 0.008769862024598006 0.044118598825777705 0.00876986202459801 0.008769862024598004 0.04043445230005818 0.008769862024598004 0.02109836213197839 0.02624056905002215 0.008769862024597995 0.008769862024597983 0.008769862024597992 0.008769862024598018 0.29162652181273147 0.17230892599808054 0.008769862024598007 
0.01109377065048572 0.011093770650485736 0.021019003165415873 0.14900189109340173 0.01109377065048572 0.011093770650485696 0.011093770650485724 0.028983434393854715 0.011093770650485724 0.023782569614574568 0.03013675548975799 0.011093770650485708 0.01109377065048574 0.011093770650485725 0.020936107701431974 0.011093770650485724 0.011093770650485724 0.1917007554361668 0.19053728422504576 0.011093770650485718 0.020266582658575474 0.018376953863572604 0.011093770650485682 0.011093770650485718 0.01812462957958097 0.08744616106987246 0.011093770650485696 0.011093770650485635 0.011093770650485725 0.01109377065048575 
0.018231764988571444 0.04742096786744734 0.010067898389927478 0.037181836375275855 0.0100678983899275 0.0213243909574351 0.022118775266484026 0.010067898389927523 0.01702465678739106 0.010067898389927495 0.02483400532470949 0.01792264496091201 0.018045652823095504 0.010067898389927497 0.0100678983899275 0.0100678983899275 0.035089179718782955 0.010067898389927504 0.010067898389927483 0.01744735387390931 0.010067898389927494 0.010067898389927539 0.01006789838992752 0.023737066787774604 0.010067898389927507 0.12040750491218072 0.010067898389927506 0.2544258251433068 0.010067898389927521 0.17376989836378412 
0.7453757421469352 0.006436683338426225 0.011888338250714855 0.006436683338426221 0.006436683338426222 0.006436683338426221 0.0064366833384262205 0.006436683338426224 0.0064366833384262205 0.006436683338426222 0.006436683338426237 0.0417443212454164 0.006436683338426216 0.006436683338426224 0.0064366833384262275 0.006436683338426222 0.006436683338426192 0.022568321982710755 0.0064366833384262405 0.006436683338426212 0.006436683338426236 0.013155550896291227 0.006436683338426223 0.00643668333842622 0.010787325355757224 0.006436683338426309 0.0064366833384262275 0.0064366833384262145 0.006436683338426219 0.006436683338426223 
