0.10902117146462569 0.12402806248524753 0.058420437000933835 0.0895700191254562 0.10502379323333538 0.12048440210196015 0.05654076764225905 0.1008179045808679 0.1207697281880619 0.1153237141772524 
0.033788189219209806 0.03378818921920981 0.084915520160546 0.03378818921920976 0.03378818921920923 0.6363518584359861 0.04221529686895834 0.033788189219209806 0.03378818921920972 0.033788189219209695 
0.04235327063200545 0.033709274046711965 0.041815399426968804 0.033709274046711805 0.033709274046711625 0.6445666909778845 0.06900899468283193 0.03370927404671189 0.03370927404671135 0.03370927404671186 
0.04295044916346906 0.04295044916346906 0.16186507400229358 0.042950449163469066 0.053785872352757426 0.39575567600132616 0.09026472409505673 0.04295044916346908 0.04295044916346906 0.08357640773125653 
0.03137645404891936 0.031376454048919374 0.1131736156686356 0.052077551095487534 0.04079798881708116 0.5062726209694479 0.11377753627210675 0.03137645404891934 0.03878962024353985 0.04098170478697346 
0.04135359446636724 0.041353594466367216 0.08051100376299303 0.04135359446636714 0.059698506943588095 0.5044318356194806 0.0413535944663672 0.04135359446636725 0.04135359446636724 0.1072370868757086 
0.050733659084891296 0.10627823798897935 0.03684297124229447 0.10067694678873189 0.04519503750554746 0.4752939164525885 0.03684297124229432 0.036842971242294305 0.0744503172101104 0.03684297124229433 
0.04824307032620659 0.03869109576591318 0.038691095765913244 0.11766907255885294 0.04868118889043782 0.5090981877145409 0.05948585484690478 0.03869109576591311 0.06205824259937727 0.038691095765913244 
0.023052204844303172 0.018238041075393382 0.027051703864361152 0.025801497175249224 0.01823804107539296 0.7469489873030124 0.05336313276305428 0.018238041075393358 0.018238041075393324 0.050830309748445705 
0.036064101526940714 0.04494604219459236 0.26382328763964596 0.04430352992735919 0.08468409508102528 0.31287780401801313 0.10510883503160325 0.03606410152694065 0.0360641015269407 0.03606410152694067 
0.03061475825050513 0.03770137928863506 0.030614758250505185 0.030614758250505164 0.030614758250505192 0.3865005414680872 0.181098397377994 0.030614758250505185 0.030614758250505154 0.211011132362254 
0.08123748487757036 0.04693844304284423 0.04693844304284423 0.06333084624715317 0.0469384430428443 0.4911081422577379 0.05854255933326577 0.04693844304284425 0.04693844304284426 0.07108875207001421 
0.10044046030355264 0.08813227904185676 0.051330717111438065 0.05133071711143823 0.05133071711143792 0.31502684891844296 0.08564013339489772 0.05133071711143823 0.06636758460868158 0.1390698252868248 
0.024747567578364587 0.03617697927935122 0.01935371849399543 0.023414698490964215 0.019353718493995514 0.37304170590823266 0.24241532475525146 0.019353718493995458 0.0193537184939954 0.22278885001183893 
0.06379398358386751 0.05198941002074838 0.10999480249666982 0.09063254884076026 0.058327294285859324 0.3845413289999371 0.0812985222364303 0.042670098397516044 0.0652336342376262 0.051518376900603964 
0.07386868139623907 0.10665863327261543 0.07386868139623907 0.1051205424687922 0.07386868139623906 0.27114005448492284 0.07386868139623907 0.07386868139623907 0.07386868139623907 0.07386868139623906 
0.043451872471380826 0.043451872471380826 0.06913720108018331 0.09812407801993193 0.057133778474165856 0.48126387322990216 0.06566947512661328 0.04345187247138086 0.054864104183663 0.04345187247138083 
0.03477161815958726 0.05023266528452169 0.050069360013552555 0.1304334258048804 0.034771618159586806 0.5378139831769752 0.050257532404264865 0.03477161815958722 0.0421065606774565 0.034771618159587264 
0.060806465798927956 0.10783926131745333 0.04010469686587049 0.0640121423491197 0.04010469686587048 0.4900658996924842 0.05819654555640642 0.04010469686587052 0.05866089782212976 0.04010469686587049 
0.07572005087188008 0.05091342582856031 0.0413572632976021 0.11433454311940221 0.054536310407693 0.4336726712691212 0.04135726329760218 0.04135726329760213 0.05319868225954307 0.09355252635100388 
0.05829382485149467 0.057866607638216244 0.046396476301056054 0.07049730633529004 0.04639647630105597 0.465065519931961 0.11629435973775895 0.04639647630105601 0.046396476301056054 0.04639647630105568 
0.019422196320578827 0.019422196320578868 0.01942219632057879 0.33110263132803974 0.019422196320577872 0.486193476101879 0.03196259891102979 0.0194221963205788 0.02912679685406458 0.02450351520205438 
0.0718656178817225 0.08928965563910014 0.0718656178817225 0.0718656178817225 0.13362869145926212 0.23769563023073806 0.07186561788172248 0.0718656178817225 0.10819231538056956 0.07186561788172253 
0.03934570717024852 0.0740149514662422 0.06365262420063486 0.0631577305730408 0.033153012082114866 0.5629127544189068 0.03374749492747853 0.026352935393883236 0.026352935393883236 0.07730985437358585 
0.04964982142818257 0.04039828269329607 0.07337378913670434 0.1602931642265542 0.031400492356480826 0.44526394836984595 0.04102620460037244 0.03140049235647992 0.049487818087592055 0.07770598674446813 
0.06224965991805678 0.06362516822375072 0.11531724450346799 0.07085371907632945 0.0663120152332283 0.3808388498096362 0.060660632147315735 0.050139821304981146 0.07986306847830969 0.050139821304981166 
0.054652733034300634 0.044716450726486445 0.10555403034340487 0.07437338782924575 0.045642668364597364 0.4830562972398486 0.0369609542375701 0.036960954237570315 0.05334617466880858 0.06473634931816999 
0.17921184806561324 0.052865864885947265 0.06785741732962355 0.052865864885947245 0.09198788482320708 0.1444881892017456 0.06438569516149793 0.052865864885947224 0.052865864885947245 0.24060550587452875 
0.0322166462237235 0.021566674921577142 0.08436209597302015 0.021566674921577052 0.04893232377923513 0.6866017195806248 0.04005383983550573 0.021566674921577055 0.021566674921577045 0.021566674921577142 
0.07186057492345582 0.08513793751355725 0.051422295592868796 0.058827745464814646 0.035229833965941336 0.5282414288690759 0.04262209045022376 0.03522983396594105 0.04373859192696339 0.04768966732719684 
0.0487328680997272 0.048732868099727135 0.16065104053568477 0.06004734140681524 0.059248664183194105 0.340472335416944 0.048732868099727544 0.048732868099727183 0.048732868099727183 0.1359162779587313 
0.0775165359195454 0.06295448027937492 0.10960445731086148 0.11470755362198524 0.0941831411754111 0.24240221058719882 0.10976818026749548 0.0629544802793749 0.06295448027937485 0.06295448027937499 
0.09189609396385386 0.038714774364310256 0.0490476625316932 0.03871477436431024 0.0719620786382149 0.4937632606737218 0.07651588962363602 0.038714774364310235 0.06195591711163778 0.038714774364310305 
0.028879451270927257 0.028879451270927267 0.05546322907038898 0.03493921048314567 0.036489288717023095 0.17398366587604314 0.0402331925289297 0.028879451270927267 0.4392273987194283 0.13302566079225825 
0.07165511590468854 0.048393740897797924 0.061054166394415445 0.15307853657516107 0.08683353540857565 0.3320741353677422 0.0608863458291582 0.04839374089779797 0.08923694182686592 0.04839374089779789 
0.04698402864833588 0.08355761927567978 0.03724253931898417 0.054016127518911446 0.03724253931898415 0.14800273324542493 0.12441830966308837 0.03724253931898425 0.09211445878583237 0.33917910490578956 
0.02831704511922545 0.07044279687052159 0.023405815796891327 0.02894637298085124 0.02831704511922548 0.0917361447547047 0.47487734046669144 0.02340581579689127 0.1688068810338851 0.061744742061144116 
0.04844843041075022 0.058103610450553275 0.07386935535133811 0.02530628776381279 0.06064036313019958 0.5300308141788606 0.031024790124022112 0.015488309036558325 0.10259726961162788 0.05449076994228325 
0.05639681877280218 0.04403418286237433 0.0805892545666491 0.13535366730795542 0.05558834996776988 0.31071804788697466 0.07275639650921373 0.04403418286237436 0.08411455086398102 0.11641454839992087 
0.10322485124817918 0.053258775437499184 0.10759717882512058 0.06691580858454102 0.1904744513225283 0.19889279213720154 0.08023000217879173 0.05325877543749924 0.06672602982662405 0.07942133500202019 
0.07661307425392677 0.08180376004355727 0.08773462958811586 0.0596291754385929 0.07610049478571816 0.33455263336539603 0.07633745459237644 0.04781593658389541 0.10088264885745607 0.058530192490964146 
0.046094582954654136 0.046023364824869156 0.0362407556931027 0.061221357265252796 0.036240755693102665 0.1238824611290201 0.1545703201488755 0.036240755693102755 0.03624075569310287 0.42324489090492434 
0.04541084204286673 0.07290969293763241 0.16407146752776558 0.04541084204286671 0.04541084204286766 0.3097966594141866 0.16892502224979442 0.04541084204286673 0.045410842042866786 0.05724294765628572 
0.029731330437889225 0.02973133043788925 0.24569646657632913 0.03943132455657174 0.039920650901933044 0.42741353426375717 0.08688456560458291 0.02973133043788928 0.029731330437889298 0.041728136345278645 
0.058819644163039454 0.060933329517323304 0.04861812914173331 0.31343961666111414 0.11558455379738906 0.1728377910722177 0.06083982456944895 0.048618129141733316 0.04861812914173331 0.07169085279425592 
0.04155786184137803 0.07633637507847814 0.0419811672064565 0.028747848326559633 0.028747848326559987 0.6023363419907938 0.035472250255735256 0.02874784832655971 0.05738711884113342 0.05868533980626723 
0.03857100460013708 0.07051010354058006 0.04792266204499248 0.03857100460013709 0.03857100460013709 0.12348606484931611 0.49361748557360685 0.03857100460013708 0.03857100460013713 0.0716086609908426 
0.06631209669371121 0.03675362496569332 0.036753624965693475 0.03675362496569327 0.036753624965693066 0.12524428931469384 0.42387546941310583 0.0367536249656933 0.07755907829543458 0.12324094145458658 
0.1696841297808719 0.07419502145361742 0.04392147034836101 0.26347650288024166 0.054324548985501514 0.17195232914689448 0.07435072170525794 0.043921470348361004 0.06025233500251602 0.04392147034836097 
0.022312322218051087 0.04174033940456575 0.022312322218051 0.022312322218051055 0.022312322218051114 0.11173907759445081 0.5563283953699203 0.02231232221805105 0.12116934144553915 0.05746123509525251 
0.05493792538182878 0.10357359310482211 0.04540964483887556 0.06446620592478193 0.08916846037507695 0.11052398877101205 0.16540239231679943 0.04540964483887547 0.06652372277470898 0.25458442167321493 
0.04125316948396105 0.0412531694839609 0.488821353012007 0.041253169483960864 0.07582858745334083 0.12400424800121386 0.05517066500076946 0.041253169483960885 0.0412531694839609 0.04990929911289519 
0.13291647764882922 0.044988319407244654 0.044988319407245056 0.11547749382990073 0.07558291942369096 0.2607741673170212 0.044988319407244605 0.044988319407244605 0.09732926930882482 0.13796639484277837 
0.07264891370279425 0.08583361935020797 0.0645976638375256 0.08155881191686717 0.10637567469398232 0.08442532736101356 0.07929137811468766 0.04676431039672496 0.3204149231147533 0.05808937751146146 
0.039684884764531955 0.04871158227185859 0.06418968513634991 0.0633403481260368 0.11987847089419558 0.39719018577629106 0.06052129501275363 0.03968488476453196 0.11237373955875724 0.05442492369469361 
0.034395016662388214 0.2959247705354661 0.08245455704981343 0.034395016662388235 0.11088115672549922 0.14006911530586935 0.19869531707143026 0.03439501666238817 0.0343950166623882 0.034395016662388186 
0.08670349203801271 0.04478180960395825 0.17874415266900875 0.06867196734697341 0.05088100769032447 0.3879425374305784 0.04936985492481368 0.03701497745363532 0.037014977453635335 0.058875223389065263 
0.05046801192930363 0.05388019734979673 0.0771739140477409 0.06833739403814738 0.08892963453259259 0.10461549086744887 0.4283781888415196 0.039744769822873 0.03974476982287302 0.04872762874772861 
0.13421658930508137 0.05923324421304686 0.040645986453994976 0.07968860948802506 0.07576903430395034 0.35705436122175216 0.09661069550620811 0.040645986453994955 0.05273413775926362 0.06340135529466757 
0.08681827571695641 0.039064417277218266 0.09951821694369956 0.054051567750555335 0.04805256797856693 0.5196551211201715 0.03228919370484353 0.03228919370484367 0.03910047808874497 0.04916096771441898 
0.0458582544548203 0.12847831956345346 0.0264976615444357 0.03998867374466731 0.026497661544435662 0.2525421906457654 0.20796831786588954 0.026497661544435735 0.059507452456725785 0.18616380663535254 
0.2512426863749782 0.03257487399079943 0.1161030879270615 0.043768473699891425 0.032574873990799405 0.05678455762384018 0.04559264964521021 0.03257487399079938 0.032574873990799426 0.35620904876581955 
0.0423866990580646 0.046951635453631756 0.13624491943083822 0.05019445877333977 0.10792611943379654 0.2547001962295825 0.10512538119242186 0.02958684769652998 0.15247899860236827 0.07440474412943185 
0.08164363043419745 0.04201688727471915 0.042016887274719125 0.05154255742883725 0.07690013956861823 0.4500856552827622 0.050833267383299505 0.04201688727471914 0.11095196611849266 0.05199212195963552 
0.12555604230424391 0.04135871222601276 0.10695942908092122 0.2504233860031909 0.053251564087258736 0.20966636527188473 0.05821914818060785 0.04135871222601263 0.04135871222601263 0.07184792839383966 
0.07224457092981477 0.01800136429528859 0.15074385721333913 0.026769449400357602 0.03543222274412041 0.584612614855773 0.01800136429528851 0.018001364295288563 0.01800136429528851 0.058191827675440747 
0.10497929801813434 0.03935699740305913 0.09161258371086041 0.054856191519063506 0.08504500219912307 0.48405377058402976 0.04650881696304063 0.031195779867582842 0.031195779867582877 0.03119577986758363 
0.06691841967886364 0.09092835687365794 0.17466187142384648 0.22218479550454137 0.06296620105730692 0.12798606200013268 0.052045518774016884 0.05204551877401745 0.06680262150846311 0.08346063440513854 
0.03961007799250836 0.05227879084346056 0.09952659894838203 0.1795588864570008 0.03453390533546052 0.37791697078128683 0.06920941776725033 0.014320778622677478 0.09838877026826083 0.03465580298372538 
0.20072037686859973 0.05570873389660378 0.17501310013903135 0.03599738682321766 0.03599738682321757 0.06551611249853148 0.06409758934068724 0.03599738682321759 0.07428309077593608 0.2566688360109736 
0.0588971544570602 0.02695422153664051 0.02467005166192434 0.03406112483075361 0.017864943658124657 0.7354838009084196 0.026504913889717204 0.0178649436581255 0.039833901741087176 0.017864943658125423 
0.1364204961007016 0.07568284957882389 0.14232276716106604 0.1921657074632643 0.03819277566225844 0.21943983155885097 0.05520072326410193 0.03819277566225846 0.03819277566225851 0.06418929788641284 
0.07260405343832407 0.06098112372542259 0.1747895397836679 0.07039805008155609 0.1337868401508854 0.13406998246000856 0.1398431010551475 0.04889424978880533 0.06267533250262323 0.10195772701356416 
0.05023826089866532 0.045666488347178576 0.04403062424833443 0.042343356993833105 0.3124166741996412 0.34854296266637663 0.03408352974329882 0.02788812263529181 0.04653375996372791 0.04825622030365044 
0.04011731688597728 0.05708987941486495 0.2587443490972192 0.06676878240545707 0.07090442119548904 0.21510681744335566 0.04011731688597726 0.040117316885977326 0.07396166878239137 0.13707213100328564 
0.03696122867873625 0.13182498545243437 0.1424449782220536 0.1049596155971611 0.09798017273962344 0.10046492562701574 0.25673138672322693 0.03696122867873628 0.05471024960226408 0.03696122867873638 
0.06960531052656278 0.05969996563932032 0.39387160988180964 0.029766479484178415 0.14952750431057468 0.17520741274992277 0.04266851469734987 0.024607104828705706 0.03043899305281295 0.024607104828705664 
0.05518843440773565 0.05841314753515945 0.05543514100914773 0.052381881472731866 0.05317412062746163 0.0837938365835743 0.2779266530411879 0.04329691405594258 0.06896898996247754 0.2514208813045633 
0.05035470525160861 0.03259618870757307 0.08688382149701497 0.060431274452671505 0.03989807740606186 0.08673724330932361 0.47614418192319885 0.03259618870757311 0.05118920762092581 0.08316911112401855 
0.0655037275619174 0.052178579384836055 0.05123238676890693 0.042346784507328046 0.11246578325753388 0.09425184107295737 0.0717854737853203 0.04234678450732803 0.4162249073946173 0.05166373175927875 
0.02027055790470836 0.06111337183033709 0.18133964937224115 0.05214073658520211 0.030385991011954466 0.18393411321710237 0.11637045591089691 0.01536739994748549 0.31249828537660385 0.026579438843491007 
0.04511453315658706 0.042116113898743826 0.26217369316500533 0.044825145920643204 0.08048468600198617 0.3621098053788036 0.05017003456702795 0.025366969499316067 0.0253669694993161 0.06227204891260141 
0.03134524520906484 0.04935480865366521 0.5619908713029435 0.041371686068354445 0.021808619812100957 0.04023395864567494 0.1195051343888598 0.021808619812101054 0.08427683622169885 0.028304219885505147 
0.05006977982249599 0.052025191970708796 0.08051358533184028 0.050069779822496 0.38613648911855153 0.14256264106995087 0.06242471084778334 0.04138581686690831 0.050890639517476584 0.08392136563181717 
0.031344471603835675 0.07638424444576034 0.31630933388045035 0.0742906822555147 0.021611146095641257 0.3246017243515152 0.04023950369702932 0.021611146095641305 0.06167241184249737 0.03193533573206744 
0.06078211509071344 0.07087275367804935 0.05967990822426694 0.12507281094184977 0.079236072605019 0.15599448934808824 0.10395086198298112 0.04932919140366784 0.1036361621261131 0.19144563459924757 
0.09989921827004467 0.08882417916375138 0.04702704262359573 0.1053634318640118 0.08553165672237191 0.43591640494185707 0.03265882305744826 0.03265882305744827 0.03265882305744829 0.03946159724200508 
0.062136138177148574 0.020064502718484565 0.03669097192797763 0.24406453865052422 0.02006450271848386 0.5104130243931522 0.028515908627333154 0.02006450271848466 0.024394110790638458 0.033591799277758294 
0.04427802941777327 0.04427802941777327 0.10982567653640579 0.04427802941777329 0.07092879969618479 0.4149363900625073 0.053878390129423 0.04427802941777329 0.09024968138411629 0.08306894452029845 
0.04280100902274897 0.034239448181031 0.034239448181031036 0.042186195447697986 0.06018841197009495 0.07138408693710249 0.22617893959858992 0.034239448181030994 0.0419764291833414 0.412566583297292 
0.2067983632598512 0.1497658852580545 0.12043851087147207 0.13738767571673996 0.09654423681676079 0.08773250428484171 0.04753996833265705 0.047539968332657084 0.05871291879429856 0.04753996833265709 
0.032538916225417665 0.05743422723680208 0.25731185444382715 0.04500054288414007 0.31479189074670244 0.06994141810802433 0.044461445802542215 0.03253891622541763 0.04203820608426796 0.10394258224287051 
0.03995793451598859 0.12464295008041944 0.08631626333615335 0.3080028748996796 0.039170704697402185 0.13292493627224705 0.03208524234562223 0.025725409642281573 0.16682554968539004 0.04434813452478875 
0.016328196454568292 0.05981220082351578 0.04093457109265869 0.5068724628950636 0.11859733494770136 0.0901966055143892 0.08348901791783483 0.012886644608519873 0.03577130782720221 0.03511165791849276 
0.035503118270258184 0.06513548988426802 0.03183635268142937 0.18002283635091296 0.057622157294650575 0.29835852879327324 0.022981488646837904 0.02298148864683793 0.04355633118214053 0.24200220824942065 
0.028533763726568222 0.08808348514049359 0.09554002472432485 0.031091425931942664 0.07794864034056039 0.5607642213152754 0.020095397831175338 0.016123691283125283 0.01612369128312537 0.0656956584233941 
0.03061675700263779 0.03739102425446939 0.08099086430877386 0.03508530860300988 0.21359670409246248 0.42584226395276525 0.06380767629597972 0.02179373623552957 0.0394355150960723 0.051440150158243526 
0.18488329123125413 0.08014543007814869 0.13303988141704717 0.0653400594327738 0.03930469266744517 0.06541057461734416 0.24141975105358604 0.031326074265378964 0.039180839969114985 0.11994940526791427 
0.0961796092034084 0.06318174549063996 0.07187253162774161 0.0483177341721347 0.048317734172134724 0.09420476231195794 0.0700932453203948 0.048317734172134745 0.059587677287711645 0.399927226241767 
0.029704286238750707 0.03728302514506492 0.12221922791856835 0.06298311210501605 0.07394861044106223 0.5060522288676031 0.036580153689988563 0.029704286238750675 0.058575519573752295 0.04294954978145082 
0.08415806072764948 0.06714800203925218 0.08350628732155142 0.08661655329336132 0.06714800203925221 0.06714800203925227 0.1891031903387355 0.06714800203925224 0.06714800203925224 0.22087589812243777 
0.06648272656252643 0.06648272656252639 0.21183105324639087 0.1305284806119481 0.06648272656252642 0.09124640296595961 0.1058870201549599 0.06648272656252638 0.06648272656252638 0.12809341020810724 
0.07491139472602357 0.1036852349251303 0.2505863871923132 0.039294438026097146 0.055335782765510974 0.10002120485591967 0.0558964487164925 0.031698006126850566 0.17498743935295977 0.11358366331270224 
0.08019119322105364 0.37687858136151814 0.04102120828893604 0.05245435522888136 0.041021208288935976 0.2244941704238889 0.04102120828893612 0.04102120828893608 0.05141765289563337 0.05047921371327633 
0.05685777919818106 0.08238947540055774 0.07035210629565038 0.04124647882234973 0.280803467239356 0.20673049488643114 0.05203527412655238 0.04124647882234972 0.09059346327952866 0.07774498192903184 
0.05199986136019722 0.04140587987378593 0.06321201876202191 0.04140587987378598 0.3878278219333806 0.14681234308222274 0.04140587987378536 0.04140587987378599 0.13177311065328473 0.05275132471375254 
0.3340420082900357 0.060369831973183144 0.11590780944920084 0.06780694566010258 0.031008656955826948 0.09510750399632902 0.07060646218684 0.031008656955826913 0.076997536119427 0.11714458841323114 
0.034306708684741914 0.05137078248129355 0.03695287777494623 0.030478281469887035 0.04553629603563871 0.08227083416538324 0.516805186548387 0.024191551957852983 0.0609949505410791 0.11709253034076979 
0.10724982212896361 0.043978229661583476 0.15163465136473922 0.06048006043403267 0.0894055348942305 0.31719566455004894 0.06065926653840538 0.03485995123172248 0.03485995123172237 0.09967686796455334 
0.04512727818699358 0.07222161559069586 0.059949312964670175 0.25290310523217724 0.03711423245908219 0.06654024224124713 0.04241894805489671 0.02855680495717938 0.36661165535587403 0.028556804957179296 
0.032876675370791524 0.041625327395672755 0.06380670628765546 0.1662070509804475 0.049758124876100394 0.4780763147137427 0.041504295781067325 0.032876675370791544 0.052127567778761146 0.04114126144497717 
0.0526702181910993 0.052670218191099245 0.06644710821700772 0.1138541137348995 0.20003590805714572 0.12220986828673766 0.079541279172244 0.052670218191099315 0.20723084976756279 0.052670218191099336 
0.15786853379487706 0.04216593655658503 0.14327379865156356 0.14028948617928003 0.0478024554454237 0.31728957629424315 0.026397633817171508 0.026397633817171594 0.06490618806532363 0.0336087573783533 
0.038936475029247915 0.05068359316237556 0.038167579123793025 0.12242667851246632 0.030907705353344247 0.43890482469300957 0.10912835729905182 0.030907705353344125 0.048176197158625166 0.0917608843147507 
0.1297843775809461 0.07798349796494933 0.16336794211095626 0.04921478309579325 0.03858949878016982 0.05851239874901475 0.0480129885395306 0.038589498780169845 0.35735551561834145 0.038589498780169866 
0.053997779549569705 0.05909661868247539 0.19843162684595758 0.08362179072649646 0.35159618734458775 0.08483087102946969 0.04916126249379991 0.03975462110921692 0.0397546211092169 0.03975462110921693 
0.07640878886259396 0.0497101025471183 0.04986481002211999 0.09164472889905063 0.10736172670220023 0.2275587052661848 0.06742666419746654 0.03976650361983639 0.05983988548259117 0.2304180844008238 
0.06879508740514104 0.07372355763138527 0.13053972468119704 0.04576101512143173 0.24074182106441874 0.17200572390518343 0.05689832817527932 0.04576101512143168 0.07995410062673597 0.08581962626779066 
0.059156187096761535 0.18784110949192984 0.0913314182159796 0.16876571276181795 0.20190723807707225 0.1112430455255222 0.06134440676377716 0.03261107093299664 0.05318874020116061 0.0326110709329967 
0.06944216820289588 0.1858925875958372 0.09964426054643749 0.36248250744791843 0.052048463732307974 0.04189169483456472 0.041891694834566784 0.04189169483456679 0.054133122087919386 0.0506818058829979 
0.028105171778455094 0.05332704541294033 0.13156970239051735 0.022196787339906047 0.18106747397229572 0.23264666810223636 0.06363970059485675 0.02219678733990618 0.22215525821459922 0.043095404854279526 
0.05163705655555347 0.16961778179758344 0.2517445592321916 0.2543029201033577 0.03360683369879462 0.04919716136726815 0.04959742314276132 0.03360683369879462 0.07308259670490597 0.0336068336987946 
0.23431557460249344 0.09039327656471297 0.05484027816492648 0.0934794093155127 0.14652211315051683 0.11197788356221265 0.05484027816492642 0.05484027816492642 0.06800718930149187 0.09078371900827378 
0.03851576836315403 0.12802617619372006 0.09804569995609846 0.07195663219239712 0.19152402707678268 0.3082392662265052 0.031189665348304054 0.031189665348304075 0.07012343394642037 0.031189665348303867 
0.027844252918130273 0.033852610258896326 0.027844252918130023 0.04362471060029988 0.027844252918130297 0.04082418635852991 0.5730698036210211 0.027844252918130218 0.1627801156928882 0.03447156179595148 
0.6205729496078701 0.05874827917535446 0.042855321585320204 0.08748240315412564 0.018061033021838546 0.034525800264823756 0.03260969657203906 0.018061033021838747 0.054244811841106313 0.032838671755785684 
0.08018684038979912 0.11337145587371687 0.20306066058768896 0.19095685289449518 0.15981917355620748 0.07264583877045806 0.045529232174270434 0.02329769328926039 0.028186235325900713 0.08294601713818742 
0.11778565287912679 0.07359789208500091 0.05893197000419484 0.17530942484676543 0.0935696547797745 0.2682027884577673 0.06028808053757512 0.04492710174720074 0.06246033291539867 0.04492710174720062 
0.146329449784038 0.07185625404850776 0.042733330448931954 0.3973241039415615 0.07652245038069931 0.0622181058789511 0.04612728897751986 0.029967285559481596 0.03690403137872932 0.09001769960156077 
0.24422086408040716 0.042214988391720394 0.11259175495152175 0.04221498839172043 0.09705168262549276 0.08359270872312348 0.09645949818798923 0.042214988391720415 0.07649980102787804 0.1629387252284153 
0.33045152919505844 0.07446567571606764 0.1490137010675521 0.06509510089512273 0.050965169005473994 0.14893689283064343 0.05966318210156027 0.040469583062839404 0.04046958306283947 0.04046958306283936 
0.053846544890466086 0.035673017821602496 0.0431582673280467 0.0356730178216025 0.03567301782160261 0.045942185475445034 0.09965742276045421 0.0356730178216025 0.5690361597117201 0.04566734854749618 
0.13711440244806383 0.0514671000423444 0.06348332018440331 0.15042437118032448 0.12271106797528757 0.07792217767167749 0.13634421349054862 0.05146710004234431 0.051467100042344394 0.1575991469226523 
0.15690488593911975 0.08199470768610065 0.07427496694917252 0.2748013310671178 0.054021042304122545 0.05402104230412241 0.054021042304122566 0.05402104230412257 0.13002370449045528 0.06591623465153597 
0.07628858909163297 0.12271460900760865 0.06646689776652463 0.09481505260006176 0.19161476369057737 0.11797327834256503 0.05099866776302204 0.05099866776302246 0.14753566491866463 0.08059380905631602 
0.03960898793780128 0.07618030106496668 0.0519983942050826 0.4125006684122123 0.08888245497140579 0.1718313649337449 0.039513024169052065 0.031117454216434883 0.05072549547121341 0.037641854618054776 
0.04830549570361669 0.10206400863732318 0.038794736124440336 0.43256797002627234 0.0343842281987954 0.06639871168866883 0.0602111302243182 0.0253145958144654 0.11420616073570819 0.07775296284640791 
0.03115680672230427 0.04632576807042516 0.4858491920145573 0.19598488941850734 0.07899362888687979 0.03479546834473329 0.024518105608010272 0.02451810560801031 0.05333992971857682 0.024518105608010387 
0.020641365688553997 0.012160625387828018 0.20396729171919484 0.01000228716048079 0.07984352525573564 0.010002287160480768 0.032514887068786504 0.010002287160480764 0.010002287160480761 0.6108631562379546 
0.0937035573095282 0.22789744142566024 0.2197527840581715 0.08317233592004422 0.04915427780909799 0.10081023408902609 0.052570814884010324 0.029385157943402244 0.10304766593405863 0.04050573062700561 
0.05639852884514654 0.04628886487338726 0.04628886487338735 0.3513309132934608 0.04628886487338692 0.10698271055258003 0.0462888648733873 0.04628886487338735 0.20755465806849105 0.04628886487338743 
0.1099641745575467 0.04613394817889792 0.08206092826459796 0.058803655758986745 0.06680001106553797 0.1350962374614035 0.07991733703884214 0.04613394817889788 0.057155136211618 0.31793462328366245 
0.03040835215657596 0.15466386463116072 0.030408352156575873 0.18284958979865598 0.0784524650652471 0.26716813150207486 0.05170318733994189 0.03040835215657602 0.04685090685075004 0.12708679834242637 
0.06521780052843719 0.06521780052843718 0.06521780052843719 0.06521780052843719 0.06521780052843719 0.0912805474232708 0.0821019489709167 0.06521780052843719 0.30331071264236437 0.1319999877928262 
0.15599141444682565 0.04742689333132521 0.10703891368198187 0.06473681738527007 0.04742689333132523 0.047426893331325236 0.07222818806265188 0.047426893331325236 0.10029826362502016 0.30999882947292784 
0.04530976313970506 0.06383818934764306 0.0576721711967282 0.05644388286693177 0.04530976313970506 0.08197044711386353 0.07513957674711408 0.04530976313970507 0.054817085561224416 0.47418935774732396 
0.07491516692869972 0.05869564930957104 0.030428352303791276 0.07422081717959754 0.052352588250997506 0.47926505492470584 0.04317701638325396 0.025027752097966434 0.06825291854075517 0.09366468408058429 
0.09069467998183157 0.05568073345253746 0.05129736200411157 0.240412985175827 0.06938388959977 0.3029544491708991 0.06525475521923979 0.031307473199027644 0.0394965339256636 0.05351713827110518 
0.04097918209796076 0.06512873561450276 0.18447944278418454 0.2277009012909308 0.0680654216963724 0.11191124898225593 0.12699466159486708 0.04097918209796067 0.04097918209796055 0.0927820417430141 
0.0983499162821937 0.07425653363983735 0.14722439633616424 0.0892743904751144 0.08577089400193302 0.17768688213016645 0.13770954646409855 0.045726011478951695 0.04572601147895167 0.09827541771258724 
0.0738232724611225 0.12946734323171746 0.05001385722737722 0.26373460984195524 0.07266372975282294 0.03996430763390749 0.06324173581212887 0.03996430763390668 0.19972029703398023 0.0674065393710827 
0.04955067084795647 0.12428382489180625 0.28664791683268187 0.07268577657942833 0.04021075415021681 0.14632844910310472 0.06444404025686705 0.04021075415021695 0.12235326149958412 0.05328455168815277 
0.05939829054629192 0.05861498023799664 0.041288073288363515 0.04128807328836356 0.04995152676318009 0.07446406614151546 0.08979199947825789 0.04128807328836354 0.11626743602616313 0.4276474809414753 
0.057361768619080766 0.06438110764159886 0.35252137764644664 0.04657775959912801 0.06234362293258884 0.10250513199622222 0.05544538714012424 0.03139713256231759 0.049971723890911014 0.17749498797156898 
0.017437684836590688 0.11527931160487415 0.14377747682561437 0.052210130916404134 0.030681931352293225 0.027111205206481793 0.482998702666338 0.01743768483659078 0.07679418351844955 0.03627168823632786 
0.046434516084716174 0.01865769517646363 0.03585639490847828 0.37656021259826034 0.05009363655443905 0.10806544672356196 0.046271606129208324 0.01315228923795042 0.2665040255716106 0.03840417701526539 
0.06034170496060436 0.03768538901653788 0.03688904992038046 0.030031432246711617 0.03003143224671203 0.0378162984893908 0.6148066267776454 0.030031432246711627 0.040848461128513175 0.08151817296683732 
0.1358061910301857 0.07471702452474477 0.2522492507074407 0.08457045774610085 0.08286481937871995 0.0696528760509513 0.0841400481708724 0.04801003813150015 0.09740169650688685 0.07058759775259121 
0.028070194950225735 0.07322032943559685 0.09215412610522342 0.1345556420992563 0.028127494677121754 0.04426295685323663 0.3439242917825543 0.023249140454763624 0.18252221017053694 0.04991361347149698 
0.24669609951985286 0.09613650660376162 0.07907495035105812 0.04177788233199434 0.05922432228603554 0.05552045185780685 0.04999336534995664 0.027810398205925346 0.293911574059035 0.049854449434611106 
0.05997112311277815 0.110913073772937 0.1315582358876292 0.1257874948775955 0.09535499327817903 0.10532012635745237 0.07376208795663303 0.048806909650604954 0.14630877439922824 0.1022171807069624 
0.03179427151430684 0.10403276323438668 0.04802125864498932 0.02566776793443797 0.03873947203918015 0.032349295102639786 0.13556026225102616 0.025667767934438035 0.5246153224715787 0.03355181887309785 
0.0598703421342378 0.24164304141463613 0.07456116711632735 0.2103050425744292 0.0843743830160551 0.059870342134237746 0.0736742753746796 0.05987034213423784 0.0598703421342378 0.07596072196692427 
0.08307870422793406 0.11466982941717598 0.02751026963274195 0.06411239512318928 0.039337949915282736 0.09545981652811147 0.12689408961247375 0.02751026963274199 0.055207585384233794 0.36621909052611895 
0.06010069341289173 0.10111215468490592 0.1360520792228301 0.19422486283388268 0.0873673105821668 0.20442195023731946 0.05616845677899959 0.03421218747990778 0.07000436550189794 0.05633593926520452 
0.06652533616239205 0.03904838908082072 0.2102107190434209 0.3620923070072829 0.04531915040841354 0.08435218379133949 0.03101479110391963 0.03101479110391972 0.07853571622671038 0.05188661607176686 
0.0660221960020565 0.15687222415229182 0.20817933694707083 0.12326840099823964 0.0660221960020565 0.06602219600205657 0.09500759518613988 0.0660221960020565 0.08656146270597177 0.06602219600205649 
0.1663406835018885 0.06084809973132085 0.023667754303972267 0.3935263211129202 0.09557266820730946 0.08908986331058746 0.04388568299432531 0.023667754303972225 0.05369436296714001 0.04970680956653704 
0.026190283223414296 0.14383852061540386 0.09945932944654776 0.03767814597520762 0.02619028322341431 0.03218265340006093 0.41097507444948933 0.026190283223414323 0.1324631469066052 0.06483227953642859 
0.1119117768670643 0.048783076664084546 0.11609193235636939 0.12022505343585915 0.06230534301431091 0.07843132122476879 0.27763190072133115 0.03803098756581223 0.10855762058458898 0.03803098756581219 
0.06486112764743102 0.04411446300561622 0.10815193637365135 0.11670633714161326 0.13168994337649867 0.32413861907757546 0.028824784883073114 0.028824784883073298 0.07355293386854864 0.07913506974292975 
0.08571158174633572 0.04994524430346589 0.07126205026953888 0.07485033890366266 0.0731979541603351 0.04994524430346595 0.24896252864598853 0.04994524430346584 0.04994524430346586 0.24623456906026098 
0.11529611689577328 0.06425513806964123 0.04737212199826282 0.047372121998262844 0.04737212199826286 0.04737212199826269 0.22007096344821625 0.04737212199826282 0.1027569249384684 0.2607602466565984 
0.035291721922313314 0.042706762580019424 0.6010917183291624 0.04606289372928367 0.05893554031266656 0.04758547198966212 0.05993067571270017 0.015781512974288852 0.026899760749490083 0.06571394170041339 
0.08184703608592303 0.11175898135852581 0.07213330928022356 0.20293364839026068 0.07152321951919259 0.11190478673373791 0.09437312052551408 0.05791875318190413 0.0881354434579417 0.10747170146676872 
0.40146179168507734 0.0685236653244685 0.06633328358654925 0.05437879492050361 0.05437879492050388 0.09721280096769797 0.09457448383366956 0.054378794920503654 0.054378794920503654 0.05437879492050371 
0.06271669994954068 0.07371561059121295 0.35756287251333696 0.1466973804494508 0.11966648291925752 0.08921991039407247 0.024877908325425965 0.02487790832542579 0.03594156799721713 0.06472365853502886 
0.03015757085412121 0.033327646910073186 0.058836414787015776 0.05702028703023399 0.13890495749119341 0.07511406083378883 0.0889721075356642 0.021685747292274137 0.43902264438228644 0.056958562883348995 
0.04593611284804053 0.04593611284804048 0.05654484080702377 0.25669558121379243 0.2835817530238199 0.0875020546032967 0.06672502672396982 0.04593611284804055 0.045936112848040625 0.0652062922359373 
0.08430644576567986 0.15357858990253795 0.04782802927331655 0.07814679658973778 0.27992048879015 0.07486402781083032 0.057863758078281737 0.047828029273316607 0.07011219882875917 0.10555163568738817 
0.06395745470540584 0.1653437441665844 0.14837568835904652 0.11008805842725407 0.05193555384627207 0.068957974237822 0.10314522385627294 0.05193555384627212 0.14073156034404172 0.09552918821102739 
0.045906098063633834 0.05905516787903349 0.20224381904338679 0.08175942643072043 0.23670106096419727 0.10481468188741976 0.09157831088604618 0.04590609806363364 0.0764967876710804 0.05553854911086526 
0.24435482737184325 0.051516071623508894 0.12924941245318156 0.09220272804985469 0.07207709084930508 0.06649390119235778 0.12148877933272756 0.027197091752504798 0.02719709175250481 0.16822300562222348 
0.05279220015596057 0.06350348366133333 0.040552023716668543 0.14680310248124154 0.0766667514651194 0.2415762021449531 0.04055202371666856 0.04055202371666853 0.21292944212421283 0.08407274681716745 
0.0662932547719387 0.08968365480427215 0.19510125790721533 0.05493129980313328 0.17588897166882317 0.13070689191156823 0.10783245307888649 0.0333490592311305 0.049686226457946 0.09652693036507655 
0.0711987021237489 0.07882023202558423 0.07259370879197696 0.10381578252658936 0.37864887120046214 0.08408211507890702 0.03188533174215927 0.03188533174215914 0.07646381918635943 0.07060610558206833 
0.051460047547020736 0.036100798221904845 0.46117520100716747 0.045268589135227875 0.03392069135597886 0.03238761026379721 0.03359956728468357 0.021274000685801785 0.02621325672141823 0.2586002377770168 
0.044607825621873855 0.19774438960033072 0.037229369360554085 0.2231685048420973 0.047920843251935574 0.041414445477307174 0.06547393325541495 0.030555854610743408 0.25418373241378056 0.05770110156597213 
0.09498457000146301 0.07506453768265198 0.10172779947404273 0.07829221324212969 0.23915959158695027 0.07157111575729329 0.09824799101046233 0.057957539053283276 0.09935225938428935 0.08364238280743638 
0.0284504559128316 0.038398141905857434 0.04481144922281435 0.02219475577491612 0.03033291167306382 0.028043152339602154 0.2551625070621524 0.022194755774916235 0.4701345156690568 0.06027735466483552 
0.10506792878147606 0.0570033342511787 0.21232547318419667 0.04937796870366595 0.03999655569859154 0.05120258673556068 0.05084496692481544 0.03999655569859155 0.03999655569859153 0.35418807432331956 
0.0750002982325301 0.30498018586657333 0.04149525351474256 0.13945453374637415 0.04149525351474252 0.04149525351474256 0.07260782297667547 0.04149525351474259 0.18991222632911617 0.0520639187897601 
0.08762902462504513 0.0694349310630543 0.17274517643114742 0.025049341103446456 0.08764126310468252 0.0881630788054265 0.15644435593646244 0.02504934110344666 0.17077380883801407 0.11706967898926414 
0.058777565346641254 0.10883156615016121 0.07176555195151386 0.12423389584726195 0.10701506881232155 0.11094793264426182 0.0723034380053769 0.058777565346641206 0.19891815200675805 0.08842926388906273 
0.08259097333792333 0.05689961586893332 0.15710695223028126 0.05689961586893334 0.12462253727008545 0.15965236358595045 0.09975901554287527 0.05689961586893336 0.08021032671136442 0.12535898371471374 
0.20062432323215373 0.14348655430232402 0.0748016622900603 0.1506098712270096 0.05788990566038124 0.08994657967066849 0.04396900387259949 0.02979222647879668 0.17908764678721242 0.029792226478796636 
0.044210780472414155 0.060163218008074726 0.02234457219955191 0.03788451795844893 0.03343177787443803 0.06193187130336256 0.5554242291787107 0.02234457219955165 0.11083527955875416 0.0514291812466274 
0.030591630993665315 0.05315100982951169 0.04397958475835776 0.0636503483760735 0.038315840545835374 0.05454578095710542 0.5226365550464549 0.03059163099366527 0.11782821847835635 0.04470940002093864 
