0.023826732130401224 0.09963354219013495 0.0550800172327285 0.023826732130401224 0.04226966195592416 0.06205889379958124 0.058740173819849854 0.04545028687466354 0.03670554163686613 0.0474573272838988 0.08226121999795526 0.05759200917188366 0.023826732130401224 0.023826732130401224 0.06835200093156191 0.04752374411170244 0.0372295469660123 0.057256092039421044 0.06132230023475701 0.04576071323145427 
0.016923977069363612 0.016923977069363605 0.016923977069363612 0.016923977069363598 0.016923977069363622 0.3697419485852634 0.016923977069363598 0.0169239770693636 0.016923977069363594 0.3060581349332264 0.02557702116413318 0.02783926220758056 0.016923977069363598 0.016923977069363605 0.016923977069363594 0.01692397706936367 0.016923977069363643 0.016923977069363612 0.016923977069363605 0.016923977069363612 
0.017162228949860033 0.017162228949860043 0.017162228949860057 0.017162228949860053 0.017162228949860046 0.5470725497622225 0.01716222894986005 0.01716222894986016 0.01716222894986001 0.12099179927267326 0.02609252570560881 0.01716222894986006 0.017162228949860057 0.017162228949860043 0.017162228949860008 0.031247462061731325 0.01716222894986004 0.01716222894986003 0.017162228949860085 0.017162228949860043 
0.02191194332853475 0.02191194332853475 0.02191194332853476 0.02191194332853475 0.021911943328534775 0.4516143317869893 0.02191194332853475 0.02191194332853484 0.033777238341297124 0.06394368456944365 0.038668999776233455 0.0353775987901506 0.03656021090253701 0.021911943328534744 0.02191194332853474 0.03247026564674355 0.02191194332853475 0.021911943328534744 0.03233773428649007 0.03421855928621636 
0.015827636300670023 0.015827636300670012 0.028770103488246348 0.01582763630067002 0.01582763630067002 0.2511237763572389 0.01582763630067001 0.023798504149889647 0.015827636300670012 0.17201085629531307 0.015827636300670005 0.024488765174304757 0.09447385608792477 0.015827636300670047 0.015827636300669995 0.06529594348075925 0.01582763630067003 0.01582763630067002 0.1402147293750699 0.025719466283871978 
0.021278429213352715 0.021278429213352722 0.02127842921335268 0.021278429213352722 0.021278429213352722 0.34234129799938273 0.021278429213352715 0.038424736461540994 0.06473977796301707 0.14906050073355775 0.037039892085458624 0.0606158234659469 0.03115839151755776 0.021278429213352722 0.02127842921335271 0.021278429213353055 0.02127842921335274 0.021278429213352715 0.02127842921335276 0.02127842921335274 
0.0642714881076202 0.018708295048519532 0.018708295048519504 0.018708295048519535 0.018708295048519532 0.018708295048519445 0.018708295048519532 0.01870829504851957 0.018708295048519532 0.2992158813064641 0.028443081075759158 0.03603834562851971 0.1593018333450765 0.018708295048519546 0.018708295048519494 0.056376881170518096 0.018708295048519542 0.032389467403464295 0.09946348138034856 0.018708295048519525 
0.019415664093217048 0.019415664093217048 0.03300388328205343 0.019415664093217048 0.01941566409321704 0.2631067292671025 0.019415664093217048 0.019415664093217048 0.019415664093217055 0.2138002140948497 0.019415664093217058 0.028973132565869624 0.14412094555359534 0.019415664093217044 0.019415664093217058 0.027366804962305615 0.019415664093217048 0.019415664093217024 0.0372246570624093 0.019415664093217065 
0.009312710121520549 0.009312710121520547 0.009312710121520532 0.009312710121520545 0.00931271012152055 0.12003260599656225 0.009312710121520542 0.019874649516533754 0.024757692137173014 0.5933768562738486 0.014407335568566063 0.009312710121520566 0.031528259093248766 0.00931271012152055 0.0093127101215205 0.04514118268953523 0.009312710121520547 0.009312710121520523 0.039128897266243724 0.009312710121520544 
0.018332298575207084 0.01833229857520704 0.018332298575207042 0.01833229857520706 0.01833229857520706 0.3304801103216874 0.01833229857520706 0.01833229857520709 0.026704446365783136 0.018332298575207226 0.018332298575207077 0.2024564256624072 0.036877613913626504 0.028560675737259934 0.018332298575207073 0.09348433317811734 0.01833229857520706 0.018332298575207056 0.043116513343390096 0.018332298575207066 
0.015275358565944929 0.015275358565944915 0.02233608897750066 0.015275358565944913 0.015275358565944922 0.015275358565944905 0.015275358565944919 0.021979527802324383 0.0783446830116905 0.3747352865529756 0.015275358565944915 0.015275358565944915 0.015275358565944915 0.015275358565944924 0.015275358565944927 0.1346604877783197 0.015275358565944915 0.01527535856594494 0.015275358565944915 0.15408890595397481 
0.024760033883484956 0.024760033883484946 0.024760033883484956 0.024760033883484956 0.024760033883484956 0.024760033883484946 0.024760033883484956 0.040358226450115164 0.024760033883484973 0.4889403943446362 0.024760033883484956 0.037226466176498496 0.024760033883485 0.02476003388348494 0.024760033883484946 0.03731437089293125 0.024760033883484942 0.024760033883484953 0.024760033883485053 0.024760033883484973 
0.02624966287751007 0.02624966287751007 0.02624966287751009 0.04073310930636929 0.02624966287751006 0.06897840847899721 0.02624966287751007 0.026249662877510033 0.1095188101961219 0.16012243040160404 0.02624966287751007 0.02624966287751008 0.02624966287751006 0.0823214249353945 0.02624966287751007 0.038341730528649934 0.02624966287751009 0.02624966287751008 0.15873846874523584 0.02624966287751005 
0.009754057243332361 0.00975405724333237 0.009754057243332372 0.009754057243332368 0.009754057243332372 0.026458834800271804 0.009754057243332361 0.009754057243332387 0.13276795738472771 0.41494674158013656 0.009754057243332342 0.021600387900110474 0.019956553732738667 0.009754057243332413 0.009754057243332372 0.19643388048744423 0.009754057243332361 0.009754057243332379 0.0196620114528909 0.05112494574168485 
0.021337352044532635 0.02133735204453264 0.07972846386447746 0.02133735204453264 0.021337352044532645 0.24492227734398073 0.02133735204453264 0.021337352044531577 0.021337352044532666 0.17635654697207281 0.021337352044532607 0.06738297783613702 0.055591480801479985 0.021337352044532683 0.04266790076747762 0.03267196472616343 0.02133735204453263 0.021337352044532652 0.04463016315382076 0.021337352044532607 
0.03704682424845514 0.03704682424845514 0.05663814270337845 0.03704682424845514 0.03704682424845514 0.03704682424845513 0.03704682424845514 0.03704682424845515 0.03704682424845514 0.1850030100233015 0.037046824248455144 0.0762673796123829 0.06766115666971455 0.03704682424845514 0.03704682424845513 0.03704682424845513 0.03704682424845506 0.0587279472643977 0.03704682424845513 0.03704682424845515 
0.03308431562631687 0.02217111109199219 0.022171111091992116 0.02217111109199221 0.02217111109199221 0.24696885425192794 0.022171111091992195 0.02217111109199215 0.02217111109199218 0.0314703070265095 0.06236809153417234 0.03215469823429218 0.1260518704132808 0.022171111091992202 0.02217111109199218 0.022171111091992286 0.03193281529637787 0.022171111091992195 0.16991571451321727 0.022171111091992195 
0.03357085702386783 0.017319555192961238 0.041194967997767534 0.017319555192961217 0.017319555192961234 0.0969301948211269 0.01731955519296122 0.017319555192961068 0.01731955519296124 0.4034910977584136 0.017319555192961304 0.017319555192961203 0.12215436957115183 0.017319555192961227 0.017319555192961234 0.03413519965795742 0.017319555192961234 0.03530917479038806 0.025379476063789222 0.017319555192961224 
0.038576303578479326 0.020004335834736556 0.020004335834736587 0.020004335834736563 0.020004335834736528 0.040503551660579236 0.020004335834736587 0.028404939838466477 0.020004335834736542 0.395798604274986 0.029569558287709963 0.029137551076621884 0.08764067646768145 0.028490577083287262 0.02920401197070333 0.029818961961407302 0.020004335834736542 0.020004335834736556 0.08281624128742154 0.02000433583473655 
0.02027322220316801 0.02027322220316799 0.028843832869024085 0.02027322220316799 0.02027322220316799 0.041565502960105576 0.020273222203167983 0.020273222203167966 0.03233317126469218 0.10298648247438502 0.043955091816303346 0.020273222203167972 0.2844806600149045 0.099970419438607 0.02027322220316794 0.041938344615831104 0.05483952392335892 0.02027322220316799 0.05403468512895506 0.03259328566532221 
0.020147420895644284 0.0201474208956443 0.06287985510475023 0.020147420895644294 0.020147420895644287 0.036205577968294766 0.02014742089564429 0.029890405758047866 0.020147420895644304 0.2800591845845127 0.020147420895644287 0.02014742089564427 0.0201474208956443 0.03014025185008686 0.02014742089564429 0.23996054468752293 0.03852448454554918 0.02014742089564429 0.02014742089564434 0.04057064475350186 
0.009752790101522928 0.009752790101522916 0.02660184834478829 0.009752790101522907 0.00975279010152293 0.0187693408906593 0.009752790101522918 0.014101918932328948 0.009752790101522921 0.19235396938469004 0.009752790101522898 0.014291359248594052 0.43693856031905437 0.009752790101522923 0.020931239855583712 0.015084179918235624 0.014052331736785582 0.009752790101522933 0.149347350354052 0.009752790101522938 
0.052723079754992686 0.035910199810089735 0.035910199810089735 0.035910199810089735 0.03591019981008973 0.13545452949533623 0.035910199810089735 0.035910199810089756 0.035910199810089735 0.07373615798115235 0.06884298059831123 0.035910199810089735 0.03591019981008972 0.05441667996206633 0.07290481553740404 0.0750891591395746 0.035910199810089735 0.03591019981008987 0.035910199810089735 0.035910199810089735 
0.18581955693257807 0.013348476528065008 0.09489484163179708 0.013348476528065022 0.013348476528065019 0.37309138879475995 0.013348476528065051 0.013348476528065012 0.025988432223215594 0.06347706454382866 0.028372424322891637 0.013348476528065046 0.028858721600461643 0.013348476528065027 0.01334847652806503 0.013348476528065022 0.028883201797601923 0.013348476528065013 0.023781126344157657 0.013348476528064993 
0.01568765805593252 0.01568765805593252 0.04873525894120087 0.015687658055932516 0.015687658055932512 0.1600672237767556 0.015687658055932495 0.0593671176989483 0.041659963466627294 0.2000498893917226 0.03610794125230012 0.0529133193005856 0.15564560140829364 0.04336173554395794 0.01568765805593257 0.022409894385606467 0.015687658055932533 0.01568765805593245 0.030666121641199463 0.02351466874534981 
0.025157974748398326 0.025157974748398315 0.02515797474839827 0.025157974748398326 0.025157974748398326 0.24293430616529935 0.025157974748398326 0.04928152727812326 0.025157974748398326 0.13269756499423177 0.03715097550376684 0.05355741379255653 0.07015688180541851 0.037159518191928496 0.03915204598276249 0.025157974748398333 0.050410927482679245 0.025157974748398336 0.02515797474839828 0.03591909131924995 
0.018502669578037596 0.018502669578037607 0.09088259467609447 0.018502669578037603 0.018502669578037607 0.23718267288959322 0.018502669578037607 0.02692403266522836 0.018502669578037617 0.14440150616084294 0.09521861641547211 0.03967393033656415 0.02728401886769235 0.045887504632150966 0.0348863560557243 0.027155568032038137 0.018502669578037607 0.041910512081111975 0.031138498247121223 0.027935501894112303 
0.039459785961633576 0.026566627344617955 0.02656662734461796 0.02656662734461796 0.026566627344617972 0.17025045541463057 0.02656662734461796 0.06778290076031927 0.12148715192200189 0.12965987147805558 0.038891521019354634 0.03988001733100137 0.026566627344617934 0.07378876797759418 0.02656662734461796 0.02656662734461788 0.02656662734461853 0.026566627344618038 0.02656662734461789 0.026566627344618014 
0.010913377531686176 0.010913377531686178 0.010913377531686209 0.010913377531686174 0.01091337753168618 0.4657185908114464 0.010913377531686162 0.06171353593375094 0.010913377531686096 0.19027468307912013 0.01695425542115616 0.09043410096896931 0.015468416429579907 0.010913377531686181 0.010913377531686185 0.0109133775316861 0.010913377531686233 0.010913377531686221 0.010913377531686015 0.017562509444008795 
0.026340891988650993 0.017746017303031124 0.03417955535233461 0.017746017303031134 0.01774601730303116 0.03711792451855135 0.017746017303031117 0.017746017303031127 0.01774601730303111 0.4497933222535687 0.027654626633134737 0.017746017303031127 0.08015169805258995 0.01774601730303115 0.02653787503815672 0.02579547978766366 0.017746017303031096 0.017746017303031134 0.088966371793717 0.026002081551330252 
0.025008665825149136 0.025008665825149122 0.025008665825149125 0.025008665825149125 0.0487704798208395 0.3651015164947335 0.025008665825149122 0.0250086658251491 0.025008665825149202 0.048843506947664324 0.04924027115304281 0.025008665825149004 0.025008665825149125 0.02500866582514917 0.025008665825149125 0.02500866582514917 0.025008665825149108 0.025008665825149115 0.11291423820647928 0.025008665825149108 
0.04738243173992447 0.0320632640786629 0.13785718651626888 0.0320632640786629 0.03206326407866289 0.06663794106127945 0.0320632640786629 0.045527884289854895 0.0320632640786629 0.09097239339143452 0.03206326407866288 0.04926655974027024 0.03206326407866286 0.04710302209796941 0.0320632640786629 0.03206326407866288 0.0320632640786629 0.10135197833477934 0.04624839369697147 0.04701956834461797 
0.03019580993784274 0.020033089490838357 0.020033089490838325 0.020033089490838353 0.020033089490838346 0.02899351867162845 0.020033089490838346 0.25725258887484176 0.02003308949083836 0.08081455969880941 0.14221378363953943 0.047025345622242844 0.020033089490838346 0.04954960860916645 0.020033089490838294 0.028924087395178752 0.02003308949083834 0.02003308949083836 0.11466671315151285 0.020033089490838346 
0.014574524307427394 0.014574524307427394 0.014574524307427377 0.0145745243074274 0.014574524307427386 0.03477508710453003 0.014574524307427401 0.014574524307427356 0.014574524307427396 0.5897156601183798 0.014574524307427457 0.029188924567407494 0.01457452430742738 0.014574524307427346 0.014574524307427596 0.0907454765053219 0.020975238778609497 0.023474874032203854 0.021655922897017413 0.014574524307427417 
0.024444279701512927 0.024444279701512913 0.07306823159002755 0.02444427970151292 0.02444427970151292 0.2270738228336719 0.024444279701512917 0.053299042482232585 0.024444279701512913 0.04294797701572759 0.047037728129058945 0.11123214486174755 0.09472204701055587 0.02444427970151292 0.024444279701512917 0.02444427970151288 0.024444279701512903 0.05728764965881602 0.024444279701512948 0.024444279701512868 
0.05757271006259047 0.019024543883313347 0.019024543883313365 0.019024543883313354 0.019024543883313275 0.028025553316502968 0.01902454388331336 0.030784726265912186 0.019024543883313313 0.41667593176724765 0.01902454388331337 0.019024543883313354 0.02814439838343879 0.01902454388331335 0.0283891927116339 0.13620505898001212 0.019024543883313337 0.019024543883313375 0.029495802713397353 0.035436643082795004 
0.017193978672108215 0.011908709904955773 0.01190870990495572 0.011908709904955761 0.011908709904955753 0.011908709904955626 0.011908709904955765 0.028708890428198217 0.05083152188730618 0.06445885124069015 0.03800371123598169 0.01190870990495575 0.01190870990495577 0.01190870990495575 0.04246454699216928 0.5092856174168332 0.0119087099049557 0.011908709904955773 0.08421144335839384 0.033845629813798954 
0.008003660369436123 0.008003660369436045 0.008003660369436045 0.008003660369436033 0.008003660369435997 0.3217471734327794 0.00800366036943603 0.029728426230847867 0.008003660369436045 0.17718994320104497 0.022424606991919695 0.008003660369436016 0.058370593789991675 0.034246966706888565 0.07084393977797634 0.008003660369436021 0.0137480097553954 0.07865378925447157 0.10855574679077237 0.012457860742976284 
0.022479410579442628 0.022479410579442603 0.03937541749012199 0.022479410579442603 0.022479410579442596 0.1528864299130108 0.022479410579442607 0.02247941057944267 0.06100414522004878 0.1360722880009476 0.06111252035218367 0.03252292888197937 0.06761133557690462 0.04740557959951112 0.05815784858461489 0.022479410579442687 0.07955485358417393 0.03776705909686542 0.022479410579442596 0.04669430906409437 
0.026873985083338582 0.026873985083338613 0.04256484341102491 0.026873985083338613 0.026873985083338603 0.19812137288595244 0.026873985083338613 0.051980071840178305 0.05973273513388742 0.026873985083338468 0.026873985083338627 0.0875505587985127 0.05772674429887421 0.026873985083338617 0.02687398508333863 0.054056727245076576 0.026873985083338613 0.09319633183131508 0.05945677863845052 0.026873985083338603 
0.024075767873856638 0.02407576787385664 0.024075767873856672 0.024075767873856638 0.024075767873856638 0.31780683844506347 0.02407576787385667 0.035544706149029735 0.055377343610762596 0.08266105543437845 0.024075767873856634 0.02407576787385663 0.024075767873856634 0.02407576787385666 0.024075767873856655 0.024075767873856582 0.024075767873856638 0.02407576787385666 0.14747353825292306 0.02407576787385665 
0.018330147908878013 0.018330147908877988 0.018330147908877988 0.018330147908878002 0.018330147908878002 0.03530346450709262 0.018330147908878013 0.03744411161740648 0.10904485096478336 0.15112252501351242 0.027050625820986104 0.025920349501203536 0.018330147908877974 0.01833014790887798 0.027772104482248348 0.3367611272355153 0.026902800498845886 0.018330147908878 0.03937656126962238 0.01833014790887824 
0.02295320708336266 0.02295320708336265 0.0325390422290341 0.02295320708336265 0.055517692234833625 0.30343103223277834 0.02295320708336265 0.046107342050385455 0.022953207083362685 0.05888544390666472 0.022953207083362608 0.056417449088440354 0.022953207083362646 0.022953207083362636 0.022953207083362535 0.052308389800797675 0.0229532070833626 0.049838897610783854 0.046471510795058686 0.06895112921759101 
0.03888738192176645 0.014843858066477677 0.027324022162437848 0.01484385806647761 0.014843858066477625 0.5145826008122663 0.014843858066477601 0.02995897785165182 0.01484385806647786 0.021482076915552012 0.02408943072704905 0.07546423585870041 0.037862212384508064 0.014843858066477604 0.014843858066477615 0.04686891834779068 0.024263246349121175 0.01484385806647761 0.014843858066477646 0.02562217407087898 
2.1844640534148744E-4 2.1844640534148744E-4 6.966881989843473E-4 0.9944938624884755 2.1844640534148744E-4 3.5858849644265165E-4 2.1844640534148744E-4 3.231044610160201E-4 2.1844640534148741E-4 2.1844640534148682E-4 2.1844640534148823E-4 2.1844640534148744E-4 2.1844640534141892E-4 2.184464053414875E-4 2.1844640534148744E-4 2.1844640534148733E-4 2.184464053414875E-4 7.326992241570674E-4 3.3680745614337264E-4 2.1844640534148741E-4 
0.05648260440196247 0.014496499401509181 0.0400870541849599 0.014496499401509178 0.014496499401509167 0.028472511216614135 0.014496499401509171 0.05384174577615664 0.014496499401509157 0.5114167446795631 0.014496499401509167 0.027284191570362718 0.014496499401509096 0.020973575298333862 0.014496499401509147 0.021001585807255675 0.01449649940150919 0.03139834534069928 0.06407664770898243 0.014496499401509178 
0.03450261027050653 0.019761842286201127 0.0197618422862011 0.01976184228620113 0.019761842286201117 0.028769063833951794 0.019761842286201134 0.02792611050979726 0.030685258316213184 0.03955635207755096 0.042503496473402264 0.019761842286201262 0.019761842286201065 0.028414877178842213 0.02981399394250102 0.41819544565249167 0.019761842286201134 0.01976184228620112 0.09330830245616571 0.048467908712740114 
0.01909924306069208 0.01909924306069208 0.027004222584879868 0.01909924306069208 0.019099243060692092 0.05678094015489623 0.019099243060692096 0.05675486427766495 0.019099243060689906 0.01909924306069205 0.01909924306069208 0.02810497397453905 0.01909924306069209 0.050366381282808514 0.045233956949562885 0.2229835398625617 0.019099243060692016 0.019099243060692085 0.019099243060692116 0.28358020418476904 
0.048805124285917045 0.02209884681193642 0.14026903192716708 0.022098846811936416 0.03980933930998153 0.022098846811936336 0.02209884681193642 0.0789759652409857 0.02209884681193641 0.1010843794529541 0.02209884681193642 0.03811883282348519 0.0789187889095665 0.08726010891870589 0.040107948280199326 0.06491104329407786 0.02209884681193638 0.031135046402407152 0.045567201550740795 0.05034526192025934 
0.01604792847200646 0.011081351404711918 0.015765368104132232 0.011081351404711918 0.011081351404711934 0.016544368086526644 0.011081351404711922 0.016702884546297907 0.01858355447073523 0.01639081083203334 0.0172428999827048 0.011081351404711932 0.015948862852453154 0.011081351404711903 0.017284571130765907 0.6657136106448435 0.011081351404711922 0.011081351404711942 0.08404297823503455 0.011081351404711887 
0.02292388237464511 0.02292388237464515 0.03249845935862525 0.022923882374645158 0.02292388237464518 0.04838970436975126 0.022923882374645158 0.03620084878400538 0.09443719632972254 0.04471684081757302 0.022923882374645224 0.04356056326764173 0.06660049316448201 0.0324842336222438 0.02292388237464515 0.2148250558572469 0.10250376908446424 0.02292388237464515 0.03245422498514973 0.0679375513619225 
0.021073876457321443 0.021073876457321457 0.04503383648700579 0.02107387645732145 0.021073876457321426 0.4029257006389935 0.02107387645732145 0.03580339151006964 0.021073876457321443 0.030348101826946517 0.054430173532488704 0.12390502023378569 0.021073876457321457 0.021073876457321353 0.021073876457321453 0.033593381825556164 0.021073876457321457 0.021073876457321436 0.021073876457321433 0.021073876457321422 
0.0209731794126667 0.020973179412666715 0.020973179412666573 0.020973179412666708 0.02097317941266673 0.03915579108548544 0.020973179412666708 0.26535797243184406 0.02988242138201943 0.05181181806720306 0.09761667193492893 0.030301754313332922 0.07959802777917988 0.06821605736273817 0.03137174172922925 0.02097317941266669 0.03179088570843775 0.0368004825868421 0.07031094031742739 0.020973179412666753 
0.04661070545609013 0.023426633073936606 0.023426633073936613 0.023426633073936602 0.023426633073936616 0.02342663307393653 0.023426633073936606 0.0503106250730636 0.023426633073936613 0.04676236641994062 0.07244295634696078 0.02342663307393656 0.023426633073936526 0.023426633073936626 0.2663699377828275 0.08832751563639202 0.023426633073936613 0.02342663307393649 0.09913225355992497 0.048924042837546054 
0.019908085034216618 0.01990808503421663 0.019908085034216604 0.019908085034216618 0.02944164595321211 0.32988929245221355 0.019908085034216618 0.019908085034216684 0.019908085034216583 0.07539810597551615 0.03238948247265999 0.028682706479632926 0.10905821962917593 0.01990808503421663 0.07340740832599556 0.019908085034216583 0.04437564920297964 0.04809185593030941 0.0301847832361419 0.019908085034216472 
0.3468437976078225 0.017489285785896674 0.03295035499555373 0.017489285785896685 0.024826134845887256 0.05546550740987234 0.017489285785896667 0.017489285785896695 0.02628690889316608 0.053700213505498695 0.1044035109031011 0.054904749796845655 0.017489285785896678 0.017489285785896702 0.025787439517566638 0.024942840506629586 0.017489285785896674 0.017489285785896674 0.02725679058719263 0.08271746514369101 
0.06445240751016472 0.01796224783973672 0.026127974165538383 0.017962247839736715 0.017962247839736736 0.4259452940321388 0.017962247839736722 0.017962247839736715 0.03014780026445765 0.05871371713739624 0.036176499873870345 0.02688913314236362 0.049469679729066955 0.035811623649905894 0.017962247839736704 0.029965337756839513 0.017962247839736722 0.033784900573274004 0.026712731081141465 0.03006716620570269 
0.030925852395693232 0.01987436111730561 0.019874361117305665 0.019874361117305606 0.01987436111730563 0.05688875307749091 0.01987436111730561 0.019874361117305603 0.05803218856097514 0.10769802266441908 0.01987436111730578 0.13390437841601846 0.01987436111730562 0.01987436111730561 0.019874361117305613 0.3055942134676387 0.019874361117305627 0.019874361117305617 0.019874361117305568 0.048589896892785166 
0.0203291787576697 0.020329178757669684 0.044269242218321285 0.020329178757669684 0.020329178757669666 0.031358258739317406 0.020329178757669684 0.08499490206209866 0.020329178757669653 0.4077359366334871 0.02032917875766964 0.03941177585758194 0.029679963453406923 0.08469279498541538 0.02032917875766964 0.02032917875767006 0.020329178757669677 0.020329178757669698 0.03390698095833537 0.020329178757669777 
0.015712054015822867 0.01571205401582287 0.09046283575958915 0.015712054015822867 0.01571205401582283 0.22713513700422716 0.015712054015822867 0.015712054015822954 0.028948757433102906 0.27981592204901257 0.015712054015822808 0.058622906513705816 0.015712054015822777 0.057260559464885646 0.030193466137502237 0.03161844858098525 0.015712054015822877 0.015712054015822867 0.015712054015822954 0.023109372882941133 
0.0867132010918102 0.013154793036897006 0.013154793036896845 0.013154793036897011 0.013154793036897004 0.05300566030207436 0.013154793036897013 0.0468422416718159 0.013154793036897013 0.03617233303452928 0.013154793036897006 0.01891832682409595 0.013154793036897061 0.025413323247707027 0.01925153787037138 0.35060464349011217 0.013154793036897015 0.02178174591885145 0.1615346885838617 0.061369160632699496 
0.13268498832680822 0.016640655975728568 0.016640655975728575 0.01664065597572858 0.025155297802000254 0.08941747096103232 0.016640655975728582 0.0166406559757286 0.21482372594000776 0.016640655975728804 0.016640655975728568 0.016640655975728606 0.02358853814883703 0.2729839158802311 0.016640655975728606 0.01664065597572851 0.016640655975728575 0.01664065597572858 0.016640655975728568 0.02501753525663886 
0.01510184758489127 0.015101847584891253 0.022055052351266036 0.015101847584891262 0.015101847584891278 0.42562796049913143 0.015101847584891253 0.015101847584891305 0.028954235305446087 0.07577131972770466 0.015101847584891213 0.03443781075731688 0.022085878783831427 0.015101847584891257 0.0822561173963891 0.08078373674912276 0.015101847584891233 0.048474191774947946 0.028535220805931186 0.015101847584891208 
0.009655025007639336 0.009655025007639333 0.009655025007639342 0.009655025007639331 0.009655025007639333 0.25910624926364717 0.00965502500763933 0.034888838418289936 0.00965502500763933 0.00965502500763942 0.009655025007639343 0.00965502500763933 0.0151917705528449 0.015695228140870876 0.019676753496856235 0.5202708100205871 0.00965502500763934 0.009655025007639399 0.00965502500763901 0.009655025007639336 
0.018665160870952616 0.018665160870952664 0.3323609263808652 0.018665160870952626 0.029730740942150287 0.10971427059737987 0.018665160870952633 0.018665160870952654 0.018665160870952647 0.0586547586787059 0.018665160870952557 0.04093864916693238 0.027412823380980476 0.10103677184936623 0.01866516087095254 0.018665160870952702 0.01866516087095271 0.01866516087095263 0.028373882872791484 0.06646040655032358 
0.03092541125982514 0.0090513966403799 0.013298863932472399 0.009051396640379888 0.009051396640379853 0.06381361400090778 0.009051396640379888 0.4654362081861132 0.013316488277698517 0.02973193245297546 0.03105691128565068 0.1545329183983743 0.03196418795742179 0.01606611583113316 0.009051396640379891 0.009051396640379891 0.009051396640379837 0.02166078556304235 0.03967339410819765 0.02516339226347446 
0.013123804071885008 0.013123804071885022 0.029149992052202676 0.013123804071885008 0.013123804071885018 0.13273329065451475 0.013123804071885008 0.4645953339742727 0.059933041522253705 0.05844762438779945 0.020044798639694644 0.013123804071885218 0.025251138029833045 0.013123804071885002 0.013123804071885013 0.013123804071885002 0.013123804071885032 0.025058793790293635 0.026922921554267662 0.02662502467599187 
0.026248268381456212 0.0262482683814562 0.1607855098345524 0.0262482683814562 0.02624826838145619 0.026248268381456052 0.0262482683814562 0.026248268381456052 0.04944443197928954 0.055492532536393566 0.15912330615858963 0.040311223438615026 0.15217735017608228 0.026248268381456212 0.04143815691753367 0.026248268381456226 0.026248268381456212 0.02624826838145619 0.026248268381456306 0.0262482683814562 
0.019853990157761008 0.007262823721772028 0.08880838608996373 0.00726282372177203 0.01396881580842234 0.1879782809180179 0.007262823721772024 0.030037225338480245 0.017469661486894238 0.2697858685737359 0.013773494161454692 0.042877111473263625 0.12093611680596633 0.02419452676687494 0.011015297190190903 0.02841877635067548 0.011182359592997274 0.007262823721771999 0.08338597067648325 0.0072628237217719875 
0.11443015094415182 0.018419195504301048 0.01841919550430103 0.018419195504301045 0.018419195504300784 0.049757495465214914 0.01841919550430106 0.018419195504301 0.018419195504301062 0.06883422363774734 0.03532396285640824 0.15390405181542408 0.01841919550430113 0.2015514209763532 0.018419195504301045 0.0509724591995937 0.03741706031988139 0.018419195504301045 0.059282330019601426 0.04433488972259447 
0.006563361725227034 0.006563361725227004 0.030833375451339424 0.006563361725227009 0.006563361725227009 0.016397617861122118 0.006563361725227011 0.08149413128274213 0.006563361725227003 0.021185769333071414 0.017614045274674226 0.022185449779421672 0.006563361725227036 0.050458648407657576 0.006563361725227026 0.6127771271584217 0.006563361725226959 0.01710519760644836 0.04871828034808348 0.022160101969999107 
0.019530885152515946 0.01953088515251595 0.07917035346408352 0.019530885152515956 0.02848885795892227 0.27836309838483586 0.019530885152515953 0.019530885152515894 0.01953088515251588 0.04359579355489292 0.046262732167036955 0.03831958435985029 0.09780247178187015 0.10682338492640898 0.019530885152515966 0.019530885152515942 0.01953088515251598 0.019530885152515994 0.0663339867243927 0.019530885152515966 
0.024474331912040567 0.024474331912040567 0.024474331912040577 0.024474331912040567 0.024474331912040567 0.07898579262371826 0.024474331912040563 0.024474331912040584 0.024474331912040577 0.024474331912040875 0.21745907235822426 0.13632064082641263 0.024474331912040546 0.03708728700999027 0.024474331912040563 0.06011180554622258 0.02447433191204055 0.10320416316011578 0.024474331912040577 0.04866492361879558 
0.021390844876458405 0.013261511615568416 0.013261511615568372 0.013261511615568404 0.013261511615568421 0.2550672308060253 0.01326151161556841 0.12659909652252627 0.013261511615568421 0.013261511615568298 0.05891742404397296 0.013261511615568424 0.03497158479798462 0.021616630589342215 0.013261511615568416 0.1799328860093735 0.013261511615568402 0.10791200903906932 0.047715665544014504 0.01326151161556834 
0.02018111531794312 0.02018111531794311 0.10954074648728496 0.020181115317943112 0.029518415573470833 0.2595775421445066 0.020181115317943102 0.02018111531794316 0.020181115317943032 0.06360036455198104 0.06456499545346808 0.05216664727099673 0.02018111531794311 0.02018111531794309 0.020181115317943105 0.020181115317943196 0.09107848374100082 0.020181115317943095 0.030346258931147466 0.07761427734877721 
0.13713370556630072 0.018643448261710764 0.018643448261710747 0.01864344826171076 0.028315618832208553 0.24130365971092196 0.01864344826171076 0.07055402113186378 0.03597846305462129 0.033372272188985475 0.07812790089596096 0.039035590366997205 0.03711163492209197 0.01864344826171067 0.03082267974922286 0.046363047195944425 0.018643448261710768 0.029275947027058324 0.04507732116687245 0.035667448620673 
0.012448067552113425 0.012448067552113435 0.012448067552113402 0.01244806755211342 0.01244806755211341 0.33493177083443004 0.012448067552113416 0.012448067552113423 0.012448067552113407 0.012448067552113392 0.023678599424788994 0.2775105611472033 0.012448067552113407 0.034791798604204276 0.01244806755211341 0.01244806755211314 0.012448067552113407 0.020400818359340035 0.1228579680107808 0.02400360544180692 
0.022499318906431146 0.022499318906431146 0.03189091859624081 0.022499318906431146 0.033280245011393775 0.02249931890643115 0.022499318906431146 0.06414820428417216 0.19779991513343637 0.022499318906431098 0.03509841364347062 0.022499318906431108 0.02249931890643114 0.03418154125990226 0.04539715575623243 0.022499318906431084 0.022499318906431108 0.02249931890643116 0.09303399929585457 0.2176770990485473 
0.01657227514743305 0.016572275147433025 0.025712306867526503 0.016572275147433015 0.01657227514743301 0.025314398357439725 0.016572275147433018 0.016572275147433032 0.01657227514743282 0.032250838259051534 0.07768872550795891 0.02651256576545708 0.06217247995777718 0.03435243858549497 0.016572275147433025 0.03275061834253247 0.03418901180980677 0.016572275147433025 0.03998944234601726 0.4599166978740316 
0.02134653027060602 0.021346530270606047 0.04184094924083632 0.02134653027060604 0.03097943829840999 0.04144471484130692 0.021346530270606033 0.042952829951833964 0.021346530270606057 0.04610436100690304 0.08570252919569668 0.030419910111576864 0.03390541196909094 0.021346530270606064 0.23188352525158573 0.030615070768649586 0.02134653027060607 0.021346530270606037 0.18236463779798193 0.03101437940128874 
0.00764710266780767 0.0076471026678076835 0.03832272665892353 0.007647102667807679 0.02191777923523376 0.17547678994999316 0.0076471026678076506 0.014786954252086015 0.007647102667807689 0.03862305916299831 0.027120775685242716 0.007647102667807594 0.033581050251839724 0.0076471026678076575 0.043307757883085586 0.08548606992311132 0.007647102667807662 0.01882464895894717 0.4337284640282368 0.007647102667807677 
0.04898011175994799 0.012687641698277612 0.05246335185546409 0.012687641698277593 0.012687641698277649 0.4580732619370325 0.012687641698277618 0.025096160638896203 0.012687641698277711 0.07202786770493098 0.0673354091591023 0.021469162845159484 0.020136134040033477 0.012687641698277631 0.01268764169827762 0.012687641698277609 0.012687641698277604 0.026659387097029974 0.04036631059493953 0.05320406708298079 
0.010798390947571731 0.010798390947571724 0.01646509558184667 0.010798390947571726 0.010798390947571753 0.04560417553493971 0.010798390947571722 0.010798390947574501 0.010798390947571743 0.01079839094757176 0.01079839094757171 0.6257135209167827 0.027459288509862605 0.01593036195874847 0.01920921834323218 0.0344090572154495 0.01079839094757165 0.02107457449029723 0.07535240702555082 0.010798390947571682 
0.020973891617775284 0.020973891617775273 0.02097389161777526 0.020973891617775273 0.02097389161777523 0.07389276787571801 0.020973891617775284 0.06776892889232145 0.020973891617775284 0.07026736116748265 0.0930136546944164 0.041428695097683 0.02097389161777532 0.030762817267503694 0.02097389161777527 0.04193680777875585 0.02981115718987307 0.26238719309219954 0.04445448097011695 0.055511111413942396 
0.03871641033287173 0.009982141565509809 0.018538018591175508 0.00998214156550982 0.009982141565509825 0.2583491190893357 0.009982141565509799 0.009982141565509955 0.01684506237164024 0.06922286150462602 0.014986175651382704 0.1716240509535068 0.14316151597001547 0.00998214156550986 0.015106360740978356 0.009982141565509943 0.015173476659687947 0.0227547405702837 0.051398633035109394 0.09424858357083339 
0.024569985828352202 0.024569985828352188 0.1242627095571018 0.024569985828352185 0.02456998582835221 0.10081932206322487 0.02456998582835218 0.0690281391976496 0.04404201194594085 0.04186173530760402 0.041753300867467216 0.0245699858283522 0.03490976183871445 0.06970671353466067 0.03537335681343495 0.035021604101558884 0.11665044585531165 0.06520284235421084 0.03651654822384223 0.037431593369166634 
0.016804449562208047 0.01680444956220802 0.05141433024053453 0.016804449562208012 0.01680444956220801 0.08515627739173268 0.016804449562208005 0.11640652920422381 0.016804449562208 0.2653373093589509 0.024805156580409975 0.05166982109373668 0.11721142594957246 0.016804449562207998 0.03383292344978765 0.025267244902884758 0.023894827579733484 0.03958649796770668 0.024005908071922624 0.023780601273345935 
0.019610669046936768 0.00975222033851824 0.22524070632567278 0.00975222033851825 0.009752220338518242 0.009752220338518238 0.009752220338518235 0.3673179064079117 0.019961444099185065 0.04317269706665508 0.01694431550962821 0.032683078919635115 0.06685317438414538 0.01964411606362725 0.009752220338518254 0.03646340024865529 0.009752220338518223 0.014103708653227152 0.03265690438008854 0.037082336524962546 
0.018096098514523724 0.018096098514523744 0.01809609851452368 0.01809609851452372 0.025881600158309623 0.07419920117667454 0.01809609851452372 0.41682471610314775 0.039380426112236785 0.04333397017921196 0.05870438931834509 0.03906837744314349 0.018096098514523717 0.01809609851452375 0.01809609851452372 0.018096098514523713 0.02675363991864731 0.0439288067565653 0.05096388768848246 0.018096098514523738 
0.01750754645457937 0.01750754645457935 0.01750754645457933 0.01750754645457936 0.01750754645457937 0.017507546454579376 0.01750754645457937 0.03489247930671108 0.20825080070957427 0.11011492201917314 0.01750754645457936 0.025919783554687548 0.0251913958279713 0.017507546454579366 0.017507546454579373 0.23725847709334014 0.01750754645457941 0.026575971661211287 0.017507546454579387 0.1217056123723685 
0.03455134923789925 0.023746111061924372 0.02374611106192449 0.023746111061924372 0.023746111061924514 0.11437358840435481 0.023746111061924376 0.04088080941939612 0.023746111061924365 0.05669822590107904 0.02374611106192478 0.03659062946313128 0.12602415544633347 0.13652999563044713 0.03726737175351782 0.023746111061924372 0.023746111061924348 0.023746111061924372 0.1178587196060244 0.061764044518563016 
0.016560693685496994 0.01656069368549696 0.016560693685496918 0.016560693685496973 0.0165606936854969 0.2819861988965261 0.016560693685496945 0.023509352206659426 0.05286972309130884 0.12124199633057539 0.09271995054118139 0.08749298353134724 0.029675701169080353 0.01656069368549698 0.016560693685496973 0.02666200305163315 0.040050983366027894 0.07818417096069112 0.016560693685496994 0.016560693685497004 
0.012974039089026104 0.012974039089026076 0.019212351237041972 0.012974039089026142 0.012974039089026139 0.01883769217889913 0.012974039089026137 0.039974442549699354 0.02465988317483936 0.03004055283125787 0.01871842636182568 0.14877935741781506 0.32398942663303776 0.028797769415708153 0.08358591335914865 0.012974039089026118 0.03688851984138155 0.012974039089026142 0.12272335228712919 0.012974039089026156 
0.029356016196326013 0.00658992949424541 0.028224440849267073 0.006589929494245447 0.006589929494245475 0.00963892601307615 0.006589929494245457 0.017278371598521455 0.006589929494245428 0.03718206033331229 0.06634316867868405 0.07624831187695748 0.4869659951118396 0.00658992949424542 0.013473277579365525 0.040998902675367696 0.006589929494245443 0.03756902976340178 0.09768320413971963 0.012908788724445694 
0.08430933420978431 0.011417193887750235 0.11780201608064278 0.011417193887750213 0.011417193887750194 0.01783260510100686 0.011417193887750221 0.04599320895119111 0.03147131973149657 0.4564799171818126 0.02406144136617123 0.011417193887750235 0.027832472429333566 0.01650676463597321 0.011417193887750246 0.01141719388775023 0.017078214094936445 0.011417193887750181 0.02175130290205647 0.04754385221361037 
0.020149342665919178 0.008042187907773491 0.008042187907773715 0.008042187907773538 0.04792078297482779 0.072423412462141 0.00804218790777351 0.0189035175364871 0.008042187907773437 0.5325914279022471 0.008042187907773142 0.02008181482239031 0.047238543534620515 0.01622431821293203 0.011873233180965162 0.00804218790777353 0.008042187907773456 0.020747981577603637 0.10377528235760655 0.02373283951008898 
0.011057369407058011 0.011057369407057998 0.02597924584604842 0.011057369407058 0.026840556677272254 0.027715670481689953 0.011057369407058 0.02585957395634538 0.054424129721438626 0.3605712432209592 0.15387044097993222 0.05963116412754705 0.05528309288883355 0.011057369407057947 0.02150382111469588 0.040012713196280005 0.02733188710625037 0.011057369407058003 0.027588637532254042 0.027043606708078146 
