0.029962546816479405 0.018726591760299626 0.018726591760299626 0.029962546816479405 0.029962546816479405 0.04119850187265918 0.06367041198501873 0.018726591760299626 0.052434456928838954 0.029962546816479405 0.018726591760299626 0.018726591760299626 0.029962546816479405 0.029962546816479405 0.018726591760299626 0.04119850187265918 0.029962546816479405 0.052434456928838954 0.018726591760299626 0.04119850187265918 0.04119850187265918 0.029962546816479405 0.029962546816479405 0.04119850187265918 0.04119850187265918 0.04119850187265918 0.029962546816479405 0.04119850187265918 0.04119850187265918 0.029962546816479405 
0.014367816091954023 0.014367816091954023 0.014367816091954023 0.014367816091954023 0.014367816091954023 0.014367816091954023 0.031609195402298854 0.014367816091954023 0.410919540229885 0.014367816091954023 0.014367816091954023 0.014367816091954023 0.05747126436781609 0.014367816091954023 0.031609195402298854 0.014367816091954023 0.014367816091954023 0.014367816091954023 0.014367816091954023 0.014367816091954023 0.014367816091954023 0.014367816091954023 0.014367816091954023 0.09195402298850575 0.014367816091954023 0.014367816091954023 0.014367816091954023 0.031609195402298854 0.014367816091954023 0.014367816091954023 
0.015151515151515152 0.015151515151515152 0.015151515151515152 0.015151515151515152 0.015151515151515152 0.015151515151515152 0.015151515151515152 0.015151515151515152 0.3151515151515151 0.015151515151515152 0.015151515151515152 0.14242424242424243 0.024242424242424246 0.015151515151515152 0.015151515151515152 0.024242424242424246 0.015151515151515152 0.024242424242424246 0.015151515151515152 0.015151515151515152 0.015151515151515152 0.015151515151515152 0.015151515151515152 0.015151515151515152 0.015151515151515152 0.015151515151515152 0.015151515151515152 0.10606060606060605 0.015151515151515152 0.015151515151515152 
0.017361111111111112 0.017361111111111112 0.017361111111111112 0.017361111111111112 0.017361111111111112 0.017361111111111112 0.03819444444444445 0.017361111111111112 0.23611111111111113 0.017361111111111112 0.017361111111111112 0.13194444444444445 0.017361111111111112 0.017361111111111112 0.03819444444444445 0.017361111111111112 0.017361111111111112 0.02777777777777778 0.017361111111111112 0.017361111111111112 0.017361111111111112 0.017361111111111112 0.017361111111111112 0.04861111111111111 0.017361111111111112 0.04861111111111111 0.03819444444444445 0.02777777777777778 0.017361111111111112 0.017361111111111112 
0.013333333333333334 0.013333333333333334 0.029333333333333336 0.013333333333333334 0.013333333333333334 0.021333333333333336 0.18133333333333335 0.013333333333333334 0.18933333333333335 0.013333333333333334 0.013333333333333334 0.05333333333333334 0.021333333333333336 0.05333333333333334 0.021333333333333336 0.06933333333333333 0.013333333333333334 0.029333333333333336 0.013333333333333334 0.013333333333333334 0.013333333333333334 0.013333333333333334 0.013333333333333334 0.05333333333333334 0.021333333333333336 0.013333333333333334 0.013333333333333334 0.029333333333333336 0.013333333333333334 0.013333333333333334 
0.017361111111111112 0.017361111111111112 0.017361111111111112 0.017361111111111112 0.017361111111111112 0.04861111111111111 0.03819444444444445 0.02777777777777778 0.2152777777777778 0.017361111111111112 0.017361111111111112 0.04861111111111111 0.02777777777777778 0.017361111111111112 0.05902777777777778 0.02777777777777778 0.02777777777777778 0.017361111111111112 0.017361111111111112 0.017361111111111112 0.017361111111111112 0.017361111111111112 0.017361111111111112 0.02777777777777778 0.017361111111111112 0.04861111111111111 0.017361111111111112 0.09027777777777778 0.017361111111111112 0.017361111111111112 
0.015723270440251572 0.015723270440251572 0.015723270440251572 0.015723270440251572 0.015723270440251572 0.015723270440251572 0.24213836477987422 0.025157232704402517 0.11949685534591195 0.015723270440251572 0.025157232704402517 0.09119496855345911 0.015723270440251572 0.06289308176100629 0.025157232704402517 0.025157232704402517 0.015723270440251572 0.015723270440251572 0.034591194968553465 0.015723270440251572 0.015723270440251572 0.025157232704402517 0.015723270440251572 0.015723270440251572 0.015723270440251572 0.015723270440251572 0.015723270440251572 0.025157232704402517 0.015723270440251572 0.015723270440251572 
0.016339869281045753 0.016339869281045753 0.016339869281045753 0.026143790849673207 0.016339869281045753 0.016339869281045753 0.19281045751633988 0.016339869281045753 0.2712418300653595 0.016339869281045753 0.016339869281045753 0.026143790849673207 0.04575163398692811 0.016339869281045753 0.026143790849673207 0.016339869281045753 0.026143790849673207 0.016339869281045753 0.026143790849673207 0.016339869281045753 0.016339869281045753 0.016339869281045753 0.016339869281045753 0.016339869281045753 0.016339869281045753 0.016339869281045753 0.016339869281045753 0.016339869281045753 0.016339869281045753 0.016339869281045753 
0.007936507936507936 0.007936507936507936 0.007936507936507936 0.007936507936507936 0.007936507936507936 0.0126984126984127 0.050793650793650794 0.007936507936507936 0.14126984126984127 0.007936507936507936 0.007936507936507936 0.022222222222222223 0.4936507936507937 0.0126984126984127 0.022222222222222223 0.03650793650793651 0.007936507936507936 0.01746031746031746 0.007936507936507936 0.007936507936507936 0.0126984126984127 0.007936507936507936 0.007936507936507936 0.01746031746031746 0.007936507936507936 0.01746031746031746 0.007936507936507936 0.007936507936507936 0.007936507936507936 0.007936507936507936 
0.014749262536873156 0.014749262536873156 0.023598820058997053 0.023598820058997053 0.014749262536873156 0.0943952802359882 0.014749262536873156 0.014749262536873156 0.3156342182890855 0.014749262536873156 0.014749262536873156 0.032448377581120944 0.04129793510324484 0.023598820058997053 0.014749262536873156 0.058997050147492625 0.014749262536873156 0.014749262536873156 0.014749262536873156 0.014749262536873156 0.014749262536873156 0.014749262536873156 0.014749262536873156 0.014749262536873156 0.014749262536873156 0.014749262536873156 0.023598820058997053 0.05014749262536873 0.014749262536873156 0.032448377581120944 
0.012531328320802006 0.012531328320802006 0.027568922305764413 0.012531328320802006 0.012531328320802006 0.012531328320802006 0.027568922305764413 0.012531328320802006 0.012531328320802006 0.012531328320802006 0.012531328320802006 0.5238095238095238 0.012531328320802006 0.012531328320802006 0.012531328320802006 0.02005012531328321 0.012531328320802006 0.012531328320802006 0.012531328320802006 0.012531328320802006 0.050125313283208024 0.02005012531328321 0.012531328320802006 0.02005012531328321 0.012531328320802006 0.03508771929824562 0.012531328320802006 0.012531328320802006 0.012531328320802006 0.012531328320802006 
0.01893939393939394 0.01893939393939394 0.01893939393939394 0.05303030303030303 0.01893939393939394 0.01893939393939394 0.030303030303030307 0.01893939393939394 0.030303030303030307 0.030303030303030307 0.01893939393939394 0.04166666666666667 0.32575757575757575 0.01893939393939394 0.030303030303030307 0.01893939393939394 0.01893939393939394 0.01893939393939394 0.01893939393939394 0.01893939393939394 0.030303030303030307 0.01893939393939394 0.01893939393939394 0.01893939393939394 0.030303030303030307 0.01893939393939394 0.01893939393939394 0.01893939393939394 0.01893939393939394 0.01893939393939394 
0.020080321285140562 0.020080321285140562 0.020080321285140562 0.020080321285140562 0.020080321285140562 0.020080321285140562 0.032128514056224904 0.032128514056224904 0.04417670682730924 0.06827309236947791 0.020080321285140562 0.06827309236947791 0.14056224899598393 0.10441767068273092 0.020080321285140562 0.020080321285140562 0.020080321285140562 0.020080321285140562 0.020080321285140562 0.020080321285140562 0.020080321285140562 0.020080321285140562 0.020080321285140562 0.020080321285140562 0.032128514056224904 0.05622489959839358 0.020080321285140562 0.020080321285140562 0.020080321285140562 0.020080321285140562 
0.008680555555555556 0.008680555555555556 0.008680555555555556 0.008680555555555556 0.008680555555555556 0.01388888888888889 0.05034722222222222 0.01388888888888889 0.024305555555555556 0.008680555555555556 0.008680555555555556 0.607638888888889 0.008680555555555556 0.008680555555555556 0.03993055555555556 0.019097222222222224 0.008680555555555556 0.008680555555555556 0.008680555555555556 0.008680555555555556 0.024305555555555556 0.008680555555555556 0.008680555555555556 0.008680555555555556 0.008680555555555556 0.019097222222222224 0.008680555555555556 0.01388888888888889 0.008680555555555556 0.008680555555555556 
0.017006802721088437 0.017006802721088437 0.03741496598639456 0.0272108843537415 0.017006802721088437 0.0272108843537415 0.14965986394557823 0.0272108843537415 0.09863945578231292 0.0272108843537415 0.017006802721088437 0.0782312925170068 0.0272108843537415 0.017006802721088437 0.03741496598639456 0.0272108843537415 0.017006802721088437 0.017006802721088437 0.03741496598639456 0.017006802721088437 0.017006802721088437 0.017006802721088437 0.017006802721088437 0.017006802721088437 0.017006802721088437 0.017006802721088437 0.06802721088435375 0.05782312925170068 0.017006802721088437 0.017006802721088437 
0.027322404371584702 0.027322404371584702 0.027322404371584702 0.027322404371584702 0.027322404371584702 0.027322404371584702 0.043715846994535526 0.027322404371584702 0.043715846994535526 0.027322404371584702 0.027322404371584702 0.043715846994535526 0.09289617486338798 0.027322404371584702 0.043715846994535526 0.027322404371584702 0.027322404371584702 0.027322404371584702 0.043715846994535526 0.027322404371584702 0.043715846994535526 0.027322404371584702 0.027322404371584702 0.027322404371584702 0.027322404371584702 0.027322404371584702 0.043715846994535526 0.027322404371584702 0.027322404371584702 0.027322404371584702 
0.01718213058419244 0.01718213058419244 0.01718213058419244 0.01718213058419244 0.01718213058419244 0.01718213058419244 0.09965635738831614 0.027491408934707907 0.21305841924398627 0.01718213058419244 0.01718213058419244 0.01718213058419244 0.03780068728522337 0.058419243986254296 0.058419243986254296 0.01718213058419244 0.01718213058419244 0.01718213058419244 0.01718213058419244 0.01718213058419244 0.01718213058419244 0.01718213058419244 0.01718213058419244 0.03780068728522337 0.01718213058419244 0.01718213058419244 0.01718213058419244 0.08934707903780068 0.01718213058419244 0.01718213058419244 
0.014367816091954023 0.014367816091954023 0.014367816091954023 0.040229885057471264 0.014367816091954023 0.014367816091954023 0.14367816091954025 0.014367816091954023 0.13505747126436782 0.014367816091954023 0.014367816091954023 0.031609195402298854 0.10057471264367815 0.031609195402298854 0.07471264367816091 0.02298850574712644 0.014367816091954023 0.031609195402298854 0.02298850574712644 0.014367816091954023 0.014367816091954023 0.014367816091954023 0.014367816091954023 0.040229885057471264 0.014367816091954023 0.014367816091954023 0.02298850574712644 0.04885057471264368 0.014367816091954023 0.02298850574712644 
0.015723270440251572 0.015723270440251572 0.015723270440251572 0.015723270440251572 0.015723270440251572 0.015723270440251572 0.110062893081761 0.2138364779874214 0.05345911949685535 0.015723270440251572 0.025157232704402517 0.05345911949685535 0.025157232704402517 0.015723270440251572 0.110062893081761 0.04402515723270441 0.015723270440251572 0.034591194968553465 0.015723270440251572 0.015723270440251572 0.015723270440251572 0.015723270440251572 0.015723270440251572 0.015723270440251572 0.015723270440251572 0.015723270440251572 0.015723270440251572 0.015723270440251572 0.015723270440251572 0.015723270440251572 
0.016835016835016835 0.016835016835016835 0.016835016835016835 0.02693602693602694 0.016835016835016835 0.016835016835016835 0.21885521885521886 0.016835016835016835 0.06734006734006734 0.02693602693602694 0.016835016835016835 0.14814814814814814 0.04713804713804714 0.03703703703703704 0.03703703703703704 0.016835016835016835 0.016835016835016835 0.016835016835016835 0.016835016835016835 0.016835016835016835 0.016835016835016835 0.02693602693602694 0.016835016835016835 0.016835016835016835 0.016835016835016835 0.016835016835016835 0.016835016835016835 0.02693602693602694 0.016835016835016835 0.016835016835016835 
0.0196078431372549 0.0196078431372549 0.0196078431372549 0.04313725490196079 0.0196078431372549 0.0196078431372549 0.0196078431372549 0.0196078431372549 0.03137254901960785 0.03137254901960785 0.0196078431372549 0.06666666666666667 0.25490196078431376 0.0196078431372549 0.03137254901960785 0.0196078431372549 0.0196078431372549 0.04313725490196079 0.0196078431372549 0.0196078431372549 0.0196078431372549 0.0196078431372549 0.0196078431372549 0.0196078431372549 0.04313725490196079 0.04313725490196079 0.0196078431372549 0.0196078431372549 0.0196078431372549 0.0196078431372549 
0.013536379018612522 0.008460236886632826 0.008460236886632826 0.01861252115059222 0.008460236886632826 0.013536379018612522 0.5465313028764806 0.013536379018612522 0.013536379018612522 0.01861252115059222 0.008460236886632826 0.02876480541455161 0.008460236886632826 0.01861252115059222 0.11505922165820644 0.008460236886632826 0.013536379018612522 0.013536379018612522 0.01861252115059222 0.008460236886632826 0.008460236886632826 0.008460236886632826 0.008460236886632826 0.013536379018612522 0.008460236886632826 0.008460236886632826 0.013536379018612522 0.008460236886632826 0.008460236886632826 0.008460236886632826 
0.026455026455026457 0.026455026455026457 0.026455026455026457 0.04232804232804233 0.026455026455026457 0.026455026455026457 0.026455026455026457 0.04232804232804233 0.08994708994708996 0.026455026455026457 0.026455026455026457 0.026455026455026457 0.04232804232804233 0.026455026455026457 0.04232804232804233 0.026455026455026457 0.058201058201058205 0.026455026455026457 0.026455026455026457 0.026455026455026457 0.026455026455026457 0.026455026455026457 0.026455026455026457 0.026455026455026457 0.026455026455026457 0.026455026455026457 0.058201058201058205 0.026455026455026457 0.026455026455026457 0.04232804232804233 
0.012165450121654502 0.012165450121654502 0.012165450121654502 0.012165450121654502 0.012165450121654502 0.012165450121654502 0.04136253041362531 0.04866180048661801 0.45742092457420924 0.019464720194647202 0.012165450121654502 0.012165450121654502 0.026763990267639905 0.0340632603406326 0.0632603406326034 0.012165450121654502 0.012165450121654502 0.019464720194647202 0.012165450121654502 0.012165450121654502 0.019464720194647202 0.012165450121654502 0.012165450121654502 0.026763990267639905 0.012165450121654502 0.012165450121654502 0.012165450121654502 0.012165450121654502 0.012165450121654502 0.012165450121654502 
0.014005602240896359 0.014005602240896359 0.0392156862745098 0.06442577030812326 0.014005602240896359 0.014005602240896359 0.22408963585434175 0.014005602240896359 0.056022408963585436 0.014005602240896359 0.014005602240896359 0.022408963585434177 0.06442577030812326 0.014005602240896359 0.13165266106442577 0.014005602240896359 0.014005602240896359 0.014005602240896359 0.022408963585434177 0.014005602240896359 0.014005602240896359 0.014005602240896359 0.014005602240896359 0.07282913165266106 0.014005602240896359 0.022408963585434177 0.014005602240896359 0.014005602240896359 0.014005602240896359 0.014005602240896359 
0.018726591760299626 0.018726591760299626 0.029962546816479405 0.029962546816479405 0.018726591760299626 0.04119850187265918 0.029962546816479405 0.052434456928838954 0.20973782771535582 0.029962546816479405 0.029962546816479405 0.04119850187265918 0.018726591760299626 0.04119850187265918 0.06367041198501873 0.018726591760299626 0.018726591760299626 0.018726591760299626 0.018726591760299626 0.018726591760299626 0.029962546816479405 0.018726591760299626 0.018726591760299626 0.029962546816479405 0.018726591760299626 0.018726591760299626 0.029962546816479405 0.029962546816479405 0.018726591760299626 0.018726591760299626 
0.0154320987654321 0.0154320987654321 0.0154320987654321 0.03395061728395062 0.0154320987654321 0.02469135802469136 0.0154320987654321 0.0154320987654321 0.10802469135802469 0.0154320987654321 0.0154320987654321 0.03395061728395062 0.07098765432098765 0.02469135802469136 0.2654320987654321 0.0154320987654321 0.0154320987654321 0.02469135802469136 0.03395061728395062 0.0154320987654321 0.0154320987654321 0.02469135802469136 0.0154320987654321 0.03395061728395062 0.0154320987654321 0.0154320987654321 0.04320987654320988 0.0154320987654321 0.0154320987654321 0.0154320987654321 
0.021097046413502112 0.021097046413502112 0.046413502109704644 0.046413502109704644 0.021097046413502112 0.021097046413502112 0.07172995780590717 0.07172995780590717 0.08438818565400845 0.059071729957805914 0.021097046413502112 0.03375527426160338 0.059071729957805914 0.021097046413502112 0.021097046413502112 0.021097046413502112 0.03375527426160338 0.021097046413502112 0.021097046413502112 0.021097046413502112 0.021097046413502112 0.021097046413502112 0.021097046413502112 0.021097046413502112 0.021097046413502112 0.07172995780590717 0.021097046413502112 0.021097046413502112 0.021097046413502112 0.021097046413502112 
0.010416666666666668 0.010416666666666668 0.01666666666666667 0.09791666666666667 0.010416666666666668 0.035416666666666666 0.010416666666666668 0.01666666666666667 0.39166666666666666 0.010416666666666668 0.010416666666666668 0.04791666666666667 0.02291666666666667 0.01666666666666667 0.035416666666666666 0.010416666666666668 0.010416666666666668 0.010416666666666668 0.010416666666666668 0.010416666666666668 0.010416666666666668 0.010416666666666668 0.010416666666666668 0.07916666666666666 0.01666666666666667 0.02291666666666667 0.010416666666666668 0.02291666666666667 0.010416666666666668 0.010416666666666668 
0.014749262536873156 0.014749262536873156 0.014749262536873156 0.014749262536873156 0.014749262536873156 0.014749262536873156 0.18289085545722714 0.18289085545722714 0.0943952802359882 0.014749262536873156 0.023598820058997053 0.032448377581120944 0.014749262536873156 0.014749262536873156 0.058997050147492625 0.014749262536873156 0.014749262536873156 0.014749262536873156 0.014749262536873156 0.014749262536873156 0.032448377581120944 0.014749262536873156 0.014749262536873156 0.05014749262536873 0.014749262536873156 0.014749262536873156 0.014749262536873156 0.023598820058997053 0.014749262536873156 0.023598820058997053 
0.020080321285140562 0.020080321285140562 0.020080321285140562 0.020080321285140562 0.020080321285140562 0.032128514056224904 0.020080321285140562 0.020080321285140562 0.20080321285140565 0.020080321285140562 0.020080321285140562 0.032128514056224904 0.04417670682730924 0.05622489959839358 0.020080321285140562 0.020080321285140562 0.020080321285140562 0.032128514056224904 0.020080321285140562 0.020080321285140562 0.020080321285140562 0.020080321285140562 0.020080321285140562 0.06827309236947791 0.020080321285140562 0.032128514056224904 0.032128514056224904 0.04417670682730924 0.020080321285140562 0.04417670682730924 
0.02380952380952381 0.02380952380952381 0.05238095238095238 0.05238095238095238 0.02380952380952381 0.02380952380952381 0.02380952380952381 0.05238095238095238 0.0380952380952381 0.02380952380952381 0.02380952380952381 0.0380952380952381 0.06666666666666667 0.02380952380952381 0.02380952380952381 0.02380952380952381 0.02380952380952381 0.05238095238095238 0.02380952380952381 0.02380952380952381 0.02380952380952381 0.02380952380952381 0.02380952380952381 0.06666666666666667 0.02380952380952381 0.02380952380952381 0.08095238095238096 0.02380952380952381 0.02380952380952381 0.02380952380952381 
0.0154320987654321 0.0154320987654321 0.05246913580246914 0.08950617283950617 0.0154320987654321 0.03395061728395062 0.02469135802469136 0.0154320987654321 0.07098765432098765 0.02469135802469136 0.0154320987654321 0.10802469135802469 0.04320987654320988 0.07098765432098765 0.03395061728395062 0.0154320987654321 0.0154320987654321 0.0154320987654321 0.0154320987654321 0.0154320987654321 0.0154320987654321 0.02469135802469136 0.0154320987654321 0.0154320987654321 0.02469135802469136 0.0154320987654321 0.02469135802469136 0.12654320987654322 0.0154320987654321 0.0154320987654321 
0.012531328320802006 0.012531328320802006 0.012531328320802006 0.02005012531328321 0.012531328320802006 0.02005012531328321 0.04260651629072682 0.012531328320802006 0.050125313283208024 0.012531328320802006 0.012531328320802006 0.09523809523809523 0.3283208020050125 0.027568922305764413 0.02005012531328321 0.027568922305764413 0.04260651629072682 0.02005012531328321 0.02005012531328321 0.012531328320802006 0.012531328320802006 0.03508771929824562 0.012531328320802006 0.04260651629072682 0.012531328320802006 0.012531328320802006 0.02005012531328321 0.012531328320802006 0.012531328320802006 0.012531328320802006 
0.020080321285140562 0.020080321285140562 0.06827309236947791 0.032128514056224904 0.020080321285140562 0.032128514056224904 0.08032128514056225 0.020080321285140562 0.15261044176706826 0.020080321285140562 0.020080321285140562 0.032128514056224904 0.020080321285140562 0.020080321285140562 0.11646586345381525 0.020080321285140562 0.020080321285140562 0.04417670682730924 0.020080321285140562 0.020080321285140562 0.020080321285140562 0.020080321285140562 0.020080321285140562 0.020080321285140562 0.020080321285140562 0.020080321285140562 0.020080321285140562 0.020080321285140562 0.020080321285140562 0.020080321285140562 
0.01557632398753894 0.01557632398753894 0.024922118380062308 0.024922118380062308 0.01557632398753894 0.01557632398753894 0.07165109034267914 0.2398753894080997 0.052959501557632405 0.01557632398753894 0.01557632398753894 0.07165109034267914 0.07165109034267914 0.01557632398753894 0.01557632398753894 0.052959501557632405 0.01557632398753894 0.01557632398753894 0.052959501557632405 0.01557632398753894 0.024922118380062308 0.01557632398753894 0.01557632398753894 0.01557632398753894 0.01557632398753894 0.01557632398753894 0.01557632398753894 0.01557632398753894 0.01557632398753894 0.01557632398753894 
0.010482180293501049 0.010482180293501049 0.010482180293501049 0.010482180293501049 0.010482180293501049 0.016771488469601678 0.010482180293501049 0.03563941299790357 0.02306079664570231 0.010482180293501049 0.010482180293501049 0.03563941299790357 0.02306079664570231 0.041928721174004195 0.041928721174004195 0.35639412997903563 0.016771488469601678 0.010482180293501049 0.11111111111111112 0.010482180293501049 0.016771488469601678 0.016771488469601678 0.010482180293501049 0.010482180293501049 0.04821802935010482 0.03563941299790357 0.010482180293501049 0.016771488469601678 0.016771488469601678 0.010482180293501049 
0.007246376811594203 0.007246376811594203 0.02463768115942029 0.007246376811594203 0.007246376811594203 0.011594202898550727 0.08985507246376812 0.0463768115942029 0.17246376811594202 0.02463768115942029 0.007246376811594203 0.02028985507246377 0.01594202898550725 0.05942028985507246 0.03768115942028985 0.007246376811594203 0.01594202898550725 0.007246376811594203 0.09420289855072464 0.007246376811594203 0.011594202898550727 0.007246376811594203 0.007246376811594203 0.05507246376811594 0.011594202898550727 0.01594202898550725 0.1507246376811594 0.05072463768115942 0.007246376811594203 0.011594202898550727 
0.029304029304029307 0.018315018315018316 0.018315018315018316 0.018315018315018316 0.018315018315018316 0.029304029304029307 0.10622710622710622 0.018315018315018316 0.08424908424908426 0.029304029304029307 0.018315018315018316 0.05128205128205129 0.05128205128205129 0.018315018315018316 0.05128205128205129 0.018315018315018316 0.018315018315018316 0.018315018315018316 0.018315018315018316 0.018315018315018316 0.018315018315018316 0.018315018315018316 0.018315018315018316 0.029304029304029307 0.05128205128205129 0.08424908424908426 0.029304029304029307 0.05128205128205129 0.029304029304029307 0.018315018315018316 
0.021097046413502112 0.021097046413502112 0.03375527426160338 0.07172995780590717 0.021097046413502112 0.046413502109704644 0.059071729957805914 0.021097046413502112 0.021097046413502112 0.021097046413502112 0.021097046413502112 0.03375527426160338 0.03375527426160338 0.03375527426160338 0.021097046413502112 0.021097046413502112 0.021097046413502112 0.021097046413502112 0.021097046413502112 0.021097046413502112 0.021097046413502112 0.03375527426160338 0.021097046413502112 0.021097046413502112 0.021097046413502112 0.021097046413502112 0.059071729957805914 0.1350210970464135 0.03375527426160338 0.046413502109704644 
0.019157088122605366 0.019157088122605366 0.019157088122605366 0.13409961685823754 0.019157088122605366 0.019157088122605366 0.019157088122605366 0.0421455938697318 0.15708812260536398 0.019157088122605366 0.019157088122605366 0.0421455938697318 0.019157088122605366 0.05363984674329502 0.030651340996168584 0.019157088122605366 0.019157088122605366 0.019157088122605366 0.030651340996168584 0.019157088122605366 0.019157088122605366 0.019157088122605366 0.019157088122605366 0.06513409961685825 0.019157088122605366 0.019157088122605366 0.0421455938697318 0.019157088122605366 0.019157088122605366 0.019157088122605366 
0.014367816091954023 0.014367816091954023 0.014367816091954023 0.02298850574712644 0.014367816091954023 0.02298850574712644 0.02298850574712644 0.014367816091954023 0.014367816091954023 0.014367816091954023 0.014367816091954023 0.514367816091954 0.014367816091954023 0.02298850574712644 0.014367816091954023 0.031609195402298854 0.014367816091954023 0.014367816091954023 0.014367816091954023 0.014367816091954023 0.014367816091954023 0.014367816091954023 0.014367816091954023 0.031609195402298854 0.014367816091954023 0.014367816091954023 0.014367816091954023 0.014367816091954023 0.014367816091954023 0.014367816091954023 
0.01851851851851852 0.01851851851851852 0.1962962962962963 0.01851851851851852 0.01851851851851852 0.029629629629629634 0.01851851851851852 0.01851851851851852 0.01851851851851852 0.01851851851851852 0.01851851851851852 0.16296296296296295 0.01851851851851852 0.029629629629629634 0.01851851851851852 0.029629629629629634 0.01851851851851852 0.01851851851851852 0.01851851851851852 0.01851851851851852 0.01851851851851852 0.01851851851851852 0.01851851851851852 0.01851851851851852 0.029629629629629634 0.01851851851851852 0.040740740740740744 0.05185185185185186 0.01851851851851852 0.040740740740740744 
0.013440860215053764 0.013440860215053764 0.013440860215053764 0.02956989247311828 0.013440860215053764 0.013440860215053764 0.02956989247311828 0.013440860215053764 0.03763440860215054 0.013440860215053764 0.021505376344086023 0.013440860215053764 0.02956989247311828 0.013440860215053764 0.0456989247311828 0.02956989247311828 0.0456989247311828 0.021505376344086023 0.021505376344086023 0.013440860215053764 0.03763440860215054 0.013440860215053764 0.013440860215053764 0.053763440860215055 0.013440860215053764 0.013440860215053764 0.021505376344086023 0.2876344086021505 0.013440860215053764 0.08602150537634408 
0.019841269841269844 0.019841269841269844 0.019841269841269844 0.043650793650793655 0.019841269841269844 0.019841269841269844 0.043650793650793655 0.019841269841269844 0.019841269841269844 0.019841269841269844 0.019841269841269844 0.043650793650793655 0.043650793650793655 0.03174603174603175 0.10317460317460317 0.019841269841269844 0.019841269841269844 0.21031746031746032 0.03174603174603175 0.019841269841269844 0.019841269841269844 0.019841269841269844 0.019841269841269844 0.019841269841269844 0.019841269841269844 0.019841269841269844 0.03174603174603175 0.019841269841269844 0.019841269841269844 0.019841269841269844 
0.01182033096926714 0.01182033096926714 0.01182033096926714 0.01182033096926714 0.01182033096926714 0.018912529550827426 0.1678486997635934 0.054373522458628844 0.054373522458628844 0.018912529550827426 0.01182033096926714 0.04018912529550828 0.3309692671394799 0.018912529550827426 0.018912529550827426 0.01182033096926714 0.01182033096926714 0.01182033096926714 0.01182033096926714 0.01182033096926714 0.01182033096926714 0.01182033096926714 0.01182033096926714 0.018912529550827426 0.02600472813238771 0.01182033096926714 0.01182033096926714 0.01182033096926714 0.018912529550827426 0.01182033096926714 
0.016025641025641028 0.016025641025641028 0.016025641025641028 0.016025641025641028 0.016025641025641028 0.016025641025641028 0.04487179487179487 0.04487179487179487 0.04487179487179487 0.016025641025641028 0.025641025641025644 0.035256410256410256 0.016025641025641028 0.025641025641025644 0.016025641025641028 0.3237179487179487 0.016025641025641028 0.025641025641025644 0.016025641025641028 0.016025641025641028 0.025641025641025644 0.025641025641025644 0.016025641025641028 0.05448717948717949 0.016025641025641028 0.016025641025641028 0.016025641025641028 0.025641025641025644 0.016025641025641028 0.025641025641025644 
0.0154320987654321 0.0154320987654321 0.08024691358024691 0.0154320987654321 0.0154320987654321 0.0154320987654321 0.03395061728395062 0.02469135802469136 0.03395061728395062 0.0154320987654321 0.0154320987654321 0.02469135802469136 0.02469135802469136 0.0154320987654321 0.02469135802469136 0.18209876543209877 0.0154320987654321 0.02469135802469136 0.02469135802469136 0.0154320987654321 0.16358024691358025 0.0154320987654321 0.0154320987654321 0.02469135802469136 0.07098765432098765 0.0154320987654321 0.0154320987654321 0.0154320987654321 0.0154320987654321 0.0154320987654321 
0.017921146953405017 0.017921146953405017 0.017921146953405017 0.017921146953405017 0.017921146953405017 0.028673835125448032 0.09318996415770608 0.028673835125448032 0.07168458781362007 0.039426523297491044 0.028673835125448032 0.028673835125448032 0.1899641577060932 0.017921146953405017 0.028673835125448032 0.017921146953405017 0.017921146953405017 0.039426523297491044 0.028673835125448032 0.017921146953405017 0.017921146953405017 0.039426523297491044 0.017921146953405017 0.028673835125448032 0.017921146953405017 0.017921146953405017 0.017921146953405017 0.017921146953405017 0.039426523297491044 0.017921146953405017 
0.010615711252653929 0.010615711252653929 0.010615711252653929 0.010615711252653929 0.010615711252653929 0.010615711252653929 0.04883227176220807 0.010615711252653929 0.010615711252653929 0.010615711252653929 0.010615711252653929 0.042462845010615716 0.029723991507430998 0.04883227176220807 0.036093418259023353 0.4692144373673036 0.010615711252653929 0.016985138004246288 0.042462845010615716 0.010615711252653929 0.016985138004246288 0.010615711252653929 0.010615711252653929 0.010615711252653929 0.010615711252653929 0.029723991507430998 0.010615711252653929 0.010615711252653929 0.016985138004246288 0.010615711252653929 
0.018115942028985508 0.018115942028985508 0.018115942028985508 0.018115942028985508 0.018115942028985508 0.018115942028985508 0.07246376811594203 0.050724637681159424 0.03985507246376812 0.018115942028985508 0.018115942028985508 0.10507246376811594 0.018115942028985508 0.018115942028985508 0.03985507246376812 0.03985507246376812 0.018115942028985508 0.03985507246376812 0.018115942028985508 0.018115942028985508 0.10507246376811594 0.018115942028985508 0.018115942028985508 0.028985507246376815 0.028985507246376815 0.08333333333333334 0.018115942028985508 0.018115942028985508 0.018115942028985508 0.03985507246376812 
0.01754385964912281 0.01754385964912281 0.04912280701754386 0.01754385964912281 0.01754385964912281 0.01754385964912281 0.01754385964912281 0.01754385964912281 0.03859649122807018 0.01754385964912281 0.01754385964912281 0.04912280701754386 0.028070175438596495 0.028070175438596495 0.01754385964912281 0.01754385964912281 0.01754385964912281 0.028070175438596495 0.028070175438596495 0.01754385964912281 0.01754385964912281 0.028070175438596495 0.01754385964912281 0.27017543859649124 0.01754385964912281 0.01754385964912281 0.028070175438596495 0.09122807017543859 0.01754385964912281 0.01754385964912281 
0.029962546816479405 0.018726591760299626 0.018726591760299626 0.06367041198501873 0.018726591760299626 0.018726591760299626 0.029962546816479405 0.029962546816479405 0.10861423220973782 0.052434456928838954 0.018726591760299626 0.018726591760299626 0.14232209737827714 0.018726591760299626 0.052434456928838954 0.018726591760299626 0.029962546816479405 0.018726591760299626 0.018726591760299626 0.018726591760299626 0.018726591760299626 0.018726591760299626 0.018726591760299626 0.018726591760299626 0.018726591760299626 0.04119850187265918 0.029962546816479405 0.04119850187265918 0.018726591760299626 0.029962546816479405 
0.018315018315018316 0.018315018315018316 0.018315018315018316 0.040293040293040296 0.018315018315018316 0.018315018315018316 0.040293040293040296 0.040293040293040296 0.05128205128205129 0.018315018315018316 0.029304029304029307 0.018315018315018316 0.029304029304029307 0.05128205128205129 0.05128205128205129 0.029304029304029307 0.018315018315018316 0.018315018315018316 0.2490842490842491 0.018315018315018316 0.029304029304029307 0.018315018315018316 0.018315018315018316 0.018315018315018316 0.018315018315018316 0.018315018315018316 0.029304029304029307 0.018315018315018316 0.018315018315018316 0.018315018315018316 
0.016501650165016504 0.016501650165016504 0.016501650165016504 0.19471947194719474 0.016501650165016504 0.016501650165016504 0.06600660066006601 0.026402640264026406 0.026402640264026406 0.016501650165016504 0.016501650165016504 0.036303630363036306 0.016501650165016504 0.026402640264026406 0.1056105610561056 0.016501650165016504 0.026402640264026406 0.016501650165016504 0.06600660066006601 0.016501650165016504 0.036303630363036306 0.026402640264026406 0.016501650165016504 0.036303630363036306 0.036303630363036306 0.016501650165016504 0.016501650165016504 0.026402640264026406 0.016501650165016504 0.016501650165016504 
0.014245014245014245 0.014245014245014245 0.05698005698005698 0.014245014245014245 0.014245014245014245 0.039886039886039885 0.014245014245014245 0.014245014245014245 0.04843304843304844 0.022792022792022793 0.2535612535612536 0.039886039886039885 0.014245014245014245 0.014245014245014245 0.022792022792022793 0.03133903133903134 0.022792022792022793 0.014245014245014245 0.014245014245014245 0.014245014245014245 0.04843304843304844 0.014245014245014245 0.014245014245014245 0.014245014245014245 0.022792022792022793 0.014245014245014245 0.014245014245014245 0.09116809116809116 0.014245014245014245 0.05698005698005698 
0.015151515151515152 0.015151515151515152 0.015151515151515152 0.04242424242424243 0.015151515151515152 0.015151515151515152 0.03333333333333333 0.015151515151515152 0.3878787878787879 0.05151515151515152 0.015151515151515152 0.015151515151515152 0.024242424242424246 0.015151515151515152 0.015151515151515152 0.015151515151515152 0.024242424242424246 0.024242424242424246 0.015151515151515152 0.015151515151515152 0.03333333333333333 0.015151515151515152 0.015151515151515152 0.015151515151515152 0.015151515151515152 0.015151515151515152 0.024242424242424246 0.015151515151515152 0.015151515151515152 0.05151515151515152 
0.017006802721088437 0.017006802721088437 0.03741496598639456 0.03741496598639456 0.017006802721088437 0.03741496598639456 0.0272108843537415 0.03741496598639456 0.04761904761904762 0.017006802721088437 0.017006802721088437 0.017006802721088437 0.03741496598639456 0.017006802721088437 0.03741496598639456 0.2619047619047619 0.017006802721088437 0.017006802721088437 0.017006802721088437 0.017006802721088437 0.017006802721088437 0.017006802721088437 0.017006802721088437 0.0782312925170068 0.017006802721088437 0.0272108843537415 0.017006802721088437 0.017006802721088437 0.017006802721088437 0.0272108843537415 
0.016501650165016504 0.016501650165016504 0.026402640264026406 0.016501650165016504 0.016501650165016504 0.016501650165016504 0.016501650165016504 0.036303630363036306 0.026402640264026406 0.05610561056105611 0.026402640264026406 0.036303630363036306 0.31353135313531355 0.016501650165016504 0.036303630363036306 0.026402640264026406 0.016501650165016504 0.04620462046204621 0.026402640264026406 0.016501650165016504 0.026402640264026406 0.016501650165016504 0.016501650165016504 0.016501650165016504 0.016501650165016504 0.026402640264026406 0.026402640264026406 0.016501650165016504 0.016501650165016504 0.016501650165016504 
0.013774104683195593 0.013774104683195593 0.013774104683195593 0.03856749311294766 0.013774104683195593 0.022038567493112952 0.05509641873278237 0.030303030303030304 0.05509641873278237 0.013774104683195593 0.013774104683195593 0.31129476584022037 0.013774104683195593 0.030303030303030304 0.046831955922865015 0.013774104683195593 0.022038567493112952 0.022038567493112952 0.03856749311294766 0.013774104683195593 0.013774104683195593 0.013774104683195593 0.013774104683195593 0.030303030303030304 0.013774104683195593 0.030303030303030304 0.013774104683195593 0.030303030303030304 0.013774104683195593 0.030303030303030304 
0.011990407673860911 0.011990407673860911 0.03357314148681055 0.011990407673860911 0.011990407673860911 0.011990407673860911 0.01918465227817746 0.026378896882494007 0.026378896882494007 0.011990407673860911 0.0407673860911271 0.1342925659472422 0.026378896882494007 0.09832134292565947 0.01918465227817746 0.047961630695443645 0.01918465227817746 0.011990407673860911 0.055155875299760196 0.011990407673860911 0.011990407673860911 0.19184652278177458 0.011990407673860911 0.011990407673860911 0.011990407673860911 0.011990407673860911 0.01918465227817746 0.047961630695443645 0.011990407673860911 0.026378896882494007 
0.014245014245014245 0.014245014245014245 0.014245014245014245 0.014245014245014245 0.014245014245014245 0.014245014245014245 0.03133903133903134 0.14245014245014245 0.022792022792022793 0.21082621082621084 0.014245014245014245 0.022792022792022793 0.014245014245014245 0.022792022792022793 0.014245014245014245 0.022792022792022793 0.022792022792022793 0.014245014245014245 0.014245014245014245 0.014245014245014245 0.014245014245014245 0.014245014245014245 0.014245014245014245 0.03133903133903134 0.014245014245014245 0.12535612535612536 0.014245014245014245 0.014245014245014245 0.014245014245014245 0.07407407407407407 
0.013661202185792351 0.013661202185792351 0.013661202185792351 0.013661202185792351 0.013661202185792351 0.013661202185792351 0.021857923497267763 0.013661202185792351 0.15300546448087432 0.013661202185792351 0.013661202185792351 0.021857923497267763 0.013661202185792351 0.013661202185792351 0.04644808743169399 0.03825136612021858 0.013661202185792351 0.013661202185792351 0.03005464480874317 0.013661202185792351 0.021857923497267763 0.013661202185792351 0.013661202185792351 0.04644808743169399 0.16939890710382516 0.03005464480874317 0.09562841530054644 0.03825136612021858 0.013661202185792351 0.054644808743169404 
0.01754385964912281 0.01754385964912281 0.01754385964912281 0.08070175438596491 0.01754385964912281 0.028070175438596495 0.01754385964912281 0.01754385964912281 0.028070175438596495 0.03859649122807018 0.01754385964912281 0.2280701754385965 0.028070175438596495 0.01754385964912281 0.04912280701754386 0.028070175438596495 0.028070175438596495 0.03859649122807018 0.04912280701754386 0.01754385964912281 0.01754385964912281 0.03859649122807018 0.01754385964912281 0.01754385964912281 0.028070175438596495 0.028070175438596495 0.01754385964912281 0.01754385964912281 0.01754385964912281 0.01754385964912281 
