0.00803961961527983 0.008039619615279839 0.9276434234624186 0.008039619615279797 0.008039619615279854 0.008039619615279844 0.008039619615279912 0.008039619615279837 0.008039619615279861 0.008039619615279854 
0.005808192007102213 0.005808192007102386 0.947726271936079 0.005808192007102386 0.005808192007102371 0.005808192007102394 0.005808192007102424 0.005808192007102416 0.005808192007102367 0.005808192007102368 
0.01878422081574238 0.018784220815742388 0.8309420126583184 0.01878422081574239 0.018784220815742388 0.01878422081574239 0.018784220815742412 0.01878422081574239 0.01878422081574239 0.018784220815742273 
0.008169187355575064 0.008169187355575026 0.7808785949123197 0.008169187355575046 0.008169187355575046 0.014152268986060378 0.008169187355575008 0.008169187355575029 0.008169187355575036 0.14778482461266956 
0.012831007070638032 0.012831007070638025 0.8690205480919986 0.012831007070638015 0.012831007070638062 0.020611135759394755 0.012831007070638056 0.012831007070638008 0.012831007070638062 0.0205512666540972 
0.02591205135696779 0.025912051356967815 0.7667915377872677 0.025912051356967804 0.025912051356967773 0.025912051356967777 0.025912051356967683 0.02591205135696776 0.025912051356967794 0.0259120513569678 
5.344051017632164E-4 5.344051017629537E-4 0.049854510536866146 5.344051017629546E-4 8.773770607406607E-4 0.0012358494491375783 5.344051017629554E-4 5.344051017629535E-4 0.9444310877037937 9.291497406509802E-4 
0.020113459984169597 0.020113459984169614 0.8189788601424933 0.020113459984169645 0.020113459984169576 0.020113459984169624 0.02011345998416968 0.020113459984169624 0.02011345998416961 0.020113459984169666 
0.03389471283117454 0.033894712831174574 0.6736229229996712 0.033894712831173866 0.033894712831174574 0.033894712831174595 0.033894712831174546 0.033894712831174574 0.03389471283117455 0.055219374350931834 
0.015196560347871061 0.015196560347871108 0.8632309568692059 0.015196560347870973 0.0151965603478711 0.015196560347871075 0.01519656034787111 0.01519656034787107 0.015196560347871091 0.015196560347871122 
0.007831271560736828 0.007831271560736795 0.9239139537075053 0.013435873806598678 0.00783127156073678 0.007831271560736805 0.007831271560736815 0.007831271560736834 0.007831271560736751 0.007831271560736833 
0.009374329457762587 0.009374329457762606 0.9156310348801381 0.009374329457762568 0.009374329457762547 0.009374329457762636 0.009374329457762605 0.009374329457762587 0.009374329457762615 0.00937432945776264 
0.04028695976509695 0.04028695976509691 0.6374173621141279 0.04028695976509691 0.040286959765096914 0.04028695976509691 0.04028695976509691 0.04028695976509691 0.04028695976509691 0.04028695976509691 
0.06074961678062439 0.017017492035478924 0.7951508892607401 0.017017492035478914 0.017017492035478924 0.017017492035478875 0.017017492035478903 0.017017492035478914 0.0170174920354789 0.02497704971025969 
0.03932072685389352 0.0393207268538935 0.6042843990153183 0.039320726853893505 0.03932072685389349 0.08114978615355929 0.0393207268538935 0.03932072685389344 0.0393207268538935 0.039320726853893526 
0.008235363874130139 0.008235363874130465 0.9054284519924708 0.011045268006509944 0.008235363874130446 0.02012270983661331 0.008235363874130524 0.008235363874130429 0.008235363874130494 0.01399138691962318 
0.013468760112821575 0.013468760112821578 0.8787811589846387 0.013468760112821615 0.013468760112821585 0.013468760112821573 0.013468760112821597 0.013468760112821585 0.013468760112821583 0.013468760112821573 
0.008787848161556361 0.008787848161556307 0.9209093665459956 0.008787848161556372 0.008787848161556325 0.008787848161556326 0.008787848161556294 0.008787848161556323 0.008787848161556323 0.008787848161556288 
0.006486680472668606 0.006486680472668567 0.8918579198137736 0.006486680472668513 0.0064866804726685925 0.006486680472668634 0.00648668047266866 0.00648668047266859 0.006486680472668583 0.05624863640494884 
0.005229065099905777 0.0052290650999057935 0.9529384141008935 0.005229065099905769 0.0052290650999058125 0.0052290650999057935 0.0052290650999058256 0.00522906509990579 0.005229065099905801 0.0052290650999058386 
0.0052382819232853605 0.005238281923285365 0.9497687987050877 0.008324945908583592 0.005238281923285266 0.005238281923285425 0.005238281923285288 0.005238281923285332 0.005238281923285309 0.005238281923285342 
0.014014256577216782 0.014014256577216774 0.8519700875230566 0.014014256577216722 0.014014256577216786 0.03591585985920075 0.014014256577216751 0.01401425657721677 0.014014256577216796 0.014014256577216793 
0.005168020133675522 0.005168020133675546 0.953487818796886 0.005168020133675554 0.005168020133675382 0.005168020133675547 0.0051680201336755365 0.0051680201336755565 0.005168020133675514 0.0051680201336755435 
0.009583188971717478 0.009583188971717492 0.907660467247414 0.009583188971717423 0.009583188971717475 0.015674020978810654 0.009583188971717465 0.009583188971717494 0.009583188971717475 0.009583188971717567 
0.01015352377779669 0.010153523777796741 0.8839736974632412 0.01015352377779673 0.01015352377779669 0.010153523777796845 0.010153523777796764 0.010153523777796753 0.010153523777796719 0.03479811231438583 
0.011072144335721523 0.011072144335721545 0.9003507009784643 0.011072144335721524 0.011072144335721595 0.011072144335721611 0.011072144335721549 0.011072144335721564 0.011072144335721509 0.01107214433572149 
0.007278782708379189 0.0072787827083791515 0.9301094119255139 0.007278782708379167 0.007278782708379173 0.01166032640745296 0.007278782708379078 0.007278782708379168 0.007278782708379135 0.007278782708379163 
0.1348645802051926 0.04196097640327261 0.5294476085686295 0.04196097640327262 0.04196097640327262 0.04196097640327262 0.04196097640327262 0.04196097640327262 0.04196097640327263 0.04196097640327261 
0.0038927419626799786 0.0038927419626799595 0.920178261481072 0.00389274196267999 0.0038927419626799587 0.0038927419626800077 0.0038927419626800493 0.0038927419626799574 0.0038927419626798966 0.048679802817488474 
0.02264223005532969 0.02264223005532969 0.7962199295020328 0.022642230055329636 0.022642230055329674 0.022642230055329685 0.02264223005532971 0.0226422300553297 0.022642230055329646 0.022642230055329716 
0.02969112648468907 0.02969112648468906 0.7327798616377982 0.029691126484689082 0.02969112648468906 0.02969112648468908 0.02969112648468908 0.029691126484689082 0.02969112648468907 0.02969112648468907 
0.014980976288529476 0.01498097628852948 0.8651712134031917 0.014980976288529482 0.01498097628852949 0.014980976288529459 0.014980976288529449 0.014980976288529476 0.01498097628852942 0.014980976288529419 
0.07147390528328246 0.00499720157885851 0.8885484820858417 0.004997201578858564 0.004997201578858481 0.004997201578858441 0.004997201578858421 0.004997201578858522 0.004997201578858474 0.004997201578858494 
0.04098794884747867 0.040987948847478646 0.6082753894757181 0.06382101974446946 0.04098794884747863 0.040987948847478646 0.04098794884747864 0.04098794884747863 0.040987948847478646 0.040987948847478646 
0.010846959310140297 0.010846959310140392 0.8940685200183942 0.010846959310140387 0.01084695931014034 0.01084695931014038 0.019155805500441558 0.010846959310140384 0.010846959310140484 0.010846959310140382 
0.006037734392712728 0.003929006652554669 0.4673553868727729 0.49910383216663257 0.0039290066525546705 0.003929006652554727 0.003929006652554809 0.003929006652554769 0.00392900665255467 0.003929006652554687 
0.012494365150621039 0.012494365150621061 0.8830025851754331 0.012494365150621058 0.012494365150621061 0.01704249361961471 0.012494365150621082 0.01249436515062107 0.012494365150621077 0.012494365150621075 
0.007024167129003452 0.007024167129003468 0.9367824958389673 0.007024167129003463 0.007024167129003468 0.007024167129003471 0.0070241671290035 0.007024167129003517 0.007024167129003469 0.007024167129003473 
0.009455277205468002 0.009455277205467977 0.9149025051507891 0.009455277205468002 0.009455277205468002 0.009455277205468023 0.009455277205468036 0.009455277205467995 0.009455277205467986 0.009455277205467951 
1.9888719289961376E-4 1.988871929008564E-4 0.023745909608317694 1.9888719289961362E-4 0.9746629928484859 1.9888719289961392E-4 1.9888719289961205E-4 1.9888719289961327E-4 1.9888719289961316E-4 1.988871928996126E-4 
0.022935846709945324 0.022935846709945314 0.7935773796104922 0.0229358467099453 0.02293584670994531 0.022935846709945334 0.02293584670994527 0.022935846709945286 0.022935846709945334 0.02293584670994535 
0.010512452523518245 0.010512452523518243 0.9053879272883546 0.010512452523518127 0.010512452523518248 0.010512452523518238 0.010512452523518167 0.010512452523518246 0.010512452523518232 0.010512452523518236 
0.009153077653825909 0.009153077653825902 0.9111196069941694 0.009153077653825939 0.009153077653825926 0.009153077653825876 0.00915307765382592 0.009153077653825814 0.009153077653825878 0.015655771775225803 
0.03991244016940673 0.03991244016940674 0.4970001015902275 0.15360257305685043 0.039912440169406746 0.0700102441670496 0.0399124401694067 0.03991244016940674 0.03991244016940674 0.03991244016940674 
0.09398703295171554 0.014897697868855411 0.7868313840974008 0.014897697868855416 0.014897697868855416 0.014897697868855387 0.014897697868855411 0.0148976978688554 0.014897697868855394 0.014897697868855368 
0.004776622109656874 0.004776622109656941 0.9012548145657769 0.0047766221096569115 0.004776622109656991 0.00477662210965691 0.00477662210965687 0.00477662210965693 0.004776622109656972 0.06053220855692079 
0.040174019006844 0.04017401900684399 0.6384338289384283 0.04017401900684398 0.04017401900684399 0.04017401900684402 0.04017401900684399 0.04017401900684395 0.040174019006843927 0.04017401900684399 
0.010723585356683402 0.010723585356683406 0.7960529117384337 0.01072358535668341 0.010723585356683408 0.010723585356683388 0.01072358535668343 0.010723585356683425 0.01072358535668342 0.1181584054081361 
0.028560921246692617 0.028560921246692617 0.7429517087797665 0.02856092124669265 0.028560921246692576 0.028560921246692628 0.028560921246692614 0.028560921246692617 0.028560921246692652 0.028560921246692628 
0.020607710826530307 0.008439481928093795 0.9118764337487197 0.00843948192809377 0.008439481928093759 0.008439481928093743 0.008439481928093793 0.008439481928093804 0.008439481928093781 0.008439481928093821 
0.031188644092482082 0.03118864409248211 0.7193022031676372 0.031188644092482065 0.031188644092482086 0.03118864409248212 0.03118864409248202 0.031188644092482086 0.031188644092482082 0.031188644092482086 
0.007669357027926793 0.007669357027926817 0.9309757867486077 0.007669357027926831 0.0076693570279268665 0.007669357027926813 0.007669357027926776 0.007669357027926817 0.007669357027926822 0.007669357027926802 
0.007452420117607539 0.007452420117607526 0.9298338543787524 0.007452420117607531 0.007452420117607476 0.010546784680387531 0.007452420117607537 0.0074524201176075005 0.007452420117607556 0.007452420117607495 
0.020694790069178036 0.020694790069178057 0.8137468893773975 0.020694790069178032 0.02069479006917805 0.020694790069178046 0.020694790069178057 0.020694790069178046 0.020694790069178067 0.020694790069177987 
0.017145199573385506 0.01714519957338551 0.8456932038395211 0.017145199573385502 0.017145199573385506 0.017145199573385488 0.01714519957338551 0.017145199573385526 0.017145199573385547 0.017145199573385516 
0.023324790584758958 0.02332479058475897 0.7900768847371308 0.023324790584758955 0.023324790584758885 0.023324790584758993 0.023324790584758972 0.023324790584758965 0.02332479058475898 0.02332479058475891 
0.006971900521480055 0.00697190052148004 0.9320380735152132 0.006971900521480062 0.006971900521480014 0.006971900521480051 0.006971900521480124 0.006971900521480065 0.006971900521480017 0.012186722312903006 
0.04285804874276187 0.04285804874276187 0.3954619495907837 0.04285804874276186 0.20463218309449832 0.07294880022694838 0.04285804874276187 0.04285804874276187 0.042858048742761876 0.06980877463118852 
0.0394405900176281 0.0394405900176281 0.6450346898413473 0.03944059001762811 0.03944059001762811 0.03944059001762811 0.0394405900176281 0.03944059001762806 0.0394405900176281 0.0394405900176281 
0.04272238441327549 0.042722384413275506 0.6154985402805306 0.042722384413275506 0.042722384413275506 0.0427223844132755 0.042722384413275534 0.04272238441327549 0.042722384413275506 0.04272238441327552 
0.0066448666699798695 0.0066448666699798955 0.9401961999701468 0.006644866669979876 0.006644866669979902 0.006644866669979912 0.006644866669979876 0.006644866669979884 0.006644866669979901 0.006644866669979976 
0.012031605297781633 0.012031605297781588 0.7823115376128692 0.012031605297781607 0.012031605297781599 0.012031605297781557 0.012031605297781616 0.012031605297781585 0.012031605297781604 0.12143562000481657 
0.09497873727925513 0.011642609322140469 0.8031688772784804 0.020354120187227976 0.011642609322140481 0.011642609322140467 0.011642609322140457 0.011642609322140484 0.011642609322140469 0.01164260932214047 
4.737256723156233E-4 4.7372567231561733E-4 0.035108593207956326 4.7372567231562037E-4 4.73725672315598E-4 4.7372567231468595E-4 4.7372567231576045E-4 4.737256723156192E-4 0.9611016014135182 4.737256723156192E-4 
0.008275844048366465 0.008275844048366458 0.9255174035647024 0.008275844048366445 0.008275844048366452 0.008275844048366433 0.008275844048366452 0.008275844048366454 0.00827584404836644 0.008275844048366425 
0.019028058100230567 0.019028058100230578 0.8162163123081423 0.03155922289001346 0.01902805810023057 0.019028058100230553 0.019028058100230505 0.019028058100230564 0.01902805810023058 0.019028058100230515 
0.003317728406775513 0.003317728406775574 0.9644003463078458 0.003317728406775598 0.0071131271664039595 0.0033177284067755844 0.003317728406775674 0.0033177284067755575 0.0033177284067755675 0.005262427678280682 
0.011370823027468337 0.0048191187001696105 0.941281396566497 0.00481911870016948 0.004819118700169603 0.010936336791191978 0.004819118700169626 0.004819118700169552 0.0048191187001696105 0.007496731413825073 
0.007544569654963672 0.007544569654963698 0.9269066687134434 0.007544569654963646 0.007544569654963595 0.012736774046847267 0.007544569654963653 0.007544569654963692 0.007544569654963673 0.00754456965496368 
0.007140070450140394 0.007140070450140805 0.187738930596485 0.7551405058023849 0.007140070450140385 0.007140070450140398 0.007140070450140384 0.007140070450140424 0.0071400704501401605 0.007140070450140391 
0.030984454992297086 0.03098445499229711 0.7211399050693122 0.030984454992297114 0.030984454992297093 0.030984454992297124 0.03098445499229711 0.030984454992297104 0.030984454992297045 0.03098445499229712 
0.03157025386340157 0.03157025386340155 0.7158677152293856 0.031570253863401586 0.03157025386340157 0.0315702538634016 0.03157025386340159 0.03157025386340157 0.03157025386340157 0.031570253863401544 
0.03337379264404973 0.03337379264404974 0.6996358662035307 0.03337379264404975 0.03337379264404976 0.03337379264404973 0.03337379264404974 0.03337379264404975 0.033373792644049764 0.03337379264404975 
0.005990214663920364 0.005990214663920321 0.946088068024717 0.005990214663920368 0.005990214663920423 0.0059902146639203395 0.005990214663920386 0.00599021466392037 0.005990214663920344 0.005990214663920387 
3.1772341304342217E-4 3.1772341304328963E-4 0.018169042525382824 3.177234130432893E-4 3.1772341304328925E-4 3.177234130432893E-4 3.177234130432891E-4 3.1772341304328583E-4 0.9792891701702692 3.1772341304330145E-4 
0.005739361622751975 0.005739361622752066 0.914251758076026 0.00573936162275204 0.005739361622751959 0.036438563789185696 0.0057393616227521295 0.005739361622752072 0.005739361622752066 0.009134146775524687 
0.037212016410864523 0.03721201641086443 0.26316665207539763 0.03721201641086445 0.03721201641086441 0.4257695274759057 0.03721201641086447 0.03721201641086447 0.03721201641086444 0.05057970557266065 
0.006192603805938733 0.006192603805938925 0.5602064693151023 0.3863366510695316 0.006192603805938673 0.006192603805938679 0.006192603805938667 0.006192603805938671 0.006192603805938656 0.010108652973680958 
0.008839264326533888 0.008839264326533815 0.9204466210612041 0.008839264326533864 0.00883926432653386 0.008839264326533851 0.00883926432653384 0.008839264326533841 0.008839264326533881 0.008839264326533858 
0.023411830647195674 0.023411830647195587 0.7892935241752781 0.023411830647195632 0.023411830647195656 0.023411830647195635 0.02341183064719569 0.02341183064719563 0.02341183064719564 0.023411830647195642 
0.009314093129880375 0.009314093129880394 0.9161731618311008 0.009314093129880328 0.009314093129880357 0.009314093129880366 0.009314093129880373 0.009314093129880324 0.009314093129880416 0.009314093129880305 
0.013029893308770489 0.013029893308770536 0.8827309602210652 0.013029893308770593 0.013029893308770493 0.013029893308770572 0.013029893308770555 0.013029893308770557 0.01302989330877057 0.013029893308770572 
0.06730588399439914 0.042882401630093464 0.5896349029648659 0.04288240163009345 0.042882401630093464 0.04288240163009346 0.04288240163009346 0.042882401630093485 0.04288240163009347 0.04288240163009345 
0.06441378226873717 0.06441378226873717 0.4202759595813654 0.06441378226873717 0.06441378226873717 0.06441378226873717 0.06441378226873717 0.06441378226873717 0.06441378226873717 0.06441378226873716 
0.010205551803639697 0.010205551803639685 0.8018235774988596 0.010205551803639683 0.010205551803639676 0.01020555180363964 0.010205551803639664 0.010205551803639665 0.010205551803639669 0.1165320080719386 
0.042924432907331694 0.042924432907331674 0.5792185114459183 0.04292443290733169 0.04292443290733169 0.04292443290733171 0.04292443290733168 0.04292443290733169 0.04292443290733171 0.07738602529542367 
0.04541683483194723 0.045416834831947236 0.5912484865124578 0.04541683483194728 0.045416834831947236 0.04541683483194722 0.04541683483194722 0.045416834831947236 0.04541683483194722 0.045416834831947264 
0.005733427321733614 0.005733427321733589 0.4282239823230064 0.5259085991032516 0.005733427321733594 0.005733427321733597 0.005733427321733579 0.005733427321733591 0.005733427321733624 0.00573342732173447 
0.009919350413348483 0.009919350413348437 0.9107258462798858 0.009919350413348436 0.009919350413348455 0.00991935041334845 0.009919350413348417 0.009919350413348502 0.009919350413348448 0.009919350413348425 
0.00698963448280098 0.006989634482800972 0.20205940306066345 0.7420235210769284 0.006989634482800972 0.006989634482800966 0.006989634482800969 0.006989634482800963 0.006989634482801078 0.006989634482800972 
0.05740488943375359 0.05740488943375358 0.48335599509621796 0.05740488943375358 0.05740488943375358 0.05740488943375358 0.05740488943375358 0.0574048894337536 0.05740488943375361 0.05740488943375357 
0.056498939121825874 0.05649893912182585 0.49150954790356716 0.056498939121825874 0.056498939121825874 0.05649893912182589 0.056498939121825874 0.05649893912182586 0.056498939121825874 0.056498939121825874 
0.016610779746414044 0.01661077974641405 0.8505029822822464 0.01661077974641405 0.016610779746414034 0.016610779746414034 0.016610779746414048 0.01661077974641401 0.016610779746414055 0.016610779746414086 
0.03097565034990455 0.030975650349904495 0.7212191468508595 0.03097565034990449 0.03097565034990449 0.030975650349904495 0.03097565034990448 0.030975650349904522 0.030975650349904495 0.030975650349904512 
0.006978647861431532 0.006978647861431582 0.7944410787980773 0.006978647861431501 0.006978647861431561 0.006978647861431544 0.006978647861431521 0.00697864786143154 0.006978647861431514 0.14972973831039155 
0.0273765940249287 0.027376594024928626 0.5236796905964587 0.027376594024928626 0.027376594024928626 0.02737659402492862 0.027376594024928622 0.02737659402492861 0.027376594024928633 0.25730755720413795 
0.011539094087414074 0.011539094087414197 0.8961481532133112 0.011539094087414136 0.011539094087414152 0.011539094087414194 0.011539094087414157 0.011539094087414194 0.011539094087414194 0.011539094087414178 
0.005874362922425385 0.005874362922425358 0.9471307336981715 0.0058743629224253455 0.005874362922425358 0.005874362922425301 0.005874362922425357 0.005874362922425288 0.005874362922425306 0.005874362922425363 
0.013576670517528725 0.013576670517528696 0.8778099653422137 0.01357667051752879 0.013576670517528703 0.013576670517528722 0.01357667051752869 0.013576670517528708 0.013576670517528698 0.013576670517528703 
0.05041714450583151 0.05041714450583149 0.546245699447492 0.05041714450583149 0.050417144505831485 0.050417144505831464 0.05041714450583149 0.050417144505831464 0.050417144505831485 0.0504171445058315 
0.030757835572961075 0.03075783557296103 0.6039218611473054 0.03075783557296105 0.051901616253616445 0.03075783557296104 0.030757835572960992 0.03075783557296101 0.03075783557296103 0.1288716735883917 
0.05534842543153504 0.05534842543153505 0.48196482802358903 0.05534842543153504 0.05534842543153504 0.055348425431535016 0.05534842543153504 0.05534842543153502 0.0752477685241348 0.05534842543153511 
0.010083087513821198 0.006248815915877412 0.9308051459572523 0.006248815915877439 0.009944823356739955 0.011674047676921553 0.006248815915877446 0.006248815915877445 0.006248815915877402 0.0062488159158774585 
0.015499970902756902 0.015499970902756916 0.8605002618751431 0.015499970902756911 0.015499970902756906 0.015499970902756892 0.01549997090275692 0.015499970902756911 0.015499970902756921 0.015499970902756911 
2.4280135407562134E-4 2.4280135407562126E-4 0.0037564141782667317 2.4280135407566525E-4 2.4280135407562172E-4 2.4280135407559378E-4 2.4280135407562172E-4 2.4280135407562148E-4 0.9943011749891282 2.4280135407562126E-4 
0.009934717835913445 0.00993471783591354 0.8070380736519016 0.009934717835913548 0.009934717835913539 0.009934717835913511 0.009934717835913626 0.009934717835913542 0.009934717835913546 0.11348418366080323 
0.006144286483031511 0.0061442864830316204 0.9447014216527145 0.006144286483031608 0.006144286483031613 0.006144286483031555 0.006144286483031557 0.006144286483031626 0.006144286483031639 0.006144286483031535 
0.030653070316722562 0.030653070316722587 0.707882447609637 0.03065307031672255 0.030653070316722535 0.030653070316722566 0.030653070316722566 0.030653070316722566 0.030653070316722566 0.046892989856582426 
0.00559562652835191 0.005595626528351908 0.9496393612447958 0.005595626528351957 0.005595626528351883 0.005595626528351905 0.005595626528351897 0.0055956265283519015 0.0055956265283518564 0.005595626528351896 
0.011453350577384558 0.011453350577384494 0.8969198448035397 0.011453350577384478 0.0114533505773845 0.0114533505773845 0.011453350577384494 0.011453350577384508 0.011453350577384478 0.011453350577384521 
0.016919122716932092 0.010488277578243723 0.8675485871585338 0.010488277578243733 0.01048827757824363 0.016519558300820424 0.036083066354272345 0.010488277578243761 0.01048827757824371 0.010488277578243731 
0.021747330085585895 0.02174733008558585 0.8042740292297577 0.021747330085585884 0.021747330085585926 0.021747330085585884 0.021747330085585884 0.02174733008558588 0.021747330085585912 0.021747330085585877 
0.004926885910830681 0.004926885910830672 0.9143087386627667 0.004926885910830677 0.004926885910830656 0.0049268859108306 0.0049268859108306685 0.004926885910830663 0.004926885910830642 0.04627617405073037 
0.006983085478237879 0.006983085478237824 0.9319411362574774 0.006983085478237821 0.006983085478237933 0.012194179916619766 0.006983085478237875 0.006983085478237864 0.006983085478237881 0.0069830854782378955 
0.056985683202772204 0.056985683202772204 0.4417398884170373 0.056985683202772204 0.056985683202772204 0.056985683202772204 0.0569856832027722 0.056985683202772204 0.056985683202772204 0.10237464596078501 
0.011693097906381287 0.011693097906381332 0.8876597230458712 0.011693097906381305 0.011693097906381294 0.011693097906381305 0.011693097906381324 0.011693097906381313 0.018795493703114178 0.011693097906381332 
0.012374881656000208 0.008357977146444054 0.906888324516959 0.008357977146444094 0.008357977146444028 0.008357977146444066 0.008357977146444052 0.008357977146444 0.008357977146444047 0.02223095380193245 
0.04573335589241626 0.04573335589241634 0.588399796968242 0.04573335589241633 0.04573335589241634 0.04573335589241634 0.04573335589241634 0.04573335589241634 0.04573335589241635 0.04573335589241631 
0.03488413352054528 0.03488413352054529 0.6860427983151068 0.03488413352054528 0.03488413352054528 0.034884133520545264 0.034884133520545244 0.034884133520545244 0.034884133520545264 0.034884133520545264 
0.04192160345884475 0.04192160345884475 0.4850891469778671 0.04192160345884475 0.17953802535138827 0.04192160345884469 0.04192160345884475 0.04192160345884475 0.04192160345884474 0.041921603458844735 
0.014446411922899036 0.008952909376953535 0.8975302072487469 0.008952909376953545 0.008952909376953554 0.021170440514375787 0.013135484052215183 0.008952909376953562 0.008952909376953547 0.008952909376953463 
0.003132009250089996 0.003132009250089932 0.34900671701585095 0.0031320092500899247 0.003132009250089957 0.005651918329729496 0.0031320092500899213 0.003132009250089938 0.6234172999037928 0.0031320092500899586 
0.005702113671478863 0.005702113671478877 0.9486809769566906 0.005702113671478851 0.005702113671478841 0.005702113671478852 0.005702113671478865 0.0057021136714789375 0.0057021136714788525 0.005702113671478849 
0.03129366634935655 0.031293666349356535 0.5794695662030293 0.03129366634935654 0.05121401547347209 0.03129366634935652 0.03129366634935654 0.03129366634935654 0.03129366634935656 0.15026075387804724 
0.004564485730520243 0.0045644857305203535 0.9589196284252787 0.004564485730520277 0.004564485730520306 0.004564485730520313 0.004564485730520321 0.0045644857305202945 0.004564485730520317 0.004564485730520255 
0.04580016448476084 0.045800164484760826 0.5757797077953295 0.04580016448476081 0.04580016448476085 0.045800164484760826 0.04580016448476084 0.04580016448476083 0.04580016448476084 0.05781897632656364 
0.016655639823264352 0.010321624631514304 0.9007713631246489 0.010321624631514226 0.010321624631514164 0.010321624631514195 0.010321624631514204 0.010321624631514195 0.010321624631514245 0.01032162463151418 
0.009399387841288766 0.009399387841288746 0.9108032412516094 0.00939938784128875 0.009399387841288754 0.009399387841288753 0.009399387841288735 0.009399387841288775 0.009399387841288761 0.014001656018045637 
0.00994957355634056 0.009949573556340302 0.8047120516236139 0.009949573556340184 0.009949573556340314 0.016352170876480356 0.10928876260544859 0.009949573556340354 0.009949573556340343 0.009949573556340383 
0.04656021697113711 0.04656021697113714 0.5247284288612262 0.04656021697113713 0.04656021697113712 0.1027898353696569 0.04656021697113714 0.04656021697113715 0.04656021697113714 0.04656021697113718 
0.009967790670427234 0.009967790670427254 0.9102898839661173 0.009967790670427214 0.009967790670427317 0.009967790670427213 0.009967790670427218 0.009967790670427197 0.009967790670427275 0.009967790670427294 
0.043533668848090394 0.043533668848090394 0.48034107548222255 0.043533668848090415 0.043533668848090415 0.1282477757370949 0.043533668848090415 0.043533668848090394 0.043533668848090394 0.08667546684405726 
0.052676891613041475 0.05267689161304149 0.5259079754826395 0.0526768916130415 0.05267689161304149 0.05267689161304149 0.05267689161304147 0.05267689161304149 0.05267689161304149 0.05267689161304149 
0.019003681375847882 0.019003681375847833 0.8161166230066097 0.019003681375847806 0.019003681375847806 0.03185392598660756 0.019003681375847854 0.019003681375847833 0.019003681375847865 0.019003681375847837 
0.012262258477274876 0.012262258477274848 0.8896396737045568 0.012262258477274872 0.012262258477274902 0.01226225847727491 0.012262258477274902 0.01226225847727487 0.012262258477274933 0.012262258477274928 
0.0069221496600354255 0.009027877587003574 0.9191526347378153 0.006922149660035487 0.00692214966003534 0.010625381848573355 0.00692214966003536 0.0069221496600354445 0.0069221496600354315 0.01966120786641252 
0.011825129140014955 0.014900383410980907 0.8699088762577993 0.011825129140014943 0.011825129140015047 0.011825129140014967 0.011825129140014955 0.011825129140014943 0.011825129140014934 0.032414836351082124 
0.016650082518078792 0.01665008251807876 0.8501492573372632 0.016650082518078778 0.016650082518078778 0.016650082518078743 0.016650082518078778 0.016650082518078743 0.01665008251807874 0.016650082518078733 
0.006135063113997831 0.0061350631139978065 0.9447844319740195 0.006135063113997835 0.0061350631139977735 0.006135063113997837 0.006135063113997813 0.006135063113997777 0.006135063113997856 0.006135063113997797 
0.008297594730452858 0.00829759473045288 0.9212496943828398 0.00829759473045291 0.00829759473045288 0.00829759473045291 0.01236954777353671 0.0082975947304529 0.008297594730452886 0.00829759473045286 
0.02735662024360401 0.027356620243603993 0.7537904178075645 0.0273566202436004 0.02735662024360397 0.027356620243603913 0.02735662024360399 0.027356620243603993 0.027356620243604 0.02735662024360396 
0.004655814217117172 0.00465581421711688 0.37411428469675234 0.5840252969316174 0.00465581421711688 0.004655814217116882 0.004655814217116881 0.004655814217116974 0.004655814217116875 0.009269718851768825 
0.006628924236061472 0.006628924236061168 0.9357954801142084 0.006628924236061148 0.006628924236061146 0.00662892423606118 0.006628924236061075 0.011173125997271136 0.00662892423606119 0.006628924236061158 
0.009072869079190046 0.014207999219115145 0.6184506828471668 0.2970738501925655 0.009072869079190037 0.009072869079190048 0.009072869079190022 0.00907286907919003 0.009072869079190008 0.01583025326590725 
0.005058741499153318 0.005058741499153342 0.9544713265076203 0.005058741499153314 0.005058741499153253 0.00505874149915332 0.005058741499153137 0.0050587414991533144 0.005058741499153356 0.00505874149915332 
0.009307560658125621 0.009307560658125658 0.9162319540768367 0.009307560658125645 0.009307560658125654 0.009307560658125625 0.009307560658125628 0.009307560658125663 0.009307560658125606 0.009307560658125703 
0.008513140586419969 0.00851314058641992 0.9233817347222212 0.008513140586419957 0.008513140586419922 0.008513140586419906 0.008513140586419944 0.008513140586419865 0.008513140586419934 0.008513140586419925 
0.016313748356467928 0.01631374835646792 0.8531762647917883 0.01631374835646799 0.016313748356467955 0.01631374835646797 0.016313748356467938 0.016313748356467955 0.016313748356467987 0.016313748356467934 
0.012619184028964385 0.008522978615291752 0.9191969870487017 0.008522978615291728 0.008522978615291752 0.00852297861529178 0.008522978615291712 0.008522978615291736 0.008522978615291736 0.008522978615291762 
0.008846099425334947 0.008846099425334975 0.9203851051719634 0.00884609942533495 0.008846099425335001 0.008846099425335036 0.008846099425334986 0.008846099425334965 0.008846099425334934 0.008846099425334975 
0.014727201110172467 0.01472720111017247 0.8592511389026866 0.022931252215879223 0.014727201110172446 0.014727201110172434 0.014727201110172394 0.01472720111017245 0.01472720111017246 0.01472720111017243 
0.009203304332213967 0.009203304332213967 0.8976923630805419 0.00920330433221394 0.009203304332213943 0.02868120226174638 0.009203304332213958 0.009203304332213945 0.009203304332213965 0.009203304332213967 
0.003982793646303327 0.003982793646303339 0.4062311119437855 0.55885339586008 0.003982793646303358 0.003982793646303374 0.003982793646303331 0.003982793646303325 0.003982793646303727 0.00703593667200993 
0.007422079540844185 0.007422079540844104 0.9301723276116397 0.010451036061585709 0.0074220795408441185 0.007422079540844105 0.007422079540844114 0.0074220795408441185 0.007422079540844105 0.007422079540844036 
0.008684748140046241 0.008684748140046218 0.9156837272382055 0.014838287641533079 0.008684748140046234 0.00868474814004622 0.008684748140046277 0.008684748140046218 0.008684748140046356 0.008684748140046232 
0.04260110211188546 0.04260110211188548 0.616590080993027 0.04260110211188555 0.042601102111885475 0.042601102111885475 0.042601102111885475 0.042601102111885475 0.04260110211188546 0.04260110211188546 
0.002927492389142243 0.002927492389142287 0.9736525684977325 0.0029274923891422834 0.002927492389142275 0.002927492389142227 0.002927492389142439 0.0029274923891422773 0.0029274923891422677 0.002927492389142245 
0.0178742966904236 0.008436313031551405 0.914635199057038 0.008436313031551342 0.008436313031551351 0.008436313031551339 0.008436313031551339 0.008436313031551339 0.008436313031551337 0.008436313031551294 
0.022010497246174095 0.022010497246174127 0.7961295624506229 0.022010497246174095 0.02201049724617411 0.02201049724617408 0.02201049724617409 0.022010497246174064 0.022010497246174102 0.027786459579984192 
0.04350127547435322 0.04350127547435322 0.38997479516578776 0.04350127547435322 0.1740176465390139 0.0961787727530052 0.0435012754743532 0.04350127547435323 0.07882113269608731 0.04350127547435322 
0.01541429212964276 0.01541429212964274 0.8612713708331644 0.01541429212964279 0.015414292129642756 0.01541429212964274 0.015414292129642756 0.015414292129642754 0.015414292129642793 0.015414292129642728 
0.05422330818979876 0.05422330818979875 0.48210932531489403 0.05422330818979875 0.05422330818979873 0.05422330818979869 0.08410420916669516 0.05422330818979875 0.05422330818979875 0.05422330818979875 
0.011689361366714161 0.011689361366714092 0.8947957476995798 0.011689361366714167 0.01168936136671413 0.011689361366714146 0.0116893613667141 0.011689361366714146 0.011689361366714153 0.011689361366714121 
0.02574527199296587 0.02574527199296598 0.7207603707327982 0.025745271992965994 0.05988994805857789 0.025745271992965967 0.039132777257861885 0.02574527199296599 0.02574527199296595 0.02574527199296594 
5.911353357160051E-4 5.911353357160051E-4 0.05604879501268506 5.911353357160067E-4 5.911353357158789E-4 5.911353357165649E-4 5.911353357160052E-4 5.91135335715999E-4 0.9392221223015823 5.911353357165071E-4 
4.8363975540855473E-4 4.836397554085563E-4 0.03471711889261849 8.159493518219679E-4 4.8363975540855397E-4 4.836397554088985E-4 4.8363975540855635E-4 4.836397554085519E-4 0.7669731999344425 0.1945918932886683 
7.376880967539345E-4 7.376880967538617E-4 0.06529467579347238 7.376880967539369E-4 0.9288038194324966 7.376880967539369E-4 7.376880967539467E-4 7.376880967539379E-4 7.376880967539362E-4 7.376880967539411E-4 
0.03921487585269545 0.039214875852695445 0.6470661173257648 0.03921487585269543 0.03921487585269545 0.03921487585269547 0.03921487585269543 0.03921487585269543 0.03921487585269545 0.03921487585269547 
0.007984180061412228 0.007984180061412154 0.9222641354816717 0.013862424027030291 0.007984180061412216 0.007984180061412214 0.007984180061412166 0.00798418006141219 0.00798418006141222 0.00798418006141221 
0.0062150924765099445 0.006215092476509916 0.9440641677114108 0.006215092476510038 0.006215092476509891 0.006215092476509932 0.0062150924765099575 0.006215092476509887 0.006215092476509954 0.006215092476509887 
0.015243189899227938 0.015243189899227957 0.7435892280428608 0.015243189899227927 0.015243189899227905 0.015243189899227938 0.015243189899227929 0.015243189899227929 0.015243189899227929 0.1344652527632647 
0.002723911452241977 0.0027239114522419837 0.2738929674600929 0.7021693737830603 0.002723911452242016 0.002723911452241992 0.002723911452241986 0.0027239114522422834 0.002723911452242059 0.004870278591155415 
0.013143391372513294 0.013143391372513344 0.8817094776473997 0.013143391372513339 0.013143391372513335 0.013143391372513358 0.01314339137251334 0.013143391372513313 0.013143391372513294 0.013143391372513299 
0.006620691107353062 0.006620691107353002 0.9404137800338236 0.006620691107353028 0.006620691107353032 0.0066206911073530515 0.006620691107352992 0.006620691107353055 0.006620691107353065 0.006620691107352944 
0.012617614982838758 0.012617614982838704 0.8864414651544692 0.012617614982838704 0.012617614982838676 0.012617614982838707 0.012617614982838721 0.012617614982838718 0.012617614982838681 0.012617614982838707 
0.007478806759807493 0.007478806759807473 0.9326907391617318 0.007478806759807521 0.007478806759807477 0.007478806759807436 0.007478806759807494 0.007478806759807499 0.007478806759807489 0.007478806759807522 
0.03752661309928652 0.03752661309928651 0.6301463696475024 0.037526613099286524 0.03752661309928653 0.06964072555820225 0.03752661309928653 0.03752661309928653 0.03752661309928653 0.03752661309928653 
0.002073077215090794 0.002073077215090793 0.13971998122680698 0.0020730772150907933 0.002073077215090794 0.002073077215090794 0.002073077215090793 0.0020730772150907937 0.0020730772150910817 0.8436954010525104 
0.006105682306566156 0.008113203521067439 0.9403211023541024 0.006105682306566198 0.006105682306566225 0.008825917978817478 0.006105682306566163 0.006105682306566242 0.006105682306566184 0.00610568230656619 
0.01690201109496163 0.008544635187092718 0.9050420763203052 0.01380026798278837 0.008544635187092774 0.008544635187092739 0.012987833479387857 0.008544635187092777 0.00854463518709276 0.008544635187092755 
0.02235258308120947 0.013053385925283918 0.8732203295165194 0.01305338592528388 0.013053385925283883 0.0130533859252839 0.013053385925283923 0.013053385925283873 0.013053385925283881 0.013053385925283866 
0.045315678026404856 0.04531567802640487 0.5921588977623802 0.04531567802640491 0.04531567802640487 0.04531567802640487 0.04531567802640487 0.04531567802640488 0.04531567802640487 0.04531567802640491 
0.012445380701211572 0.008127178935047096 0.9225371878183909 0.008127178935047065 0.008127178935047089 0.008127178935047101 0.008127178935047141 0.008127178935047092 0.008127178935047115 0.008127178935047025 
0.010331989507320422 0.010331989507320423 0.3156506782819766 0.601693405659429 0.010331989507320422 0.010331989507320184 0.010331989507320422 0.010331989507320416 0.010331989507320423 0.010331989507320371 
0.09033123745131809 0.061009586937104926 0.4215920670518536 0.06100958693710492 0.06100958693710492 0.06100958693710492 0.06100958693710492 0.06100958693710492 0.06100958693710492 0.06100958693710494 
0.003308016092437447 0.0033080160924373932 0.4460770956429614 0.5274587756175388 0.0033080160924374782 0.0033080160924374023 0.00330801609243742 0.0033080160924374167 0.0033080160924372722 0.0033080160924374427 
0.008486617595358575 0.008486617595358629 0.9102969235215927 0.008486617595358601 0.008486617595358579 0.02181013571553821 0.008486617595358617 0.008486617595358625 0.00848661759535855 0.008486617595358624 
0.021584274418658008 0.02158427441865789 0.7794780990201092 0.021584274418657897 0.02158427441865789 0.021584274418657907 0.021584274418657883 0.0215842744186579 0.021584274418657862 0.047847705630665725 
0.037259341172385635 0.03725934117238565 0.6646659294485376 0.03725934117238565 0.03725934117238565 0.03725934117238565 0.03725934117238565 0.037259341172385656 0.03725934117238565 0.037259341172385656 
0.004966135092824075 0.00496613509282406 0.9553047841646036 0.004966135092824018 0.004966135092824039 0.004966135092824113 0.004966135092824073 0.004966135092824046 0.004966135092824015 0.004966135092824046 
0.008751194537362441 0.008751194537362445 0.8391789332456087 0.013185170662058477 0.008751194537362384 0.008751194537362403 0.008751194537362438 0.008751194537362433 0.008751194537362403 0.08637753433067347 
6.513025472144507E-4 6.513025472147408E-4 0.03334882448346128 6.513025472144623E-4 6.513025472144503E-4 6.513025472144498E-4 6.513025472144494E-4 6.513025472144489E-4 0.9614407551388204 6.513025472144493E-4 
0.0070849536258764684 0.007084953625876423 0.9362354173670745 0.00708495362587646 0.0070849536258764745 0.007084953625876457 0.0070849536258764095 0.00708495362587644 0.007084953625876495 0.007084953625876462 
