0.1090628397713946 0.12564378003375018 0.09107023213999789 0.09188313021905621 0.09247350584605775 0.1671714835358859 0.12671644386811393 0.06998460585398115 0.04358262979297651 0.08241134893878654 
0.005808192007102384 0.8360946447049923 0.005808192007102312 0.0058081920071023545 0.1014090867204286 0.005808192007102389 0.005808192007102376 0.021838924524864044 0.005808192007102503 0.00580819200710226 
0.01878422081574239 0.7629265003856311 0.01878422081574239 0.018784220815742433 0.07049124316842861 0.01878422081574247 0.01878422081574239 0.035092710735743826 0.018784220815742384 0.01878422081574239 
0.008169187355575043 0.03140663926524053 0.008169187355575064 0.008169187355575109 0.9032398618901646 0.008169187355575038 0.008169187355575062 0.008169187355575057 0.008169187355575046 0.008169187355575017 
0.012831007070638025 0.22943948043955495 0.012831007070638036 0.012831007070637996 0.6679124629953043 0.012831007070638034 0.012831007070638022 0.012831007070638051 0.012831007070638034 0.012831007070638 
0.025912051356967804 0.7073695708189394 0.025912051356967794 0.02591205135696786 0.061896562747974615 0.025912051356967794 0.025912051356967787 0.04934950693425314 0.025912051356967787 0.025912051356967804 
5.344051017629666E-4 0.9951903540841344 5.344051017629588E-4 5.34405101762957E-4 5.344051017630888E-4 5.344051017634033E-4 5.344051017631828E-4 5.344051017629552E-4 5.34405101762955E-4 5.344051017624454E-4 
0.020113459984169624 0.17718856079300352 0.020113459984169656 0.020113459984169624 0.6619037593336883 0.020113459984169635 0.020113459984169572 0.02011345998416966 0.020113459984169645 0.02011345998416963 
0.033894712831174574 0.08046858938338397 0.03389471283117459 0.03389471283117455 0.6483737079672192 0.033894712831174616 0.033894712831174574 0.033894712831174706 0.033894712831174574 0.03389471283117457 
0.015196560347871075 0.015196560347871134 0.015196560347871067 0.015196560347871105 0.8632309568692333 0.015196560347871127 0.015196560347871079 0.015196560347871051 0.015196560347871105 0.015196560347871079 
0.00783127156073684 0.33727190740042906 0.007831271560736828 0.007831271560736767 0.5820588264360849 0.007831271560736758 0.007831271560736779 0.0258503652381136 0.00783127156073677 0.007831271560736815 
0.009374329457762596 0.11190079848458734 0.009374329457762558 0.00937432945776261 0.8131045658533373 0.009374329457762603 0.009374329457762605 0.009374329457762589 0.0093743294577626 0.009374329457762573 
0.04028695976509691 0.3945839796897954 0.04028695976509691 0.04028695976509691 0.2831203421894278 0.04028695976509691 0.04028695976509692 0.04028695976509689 0.04028695976509702 0.04028695976509691 
0.017017492035478893 0.12037808406465991 0.017017492035478924 0.017017492035478806 0.7310789499644144 0.01701749203547891 0.017017492035478917 0.029420521722534166 0.017017492035478924 0.017017492035478893 
0.0393207268538935 0.03932072685389356 0.03932072685389347 0.03932072685389347 0.6461134583149836 0.03932072685389348 0.0393207268538935 0.039320726853893484 0.0393207268538935 0.0393207268538935 
0.008235363874130467 0.015096478431429515 0.008235363874130529 0.008235363874130475 0.9190206105755261 0.008235363874130468 0.008235363874130512 0.008235363874130461 0.00823536387413045 0.008235363874130501 
0.013468760112821564 0.013468760112821603 0.013468760112821585 0.013468760112821578 0.8787811589846642 0.013468760112821578 0.01346876011282161 0.013468760112821585 0.013468760112821656 0.013468760112821594 
0.008787848161556347 0.008787848161556294 0.008787848161556304 0.00878784816155634 0.9024094406463089 0.008787848161556346 0.008787848161556288 0.027287774061240395 0.008787848161556313 0.008787848161556332 
0.0064866804726686 0.3074607552010396 0.006486680472668578 0.006486680472668565 0.640645801017802 0.006486680472668604 0.006486680472668674 0.0064866804726686055 0.006486680472668563 0.006486680472668586 
0.005229065099905808 0.009487096983842567 0.005229065099905818 0.0052290650999058325 0.9486803822169457 0.005229065099905804 0.0052290650999057995 0.005229065099905831 0.005229065099905749 0.005229065099905745 
0.0052382819232853215 0.00946828398545121 0.005238281923285301 0.005238281923285323 0.9486254606282358 0.005238281923285323 0.0052382819232852955 0.0052382819232854394 0.005238281923285435 0.0052382819232852824 
0.014014256577216774 0.15158909128837741 0.014014256577216782 0.014014256577216782 0.6879761472131568 0.014014256577216729 0.014014256577216798 0.06233496545791768 0.01401425657721678 0.014014256577216768 
0.005168020133675679 0.006973453867665528 0.005168020133675525 0.005168020133675553 0.9484143548003492 0.005168020133675529 0.005168020133675521 0.00843605039621023 0.0051680201336755304 0.005168020133675573 
0.009583188971717465 0.015609452571909266 0.009583188971717454 0.009583188971717472 0.907725035654328 0.009583188971717407 0.009583188971717489 0.009583188971717442 0.009583188971717485 0.009583188971717503 
0.010153523777796727 0.010153523777796707 0.010153523777796733 0.010153523777796715 0.90861828599983 0.010153523777796727 0.010153523777796722 0.010153523777796736 0.010153523777796705 0.01015352377779675 
0.01107214433572153 0.018565900484990953 0.011072144335721516 0.0110721443357215 0.8843479349171381 0.011072144335721545 0.011072144335721505 0.019581154247774273 0.011072144335721528 0.011072144335721505 
0.00727878270837918 0.015970494295823343 0.007278782708379132 0.007278782708379106 0.9214177003380698 0.007278782708379094 0.007278782708379163 0.01166032640745301 0.007278782708379246 0.0072787827083791445 
0.04196097640327261 0.04196097640327261 0.041960976403272635 0.04196097640327259 0.4512019302093027 0.04196097640327262 0.04196097640327262 0.21311025856452737 0.04196097640327262 0.041960976403272614 
0.0038927419626800038 0.5272416906312285 0.0038927419626799587 0.0038927419626799665 0.44161637366737155 0.0038927419626799786 0.0038927419626800385 0.0038927419626799595 0.003892741962680243 0.0038927419626799856 
0.022642230055329667 0.45015625574701723 0.02264223005532968 0.022642230055329685 0.342752694804027 0.022642230055329705 0.022642230055329685 0.04859543906164812 0.022642230055329685 0.022642230055329685 
0.029691126484689044 0.029691126484689044 0.029691126484689093 0.02969112648468907 0.7327798616377984 0.02969112648468906 0.02969112648468905 0.02969112648468907 0.029691126484689054 0.02969112648468907 
0.014980976288529485 0.014980976288529504 0.014980976288529456 0.014980976288529482 0.8651712134032101 0.01498097628852952 0.014980976288529499 0.01498097628852946 0.014980976288529504 0.01498097628852946 
0.004997201578858484 0.004997201578858478 0.004997201578858467 0.004997201578858509 0.8150718570524106 0.004997201578858504 0.004997201578858499 0.14495053031672187 0.004997201578858482 0.004997201578858496 
0.040987948847478646 0.04098794884747864 0.040987948847478646 0.04098794884747864 0.6041284111680153 0.04098794884747863 0.04098794884747863 0.06796799805217427 0.04098794884747864 0.04098794884747865 
0.010846959310140422 0.07088320230636792 0.010846959310140387 0.010846959310140384 0.8340051693549976 0.01084695931014038 0.010846959310140418 0.019182913167591777 0.01084695931014037 0.010846959310140403 
0.003929006652554681 0.003929006652554671 0.0039290066525546775 0.003929006652554669 0.9625302123868491 0.003929006652554631 0.003929006652554438 0.0060377343927127515 0.003929006652554702 0.003929006652554672 
0.012494365150621037 0.012494365150621061 0.012494365150621082 0.012494365150621052 0.8790493725662392 0.012494365150621068 0.01249436515062111 0.020995706228869787 0.012494365150621039 0.012494365150621042 
0.007024167129003429 0.007024167129003509 0.007024167129003473 0.007024167129003473 0.9367824958389656 0.0070241671290034585 0.007024167129003496 0.007024167129003483 0.007024167129003507 0.007024167129003488 
0.009455277205468043 0.017892218390237684 0.009455277205468 0.009455277205467905 0.9064655639660038 0.009455277205467995 0.00945527720546797 0.009455277205467998 0.009455277205468004 0.009455277205467981 
1.9888719289965488E-4 1.9888719289961316E-4 1.9888719289961072E-4 1.9888719289961303E-4 0.9982100152639036 1.9888719289961205E-4 1.9888719289962577E-4 1.9888719289961468E-4 1.988871928996842E-4 1.988871928996139E-4 
0.022935846709945317 0.0395934123633861 0.022935846709945366 0.02293584670994535 0.7627373215474115 0.022935846709945324 0.022935846709945328 0.03711833911958531 0.02293584670994529 0.022935846709945324 
0.010512452523518246 0.07867782259729465 0.010512452523518255 0.010512452523518241 0.837222557214564 0.010512452523518215 0.01051245252351826 0.010512452523518257 0.010512452523518276 0.010512452523518248 
0.009153077653825874 0.5804745506702462 0.009153077653825887 0.009153077653825916 0.34630082809919804 0.00915307765382589 0.009153077653825939 0.009153077653825892 0.009153077653825939 0.009153077653825867 
0.039912440169406746 0.039912440169406815 0.039912440169406746 0.03991244016940672 0.6407880384753043 0.03991244016940674 0.03991244016940677 0.03991244016940675 0.03991244016940673 0.03991244016940673 
0.014897697868855392 0.014897697868855407 0.014897697868855392 0.014897697868855406 0.8166251873563068 0.014897697868855387 0.014897697868855397 0.05439267092710714 0.024698256634518766 0.014897697868855423 
0.004776622109656928 0.32890383584005695 0.004776622109656904 0.004776622109656934 0.6328831872827363 0.004776622109656939 0.004776622109656915 0.004776622109656996 0.0047766221096569375 0.004776622109656969 
0.04017401900684399 0.04017401900684394 0.04017401900684399 0.04017401900684399 0.6384338289384286 0.04017401900684399 0.04017401900684399 0.04017401900684395 0.04017401900684399 0.04017401900684397 
0.010723585356683421 0.010723585356683423 0.0107235853566834 0.010723585356683435 0.9034877317898578 0.010723585356683444 0.01072358535668343 0.010723585356683458 0.010723585356683427 0.010723585356683345 
0.028560921246692617 0.02856092124669266 0.028560921246692607 0.028560921246692614 0.7429517087797666 0.028560921246692576 0.028560921246692614 0.028560921246692562 0.028560921246692617 0.028560921246692697 
0.008439481928093764 0.0084394819280938 0.008439481928093785 0.008439481928093797 0.9148095754214484 0.008439481928093824 0.00843948192809388 0.017674569153801698 0.008439481928093791 0.008439481928093795 
0.031188644092482076 0.031188644092482055 0.031188644092482082 0.031188644092482065 0.719302203167627 0.031188644092482065 0.031188644092482065 0.031188644092482048 0.031188644092482082 0.031188644092482076 
0.007669357027926821 0.007669357027926862 0.007669357027926829 0.007669357027926778 0.9309757867486101 0.007669357027926826 0.007669357027926809 0.007669357027926853 0.007669357027926762 0.007669357027926847 
0.007452420117607528 0.013444308692524663 0.007452420117607508 0.0074524201176073895 0.9197773911433236 0.007452420117607479 0.007452420117607484 0.014611359340899532 0.0074524201176075534 0.007452420117607501 
0.020694790069178032 0.02069479006917816 0.02069479006917805 0.020694790069178043 0.8137468893773978 0.02069479006917804 0.020694790069178005 0.020694790069178078 0.020694790069177984 0.020694790069178036 
0.017145199573385513 0.029884396728595504 0.017145199573385495 0.017145199573385502 0.83295400668431 0.01714519957338551 0.01714519957338551 0.017145199573385523 0.017145199573385523 0.01714519957338554 
0.02332479058475898 0.362866043031158 0.023324790584758975 0.023324790584758972 0.4505356322907314 0.023324790584758972 0.023324790584758975 0.023324790584758958 0.023324790584758986 0.023324790584758965 
0.006971900521480057 0.43145074122967064 0.006971900521480036 0.006971900521480046 0.5127740545984967 0.0069719005214800515 0.0069719005214800445 0.006971900521480046 0.006971900521480079 0.0069719005214800445 
0.04285804874276187 0.04285804874276184 0.04285804874276187 0.042858048742761855 0.596540599768684 0.04285804874276187 0.04285804874276187 0.06059501028922129 0.04285804874276187 0.042858048742761855 
0.0394405900176281 0.03944059001762811 0.0394405900176281 0.03944059001762811 0.6450346898413468 0.039440590017628056 0.0394405900176281 0.0394405900176281 0.0394405900176281 0.03944059001762811 
0.042722384413275506 0.04272238441327552 0.042722384413275506 0.042722384413275506 0.6154985402805261 0.042722384413275506 0.042722384413275506 0.04272238441327549 0.042722384413275506 0.042722384413275506 
0.006644866669979858 0.058411928626314245 0.0066448666699799016 0.006644866669979911 0.8884291380137983 0.006644866669979882 0.006644866669979881 0.00664486666997991 0.006644866669979856 0.006644866669979911 
0.01203160529778159 0.01903781485707201 0.012031605297781621 0.012031605297781557 0.8847093427606313 0.012031605297781685 0.012031605297781599 0.012031605297781566 0.012031605297781604 0.012031605297781587 
0.011642609322140474 0.158629949681534 0.011642609322140497 0.011642609322140453 0.6658812761347521 0.011642609322140464 0.01164260932214053 0.09036200679172932 0.015271111458967913 0.011642609322140467 
4.7372567231561614E-4 0.9897963362462684 4.73725672315618E-4 4.7372567231561495E-4 0.00641385837520784 4.737256723156963E-4 4.737256723156187E-4 4.7372567231561977E-4 4.7372567231563457E-4 4.7372567231572624E-4 
0.008275844048366465 0.008275844048366473 0.008275844048366423 0.008275844048366473 0.925517403564702 0.008275844048366463 0.00827584404836646 0.008275844048366468 0.008275844048366551 0.008275844048366555 
0.0190280581002306 0.019028058100230533 0.019028058100230547 0.019028058100230557 0.8287474770979248 0.019028058100230553 0.01902805810023059 0.019028058100230557 0.019028058100230564 0.019028058100230557 
0.0033177284067755675 0.0033177284067755376 0.0033177284067755354 0.003317728406775574 0.9701404443389826 0.003317728406775573 0.003317728406775562 0.003317728406775603 0.003317728406775486 0.003317728406775654 
0.00481911870016954 0.004819118700169495 0.004819118700169566 0.004819118700169568 0.9548717483496277 0.004819118700169606 0.004819118700169619 0.006575302049015308 0.00481911870016948 0.004819118700169487 
0.007544569654963689 0.00754456965496368 0.007544569654963643 0.007544569654963623 0.9320988731053268 0.0075445696549636425 0.007544569654963645 0.007544569654963661 0.007544569654963801 0.007544569654963639 
0.0071400704501403895 0.007140070450140406 0.0071400704501403895 0.007140070450140382 0.9357393659487363 0.007140070450140388 0.007140070450140385 0.007140070450140319 0.0071400704501403895 0.007140070450140382 
0.0309844549922971 0.030984454992297093 0.03098445499229712 0.030984454992297114 0.7211399050693164 0.030984454992297104 0.030984454992297142 0.0309844549922971 0.030984454992297076 0.0309844549922971 
0.03157025386340158 0.03157025386340157 0.03157025386340158 0.03157025386340158 0.7158677152293856 0.03157025386340157 0.03157025386340158 0.03157025386340147 0.03157025386340157 0.03157025386340157 
0.03337379264404976 0.03337379264404974 0.03337379264404974 0.03337379264404976 0.6996358662035355 0.03337379264404979 0.03337379264404973 0.03337379264404971 0.03337379264404974 0.033373792644049764 
0.005990214663920401 0.0059902146639203326 0.005990214663920399 0.005990214663920354 0.9425423747815925 0.00599021466392029 0.005990214663920348 0.009535907907044937 0.005990214663920203 0.0059902146639203725 
3.1772341304329434E-4 0.9956168728853165 3.1772341304328735E-4 3.177234130430951E-4 0.0016194410300947567 3.1772341304328974E-4 3.177234130433134E-4 5.396221932858667E-4 3.177234130432883E-4 3.177234130430579E-4 
0.005739361622752046 0.005739361622752057 0.0057393616227520315 0.0057393616227520506 0.9483457453952313 0.005739361622752082 0.005739361622752055 0.005739361622752018 0.005739361622752028 0.005739361622752034 
0.037212016410864454 0.03721201641086444 0.037212016410864426 0.03721201641086444 0.3678141948430383 0.03721201641086447 0.037212016410864454 0.33448967387006556 0.037212016410864454 0.037212016410864454 
0.0061926038059386835 0.00619260380593869 0.0061926038059386445 0.0061926038059386766 0.938798854432068 0.006192603805938625 0.006192603805938673 0.011660315120422524 0.006192603805938697 0.00619260380593863 
0.008839264326533834 0.01964545785309177 0.008839264326533867 0.008839264326533824 0.9096404275346455 0.008839264326533836 0.00883926432653383 0.008839264326533824 0.008839264326533825 0.008839264326533824 
0.023411830647195635 0.11023819579878481 0.02341183064719561 0.02341183064719562 0.7024671590236601 0.023411830647195684 0.023411830647195576 0.023411830647195642 0.02341183064719562 0.02341183064719565 
0.009314093129880373 0.3747736533113629 0.009314093129880387 0.00931409312988029 0.5507136016495866 0.009314093129880402 0.00931409312988038 0.00931409312988033 0.009314093129880342 0.009314093129880406 
0.013029893308770621 0.01302989330877064 0.013029893308770569 0.013029893308770604 0.8827309602210652 0.01302989330877057 0.01302989330877055 0.013029893308770586 0.013029893308770565 0.013029893308770668 
0.042882401630093464 0.042882401630093506 0.042882401630093464 0.04288240163009349 0.584159132012685 0.04288240163009346 0.042882401630093464 0.07278165494657549 0.042882401630093464 0.042882401630093464 
0.06441378226873717 0.06441378226873719 0.06441378226873717 0.06441378226873717 0.4202759595813654 0.06441378226873717 0.06441378226873717 0.06441378226873719 0.06441378226873717 0.06441378226873716 
0.01020555180363967 0.010205551803639698 0.010205551803639676 0.010205551803639587 0.9081500337672243 0.010205551803639665 0.010205551803639665 0.01020555180363967 0.01020555180363968 0.010205551803639693 
0.04292443290733169 0.04292443290733166 0.042924432907331674 0.04292443290733169 0.6136801038340096 0.04292443290733169 0.04292443290733169 0.04292443290733163 0.04292443290733169 0.04292443290733169 
0.045416834831947236 0.04541683483194723 0.04541683483194722 0.04541683483194723 0.5912484865124715 0.045416834831947236 0.045416834831947236 0.04541683483194726 0.04541683483194722 0.04541683483194723 
0.005733427321733585 0.005733427321733582 0.00573342732173359 0.005733427321733589 0.9483991541043986 0.0057334273217335965 0.00573342732173359 0.00573342732173447 0.005733427321733591 0.005733427321733582 
0.009919350413348486 0.009919350413348398 0.009919350413348458 0.009919350413348498 0.9107258462798802 0.009919350413348425 0.009919350413348443 0.009919350413348453 0.009919350413348434 0.009919350413348436 
0.006989634482800972 0.006989634482800963 0.006989634482800969 0.006989634482800968 0.9370932896547913 0.006989634482800969 0.006989634482800971 0.0069896344828009604 0.006989634482800968 0.006989634482800968 
0.05740488943375358 0.05740488943375358 0.05740488943375357 0.05740488943375358 0.43614954939992023 0.05740488943375359 0.05740488943375358 0.10461133513005223 0.05740488943375359 0.05740488943375358 
0.056498939121825874 0.056498939121825874 0.056498939121825874 0.05649893912182588 0.49150954790356716 0.056498939121825874 0.056498939121825874 0.056498939121825874 0.056498939121825874 0.056498939121825874 
0.016610779746414013 0.01661077974641405 0.016610779746414093 0.016610779746414072 0.8424410919166502 0.016610779746414044 0.016610779746414055 0.024672670111971343 0.01661077974641406 0.016610779746414013 
0.0309756503499045 0.05490343069973295 0.0309756503499045 0.0309756503499045 0.6972913665010312 0.03097565034990451 0.030975650349904547 0.03097565034990452 0.0309756503499045 0.0309756503499045 
0.0069786478614315434 0.21320396664662297 0.006978647861431536 0.0069786478614315495 0.730966850461848 0.006978647861431517 0.006978647861431549 0.006978647861431523 0.006978647861431562 0.006978647861431552 
0.027376594024928643 0.0273765940249286 0.027376594024928626 0.027376594024928577 0.7536106537756424 0.027376594024928636 0.027376594024928626 0.02737659402492862 0.027376594024928622 0.027376594024928636 
0.011539094087414162 0.011539094087414067 0.011539094087414194 0.011539094087414178 0.8961481532133075 0.011539094087414178 0.011539094087414197 0.01153909408741418 0.01153909408741413 0.01153909408741418 
0.005874362922425347 0.005874362922424786 0.005874362922425317 0.005874362922425339 0.9394797340299949 0.005874362922425353 0.005874362922425315 0.013525362590603102 0.005874362922425299 0.005874362922425288 
0.013576670517528703 0.02899163737717789 0.01357667051752863 0.013576670517528703 0.8623949984825631 0.013576670517528734 0.013576670517528677 0.013576670517528708 0.013576670517528689 0.013576670517528677 
0.0504171445058315 0.05041714450583155 0.05041714450583148 0.05041714450583149 0.5462456994474874 0.05041714450583149 0.05041714450583149 0.05041714450583149 0.050417144505831485 0.050417144505831485 
0.03075783557296103 0.03075783557296102 0.03075783557296104 0.030757835572961037 0.6241412171012048 0.03075783557296103 0.03075783557296103 0.12979609831511404 0.030757835572961013 0.03075783557296102 
0.05534842543153504 0.09092395924867303 0.05534842543153504 0.05534842543153504 0.43290627785194025 0.05534842543153504 0.05534842543153504 0.08873078487864214 0.05534842543153504 0.05534842543153505 
0.006248815915877479 0.023263477035668226 0.006248815915877439 0.006248815915877432 0.9190802877377074 0.006248815915877434 0.006248815915877434 0.013914523815482017 0.006248815915877399 0.006248815915877459 
0.0154999709027569 0.015499970902756949 0.015499970902756911 0.015499970902756916 0.8605002618751642 0.01549997090275693 0.015499970902756906 0.015499970902756972 0.015499970902756911 0.015499970902756925 
2.4280135407562134E-4 0.9976620307530074 2.428013540757038E-4 2.4280135407562164E-4 3.9555841438737767E-4 2.4280135407563945E-4 2.4280135407562142E-4 2.4280135407562156E-4 2.428013540756217E-4 2.4280135407558846E-4 
0.009934717835913535 0.017358213334971864 0.009934717835913542 0.009934717835913544 0.903164043977717 0.00993471783591357 0.00993471783591356 0.009934717835913558 0.009934717835913561 0.009934717835913532 
0.006144286483031582 0.006144286483031632 0.006144286483031626 0.006144286483031605 0.9447014216527148 0.006144286483031601 0.006144286483031622 0.006144286483031634 0.0061442864830316525 0.0061442864830316074 
0.030653070316722555 0.030653070316722555 0.030653070316722555 0.03065307031672243 0.7179917530861523 0.030653070316722555 0.030653070316722524 0.03678368438006704 0.03065307031672261 0.030653070316722587 
0.0055956265283518755 0.005595626528351913 0.005595626528351888 0.005595626528351879 0.9496393612448047 0.005595626528351918 0.0055956265283519145 0.005595626528351899 0.00559562652835192 0.005595626528351894 
0.011453350577384487 0.011453350577384452 0.011453350577384523 0.01145335057738449 0.8969198448035397 0.011453350577384502 0.011453350577384466 0.011453350577384454 0.011453350577384495 0.011453350577384485 
0.010488277578243714 0.20611088543022876 0.010488277578243757 0.01048827757824375 0.6971212036664276 0.010488277578243726 0.010488277578243726 0.02334996785562035 0.010488277578243721 0.010488277578243744 
0.021747330085585877 0.021747330085585864 0.021747330085585895 0.021747330085585905 0.8042740292297416 0.02174733008558591 0.021747330085585898 0.021747330085585884 0.021747330085585884 0.0217473300855859 
0.004926885910830672 0.508390753174116 0.004926885910830656 0.004926885910830646 0.4521941595392713 0.004926885910830641 0.004926885910830657 0.004926885910830655 0.0049268859108308125 0.0049268859108306685 
0.006983085478237915 0.006983085478237904 0.006983085478237945 0.006983085478237844 0.9330524152264881 0.006983085478237846 0.006983085478237901 0.011082900947608802 0.006983085478237901 0.006983085478237907 
0.056985683202772204 0.056985683202772204 0.056985683202772204 0.056985683202772204 0.4871288511750503 0.056985683202772204 0.056985683202772204 0.056985683202772204 0.056985683202772204 0.056985683202772204 
0.01169309790638134 0.01169309790638129 0.011693097906381294 0.01169309790638134 0.894762118842588 0.011693097906381275 0.01169309790638129 0.011693097906381298 0.011693097906381346 0.011693097906381312 
0.008357977146444021 0.008357977146444056 0.008357977146444026 0.008357977146444064 0.9196492113513783 0.008357977146444054 0.008357977146444045 0.013486971477069265 0.008357977146444057 0.008357977146444026 
0.04573335589241634 0.04573335589241636 0.04573335589241634 0.04573335589241634 0.588399796968245 0.04573335589241634 0.045733355892416346 0.04573335589241632 0.04573335589241632 0.04573335589241634 
0.03488413352054528 0.034884133520545334 0.03488413352054528 0.03488413352054525 0.6860427983151128 0.03488413352054526 0.03488413352054525 0.03488413352054528 0.034884133520545264 0.034884133520545264 
0.04192160345884475 0.04192160345884475 0.04192160345884474 0.041921603458844756 0.6015483695047216 0.04192160345884475 0.04192160345884475 0.06307880282451546 0.04192160345884472 0.04192160345884475 
0.008952909376953496 0.013135484052215193 0.008952909376953503 0.008952909376953554 0.9097477383861903 0.008952909376953535 0.008952909376953538 0.01444641192289901 0.008952909376953535 0.008952909376953545 
0.0031320092500899885 0.0031320092500899525 0.0031320092500899677 0.0031320092500899325 0.9718119167492122 0.003132009250089962 0.00313200925009008 0.0031320092500899503 0.003132009250089932 0.0031320092500899364 
0.0057021136714788204 0.0057021136714788265 0.0057021136714788465 0.00570211367147883 0.944147979272621 0.005702113671478848 0.005702113671478861 0.010235111355548646 0.005702113671478848 0.005702113671478835 
0.03129366634935651 0.03129366634935655 0.0312936663493565 0.03129366634935656 0.7183570028557961 0.03129366634935654 0.031293666349356576 0.03129366634935656 0.03129366634935654 0.03129366634935655 
0.0045644857305203205 0.0045644857305202685 0.004564485730520375 0.00456448573052028 0.9589196284252899 0.004564485730520291 0.0045644857305203205 0.004564485730520367 0.004564485730520323 0.004564485730520336 
0.04580016448476083 0.04580016448476083 0.04580016448476083 0.045800164484760826 0.5877985196371419 0.04580016448476081 0.04580016448476084 0.04580016448476084 0.045800164484760805 0.045800164484760826 
0.010321624631514205 0.010321624631514176 0.010321624631514226 0.010321624631514223 0.9071053783163843 0.010321624631514089 0.010321624631514176 0.010321624631514193 0.01032162463151415 0.010321624631514212 
0.009399387841288756 0.009399387841288792 0.009399387841288772 0.009399387841288761 0.9154055094283969 0.009399387841288714 0.009399387841288768 0.009399387841288801 0.009399387841288746 0.009399387841288825 
0.009949573556340326 0.14763531177740205 0.009949573556340333 0.009949573556340349 0.7670432638621607 0.009949573556340336 0.009949573556340343 0.015674409465912385 0.009949573556340324 0.009949573556340411 
0.04656021697113715 0.04656021697113717 0.04656021697113714 0.04656021697113717 0.5809580472597532 0.04656021697113712 0.04656021697113714 0.04656021697113714 0.04656021697113714 0.046560216971137144 
0.009967790670427213 0.022873965594191838 0.009967790670427227 0.009967790670427213 0.8766795321521816 0.009967790670427242 0.009967790670427175 0.03067196756058997 0.009967790670427235 0.00996779067042724 
0.043533668848090394 0.043533668848090394 0.043533668848090394 0.04353366884809042 0.5749938219526026 0.043533668848090394 0.043533668848090366 0.06803009349306274 0.052240402617708466 0.04353366884809038 
0.05267689161304149 0.052676891613041496 0.05267689161304147 0.05267689161304149 0.5259079754826551 0.05267689161304149 0.052676891613041475 0.05267689161304146 0.052676891613041496 0.052676891613041475 
0.019003681375847827 0.01900368137584783 0.019003681375847833 0.01900368137584769 0.8289668676173693 0.01900368137584785 0.019003681375847833 0.01900368137584783 0.019003681375847837 0.019003681375847813 
0.012262258477274903 0.012262258477274876 0.012262258477274862 0.01226225847727493 0.8896396737045522 0.012262258477274888 0.012262258477274919 0.012262258477274761 0.012262258477274846 0.012262258477274902 
0.00692214966003544 0.0069221496600354185 0.00692214966003546 0.006922149660035392 0.9377006530596739 0.006922149660035431 0.006922149660035428 0.006922149660035364 0.006922149660035424 0.006922149660035352 
0.011825129140014917 0.011825129140014908 0.011825129140014932 0.011825129140014922 0.8935738377398581 0.011825129140014892 0.011825129140014918 0.011825129140014951 0.011825129140014946 0.011825129140015038 
0.016650082518078764 0.016650082518078767 0.01665008251807875 0.016650082518078743 0.8501492573372736 0.016650082518078733 0.01665008251807875 0.01665008251807875 0.016650082518078743 0.016650082518078764 
0.006135063113997819 0.006135063113997802 0.00613506311399781 0.006135063113997746 0.9393675257654698 0.0061350631139977935 0.006135063113997781 0.01155196932254753 0.0061350631139977865 0.006135063113997802 
0.008297594730452903 0.008297594730452907 0.008297594730452827 0.00829759473045291 0.9253216474259238 0.008297594730452875 0.008297594730452886 0.00829759473045288 0.008297594730452969 0.008297594730452895 
0.027356620243603986 0.027356620243604014 0.02735662024360399 0.02735662024360398 0.7537904178075644 0.02735662024360399 0.027356620243603975 0.027356620243603903 0.027356620243604027 0.02735662024360399 
0.004655814217116871 0.004655814217116877 0.004655814217116864 0.004655814217116866 0.9580976720459481 0.0046558142171168925 0.0046558142171168925 0.004655814217116877 0.00465581421711688 0.004655814217116906 
0.006628924236061161 0.006628924236061129 0.006628924236061173 0.006628924236061164 0.9403396818754363 0.00662892423606114 0.006628924236061167 0.00662892423606123 0.006628924236061135 0.006628924236061184 
0.009072869079190051 0.015328267695247028 0.009072869079190034 0.009072869079190027 0.9120887796712229 0.009072869079189938 0.009072869079190056 0.009072869079190039 0.009072869079190136 0.009072869079190068 
0.005058741499153163 0.005058741499153323 0.005058741499153157 0.00505874149915332 0.9544713265076201 0.0050587414991533205 0.0050587414991533205 0.005058741499153321 0.0050587414991533014 0.005058741499153345 
0.00930756065812564 0.009307560658125612 0.009307560658125618 0.009307560658125673 0.9108639110718777 0.009307560658125588 0.009307560658125647 0.014675603663091749 0.009307560658125607 0.009307560658125593 
0.008513140586419938 0.008513140586419929 0.008513140586419917 0.008513140586419844 0.923381734722221 0.00851314058641994 0.008513140586419936 0.00851314058641994 0.008513140586419969 0.008513140586419922 
0.016313748356467938 0.016313748356467903 0.01631374835646793 0.01631374835646792 0.8531762647917885 0.016313748356467938 0.01631374835646794 0.01631374835646792 0.016313748356467945 0.016313748356467907 
0.008522978615291759 0.008522978615291787 0.008522978615291752 0.008522978615291797 0.9180085600410599 0.008522978615291723 0.00852297861529174 0.013807611036606075 0.00852297861529176 0.008522978615291946 
0.008846099425334982 0.008846099425335006 0.008846099425334994 0.008846099425334954 0.9203851051719791 0.008846099425334982 0.00884609942533497 0.008846099425334963 0.00884609942533497 0.008846099425335006 
0.01472720111017243 0.014727201110172436 0.014727201110172455 0.01472720111017244 0.8674551900084125 0.01472720111017246 0.014727201110172457 0.014727201110172406 0.01472720111017241 0.0147272011101724 
0.009203304332213957 0.021751606519473214 0.009203304332213957 0.009203304332213945 0.9046219588228153 0.009203304332213934 0.009203304332213951 0.009203304332213964 0.00920330433221392 0.009203304332213901 
0.003982793646303338 0.007135992045357161 0.003982793646303322 0.003982793646303377 0.9610016587842157 0.003982793646303326 0.0039827936463033235 0.0039827936463033104 0.003982793646303292 0.0039827936463033425 
0.007422079540844053 0.007422079540843993 0.007422079540844124 0.0074220795408441766 0.933201284132382 0.007422079540844117 0.007422079540844108 0.007422079540844121 0.007422079540844073 0.007422079540844167 
0.008684748140046253 0.008684748140046217 0.00868474814004626 0.008684748140046291 0.9129921794205195 0.008684748140046192 0.008684748140046264 0.0175298354591113 0.008684748140046236 0.008684748140046251 
0.042601102111885475 0.04260110211188546 0.042601102111885475 0.042601102111885475 0.6165900809930304 0.04260110211188547 0.04260110211188548 0.04260110211188554 0.042601102111885475 0.042601102111885475 
0.002927492389142272 0.002927492389142257 0.0029274923891422755 0.0029274923891422764 0.9712267982094207 0.0029274923891422755 0.002927492389142306 0.005353262677447661 0.002927492389142293 0.0029274923891422816 
0.008436313031551372 0.008436313031551438 0.008436313031551434 0.008436313031551308 0.9240731827159409 0.008436313031551332 0.008436313031551367 0.008436313031551316 0.008436313031551382 0.008436313031551353 
0.022010497246174113 0.02201049724617408 0.022010497246174095 0.022010497246174095 0.8019055247844332 0.022010497246174123 0.022010497246174102 0.02201049724617414 0.022010497246174095 0.022010497246174092 
0.0435012754743532 0.043501275474353236 0.0435012754743532 0.0435012754743532 0.6084885207308222 0.04350127547435322 0.04350127547435322 0.04350127547435322 0.04350127547435322 0.04350127547435322 
0.015414292129642767 0.015414292129642774 0.015414292129642767 0.015414292129642718 0.8612713708331872 0.01541429212964274 0.015414292129642713 0.015414292129642751 0.01541429212964271 0.015414292129642767 
0.05422330818979875 0.09331072885636475 0.05422330818979872 0.05422330818979876 0.4729028056252288 0.05422330818979875 0.05422330818979875 0.05422330818979871 0.05422330818979875 0.05422330818979875 
0.01168936136671415 0.011689361366714177 0.01168936136671413 0.01168936136671414 0.8852310552333695 0.011689361366714186 0.01168936136671415 0.021254053832934983 0.011689361366714118 0.011689361366714175 
0.025745271992965984 0.12645309544492228 0.025745271992966022 0.025745271992965942 0.6675847286113546 0.02574527199296593 0.025745271992965977 0.025745271992965963 0.02574527199296598 0.02574527199296598 
5.911353357160045E-4 0.970762529103683 5.911353357160082E-4 5.911353357160036E-4 0.024508388210581183 5.911353357162523E-4 5.911353357160038E-4 5.911353357165709E-4 5.911353357160064E-4 5.911353357159522E-4 
4.83639755408555E-4 0.7837930067899359 4.836397554085563E-4 4.8363975540855484E-4 0.21194563806274905 4.836397554084282E-4 4.836397554088413E-4 8.758768594535998E-4 4.8363975540855413E-4 4.8363975540852236E-4 
7.376880967539381E-4 7.376880967539382E-4 7.376880967539388E-4 7.376880967538039E-4 0.9933608071292146 7.376880967539327E-4 7.376880967539399E-4 7.376880967533695E-4 7.376880967539356E-4 7.376880967539355E-4 
0.03921487585269545 0.03921487585269545 0.039214875852695404 0.03921487585269545 0.6470661173257621 0.03921487585269545 0.03921487585269546 0.039214875852695494 0.03921487585269545 0.03921487585269545 
0.007984180061412233 0.00798418006141222 0.007984180061412204 0.007984180061412181 0.9281423794472903 0.007984180061412237 0.007984180061412138 0.007984180061412223 0.007984180061412185 0.007984180061412197 
0.006215092476509919 0.006215092476509863 0.006215092476509901 0.0062150924765099445 0.9440641677114108 0.006215092476509908 0.00621509247650997 0.006215092476509919 0.006215092476509939 0.006215092476509941 
0.015243189899227948 0.015243189899227978 0.015243189899227927 0.01524318989922796 0.8628112909069922 0.015243189899227929 0.015243189899227952 0.015243189899227984 0.015243189899227965 0.015243189899227941 
0.0027239114522419785 0.0044747924465512005 0.002723911452241987 0.002723911452241981 0.9737339159354832 0.0027239114522419876 0.0027239114522419365 0.0027239114522420913 0.002723911452241988 0.002723911452242048 
0.013143391372513314 0.013143391372513318 0.013143391372513333 0.01314339137251332 0.8817094776473875 0.013143391372513313 0.013143391372513321 0.013143391372513327 0.013143391372513332 0.013143391372513328 
0.006620691107353026 0.0066206911073530186 0.006620691107353088 0.006620691107352977 0.9404137800338233 0.006620691107352988 0.0066206911073530056 0.006620691107353076 0.00662069110735298 0.006620691107353048 
0.012617614982838707 0.012617614982838645 0.012617614982838718 0.01261761498283869 0.88644146515447 0.012617614982838712 0.012617614982838705 0.012617614982838695 0.012617614982838718 0.01261761498283871 
0.007478806759807487 0.015970252302608894 0.007478806759807469 0.007478806759807555 0.9241992936189314 0.007478806759807482 0.007478806759807499 0.00747880675980745 0.007478806759807501 0.007478806759807433 
0.03752661309928653 0.03752661309928653 0.03752661309928653 0.03752661309928648 0.6622604821064233 0.03752661309928653 0.03752661309928653 0.03752661309928647 0.037526613099286496 0.03752661309928652 
0.0020730772150912035 0.004426851399038751 0.0020730772150907933 0.002073077215090793 0.9789885308802359 0.0020730772150907937 0.0020730772150908887 0.0020730772150907985 0.002073077215090793 0.0020730772150907985 
0.00610568230656621 0.006105682306566186 0.006105682306566171 0.00610568230656611 0.945048859240876 0.006105682306566193 0.00610568230656619 0.006105682306566182 0.0061056823065661295 0.006105682306566208 
0.00854463518709275 0.012987833479389286 0.008544635187092692 0.008544635187092801 0.9081382939963469 0.008544635187092746 0.008544635187092751 0.01906142621461556 0.00854463518709274 0.008544635187092746 
0.013053385925283887 0.013053385925283854 0.013053385925283887 0.013053385925283887 0.8663593199063743 0.013053385925283875 0.0130533859252839 0.029213592691354946 0.013053385925283895 0.013053385925283862 
0.04531567802640487 0.04531567802640488 0.04531567802640488 0.04531567802640487 0.5921588977623579 0.045315678026404876 0.04531567802640487 0.04531567802640488 0.04531567802640486 0.045315678026404876 
0.008127178935047094 0.5573671656193726 0.008127178935047174 0.008127178935047098 0.37089117692682233 0.008127178935047094 0.008127178935047098 0.014851404908493774 0.008127178935047089 0.008127178935047085 
0.010331989507320392 0.010331989507320413 0.0103319895073204 0.010331989507320435 0.9070120944341042 0.010331989507320418 0.010331989507320415 0.010331989507321353 0.010331989507320411 0.01033198950732041 
0.06100958693710492 0.06100958693710492 0.06100958693710492 0.06100958693710492 0.4215920670518535 0.06100958693710492 0.06100958693710492 0.09033123745131814 0.06100958693710492 0.061009586937104926 
0.003308016092437437 0.0055678158345929644 0.0033080160924374427 0.0033080160924374366 0.9679680554258916 0.003308016092437629 0.0033080160924374236 0.0033080160924374396 0.003308016092437331 0.0033080160924374305 
0.008486617595358629 0.008486617595358646 0.00848661759535864 0.00848661759535863 0.9236204416417725 0.008486617595358598 0.008486617595358655 0.00848661759535872 0.008486617595358596 0.008486617595358617 
0.021584274418657914 0.02158427441865781 0.021584274418657984 0.021584274418657887 0.8057415302320631 0.021584274418657866 0.02158427441865789 0.021584274418657914 0.021584274418657894 0.0215842744186579 
0.037259341172385656 0.03725934117238564 0.03725934117238559 0.037259341172385635 0.6646659294485446 0.037259341172385656 0.03725934117238565 0.03725934117238565 0.03725934117238565 0.03725934117238565 
0.004966135092824005 0.004966135092824034 0.00496613509282404 0.00496613509282405 0.9553047841645936 0.004966135092824018 0.004966135092824051 0.004966135092824073 0.004966135092824039 0.004966135092824055 
0.00875119453736243 0.008751194537362374 0.008751194537362441 0.008751194537362431 0.9212392491637167 0.00875119453736236 0.008751194537362412 0.008751194537362436 0.008751194537362417 0.008751194537362351 
6.513025472144509E-4 0.9801006237630547 6.513025472144493E-4 6.513025472149815E-4 0.014248408173523576 6.513025472144505E-4 6.513025472144493E-4 0.001091850232920908 6.513025472144507E-4 6.513025472145451E-4 
0.007084953625876443 0.4918476308813802 0.007084953625876465 0.007084953625876524 0.45147274011160576 0.00708495362587646 0.007084953625876462 0.007084953625876456 0.00708495362587649 0.007084953625876465 
