0.10112359550561797 0.1348314606741573 0.07865168539325842 0.0898876404494382 0.10112359550561797 0.06741573033707865 0.0898876404494382 0.0898876404494382 0.1348314606741573 0.11235955056179775 
0.06896551724137931 0.04310344827586207 0.04310344827586207 0.5517241379310345 0.04310344827586207 0.07758620689655173 0.04310344827586207 0.04310344827586207 0.04310344827586207 0.04310344827586207 
0.045454545454545456 0.045454545454545456 0.07272727272727272 0.5454545454545454 0.045454545454545456 0.05454545454545454 0.045454545454545456 0.045454545454545456 0.05454545454545454 0.045454545454545456 
0.07291666666666667 0.052083333333333336 0.052083333333333336 0.375 0.052083333333333336 0.1875 0.052083333333333336 0.052083333333333336 0.052083333333333336 0.052083333333333336 
0.104 0.04 0.056 0.424 0.04 0.136 0.056 0.04 0.064 0.04 
0.13541666666666666 0.0625 0.052083333333333336 0.3125 0.052083333333333336 0.052083333333333336 0.07291666666666667 0.10416666666666667 0.10416666666666667 0.052083333333333336 
0.04716981132075472 0.12264150943396226 0.10377358490566038 0.37735849056603776 0.05660377358490566 0.04716981132075472 0.08490566037735849 0.05660377358490566 0.05660377358490566 0.04716981132075472 
0.049019607843137254 0.049019607843137254 0.06862745098039216 0.49019607843137253 0.06862745098039216 0.058823529411764705 0.06862745098039216 0.049019607843137254 0.049019607843137254 0.049019607843137254 
0.08095238095238096 0.03333333333333333 0.023809523809523808 0.7142857142857143 0.023809523809523808 0.023809523809523808 0.023809523809523808 0.02857142857142857 0.023809523809523808 0.023809523809523808 
0.07079646017699115 0.04424778761061947 0.04424778761061947 0.37168141592920356 0.04424778761061947 0.1504424778761062 0.04424778761061947 0.05309734513274336 0.13274336283185842 0.04424778761061947 
0.2857142857142857 0.045112781954887216 0.03759398496240601 0.37593984962406013 0.03759398496240601 0.03759398496240601 0.03759398496240601 0.03759398496240601 0.06766917293233082 0.03759398496240601 
0.06818181818181818 0.056818181818181816 0.07954545454545454 0.4318181818181818 0.06818181818181818 0.056818181818181816 0.06818181818181818 0.056818181818181816 0.056818181818181816 0.056818181818181816 
0.13253012048192772 0.060240963855421686 0.060240963855421686 0.24096385542168675 0.1566265060240964 0.08433734939759036 0.060240963855421686 0.07228915662650602 0.07228915662650602 0.060240963855421686 
0.359375 0.03125 0.03125 0.40625 0.03125 0.036458333333333336 0.026041666666666668 0.026041666666666668 0.026041666666666668 0.026041666666666668 
0.07142857142857142 0.05102040816326531 0.07142857142857142 0.3469387755102041 0.10204081632653061 0.05102040816326531 0.09183673469387756 0.07142857142857142 0.09183673469387756 0.05102040816326531 
0.08196721311475409 0.08196721311475409 0.08196721311475409 0.19672131147540983 0.08196721311475409 0.08196721311475409 0.11475409836065574 0.08196721311475409 0.11475409836065574 0.08196721311475409 
0.061855670103092786 0.05154639175257732 0.05154639175257732 0.4845360824742268 0.05154639175257732 0.05154639175257732 0.07216494845360824 0.061855670103092786 0.061855670103092786 0.05154639175257732 
0.04310344827586207 0.06896551724137931 0.0603448275862069 0.5086206896551724 0.05172413793103448 0.05172413793103448 0.05172413793103448 0.0603448275862069 0.0603448275862069 0.04310344827586207 
0.07547169811320754 0.10377358490566038 0.07547169811320754 0.44339622641509435 0.05660377358490566 0.05660377358490566 0.04716981132075472 0.04716981132075472 0.04716981132075472 0.04716981132075472 
0.06060606060606061 0.050505050505050504 0.08080808080808081 0.45454545454545453 0.09090909090909091 0.050505050505050504 0.06060606060606061 0.050505050505050504 0.050505050505050504 0.050505050505050504 
0.1411764705882353 0.07058823529411765 0.058823529411764705 0.3176470588235294 0.07058823529411765 0.07058823529411765 0.07058823529411765 0.07058823529411765 0.07058823529411765 0.058823529411764705 
0.04568527918781726 0.030456852791878174 0.04060913705583756 0.5583756345177665 0.03553299492385787 0.03553299492385787 0.14720812182741116 0.030456852791878174 0.050761421319796954 0.025380710659898477 
0.07936507936507936 0.09523809523809523 0.09523809523809523 0.12698412698412698 0.14285714285714285 0.1111111111111111 0.07936507936507936 0.1111111111111111 0.07936507936507936 0.07936507936507936 
0.058394160583941604 0.16058394160583941 0.0364963503649635 0.46715328467153283 0.043795620437956206 0.058394160583941604 0.058394160583941604 0.043795620437956206 0.0364963503649635 0.0364963503649635 
0.058823529411764705 0.04201680672268908 0.06722689075630252 0.48739495798319327 0.058823529411764705 0.058823529411764705 0.058823529411764705 0.058823529411764705 0.06722689075630252 0.04201680672268908 
0.07865168539325842 0.06741573033707865 0.06741573033707865 0.3595505617977528 0.06741573033707865 0.07865168539325842 0.056179775280898875 0.0898876404494382 0.07865168539325842 0.056179775280898875 
0.07407407407407407 0.05555555555555555 0.06481481481481481 0.4074074074074074 0.07407407407407407 0.05555555555555555 0.08333333333333333 0.06481481481481481 0.07407407407407407 0.046296296296296294 
0.16455696202531644 0.0759493670886076 0.06329113924050633 0.13924050632911392 0.13924050632911392 0.13924050632911392 0.06329113924050633 0.0759493670886076 0.0759493670886076 0.06329113924050633 
0.05625 0.0375 0.03125 0.5375 0.05625 0.03125 0.0375 0.08125 0.1 0.03125 
0.05309734513274336 0.07964601769911504 0.061946902654867256 0.49557522123893805 0.05309734513274336 0.05309734513274336 0.04424778761061947 0.061946902654867256 0.05309734513274336 0.04424778761061947 
0.08433734939759036 0.07228915662650602 0.07228915662650602 0.25301204819277107 0.08433734939759036 0.1566265060240964 0.07228915662650602 0.07228915662650602 0.07228915662650602 0.060240963855421686 
0.07142857142857142 0.07142857142857142 0.07142857142857142 0.22857142857142856 0.08571428571428572 0.07142857142857142 0.1 0.1 0.12857142857142856 0.07142857142857142 
0.046296296296296294 0.05555555555555555 0.07407407407407407 0.37962962962962965 0.10185185185185185 0.06481481481481481 0.046296296296296294 0.12037037037037036 0.06481481481481481 0.046296296296296294 
0.045112781954887216 0.045112781954887216 0.07518796992481203 0.42857142857142855 0.03759398496240601 0.12030075187969924 0.045112781954887216 0.03759398496240601 0.12781954887218044 0.03759398496240601 
0.0963855421686747 0.07228915662650602 0.10843373493975904 0.21686746987951808 0.08433734939759036 0.07228915662650602 0.08433734939759036 0.0963855421686747 0.10843373493975904 0.060240963855421686 
0.11214953271028037 0.19626168224299065 0.1308411214953271 0.21495327102803738 0.056074766355140186 0.056074766355140186 0.06542056074766354 0.056074766355140186 0.06542056074766354 0.04672897196261682 
0.389937106918239 0.06918238993710692 0.2389937106918239 0.09433962264150944 0.031446540880503145 0.03773584905660377 0.031446540880503145 0.03773584905660377 0.03773584905660377 0.031446540880503145 
0.043478260869565216 0.043478260869565216 0.10434782608695652 0.43478260869565216 0.1 0.14782608695652175 0.0391304347826087 0.030434782608695653 0.034782608695652174 0.021739130434782608 
0.10989010989010989 0.06593406593406594 0.06593406593406594 0.2967032967032967 0.06593406593406594 0.07692307692307693 0.12087912087912088 0.08791208791208792 0.054945054945054944 0.054945054945054944 
0.0759493670886076 0.0759493670886076 0.08860759493670886 0.12658227848101267 0.08860759493670886 0.06329113924050633 0.0759493670886076 0.12658227848101267 0.21518987341772153 0.06329113924050633 
0.05747126436781609 0.05747126436781609 0.08045977011494253 0.3793103448275862 0.09195402298850575 0.08045977011494253 0.06896551724137931 0.06896551724137931 0.05747126436781609 0.05747126436781609 
0.2672413793103448 0.05172413793103448 0.06896551724137931 0.15517241379310345 0.04310344827586207 0.04310344827586207 0.05172413793103448 0.08620689655172414 0.1896551724137931 0.04310344827586207 
0.12222222222222222 0.05555555555555555 0.05555555555555555 0.23333333333333334 0.05555555555555555 0.2 0.06666666666666667 0.07777777777777778 0.07777777777777778 0.05555555555555555 
0.10483870967741936 0.04838709677419355 0.04032258064516129 0.2661290322580645 0.04032258064516129 0.20967741935483872 0.04032258064516129 0.08870967741935484 0.12096774193548387 0.04032258064516129 
0.09523809523809523 0.07142857142857142 0.07142857142857142 0.20238095238095238 0.07142857142857142 0.07142857142857142 0.15476190476190477 0.14285714285714285 0.05952380952380952 0.05952380952380952 
0.03546099290780142 0.04964539007092199 0.04964539007092199 0.5673758865248227 0.0425531914893617 0.04964539007092199 0.04964539007092199 0.04964539007092199 0.07092198581560284 0.03546099290780142 
0.2980769230769231 0.057692307692307696 0.0673076923076923 0.09615384615384616 0.057692307692307696 0.125 0.057692307692307696 0.0673076923076923 0.125 0.04807692307692308 
0.4537037037037037 0.06481481481481481 0.12037037037037036 0.05555555555555555 0.05555555555555555 0.046296296296296294 0.046296296296296294 0.06481481481481481 0.046296296296296294 0.046296296296296294 
0.06451612903225806 0.06451612903225806 0.08602150537634409 0.1935483870967742 0.13978494623655913 0.06451612903225806 0.1935483870967742 0.07526881720430108 0.06451612903225806 0.053763440860215055 
0.3630573248407643 0.06369426751592357 0.21656050955414013 0.15286624203821655 0.03184713375796178 0.03184713375796178 0.03184713375796178 0.03821656050955414 0.03821656050955414 0.03184713375796178 
0.2826086956521739 0.09782608695652174 0.07608695652173914 0.10869565217391304 0.05434782608695652 0.08695652173913043 0.05434782608695652 0.07608695652173914 0.10869565217391304 0.05434782608695652 
0.06315789473684211 0.06315789473684211 0.05263157894736842 0.1368421052631579 0.05263157894736842 0.23157894736842105 0.05263157894736842 0.16842105263157894 0.12631578947368421 0.05263157894736842 
0.0898876404494382 0.0898876404494382 0.06741573033707865 0.15730337078651685 0.1348314606741573 0.07865168539325842 0.056179775280898875 0.20224719101123595 0.06741573033707865 0.056179775280898875 
0.07692307692307693 0.07692307692307693 0.3076923076923077 0.12087912087912088 0.054945054945054944 0.10989010989010989 0.054945054945054944 0.08791208791208792 0.054945054945054944 0.054945054945054944 
0.06930693069306931 0.04950495049504951 0.13861386138613863 0.32673267326732675 0.0594059405940594 0.06930693069306931 0.0594059405940594 0.10891089108910891 0.06930693069306931 0.04950495049504951 
0.11965811965811966 0.3418803418803419 0.042735042735042736 0.08547008547008547 0.042735042735042736 0.09401709401709402 0.042735042735042736 0.1111111111111111 0.07692307692307693 0.042735042735042736 
0.06363636363636363 0.05454545454545454 0.045454545454545456 0.5 0.07272727272727272 0.08181818181818182 0.045454545454545456 0.045454545454545456 0.045454545454545456 0.045454545454545456 
0.3163265306122449 0.061224489795918366 0.061224489795918366 0.12244897959183673 0.061224489795918366 0.12244897959183673 0.05102040816326531 0.061224489795918366 0.09183673469387756 0.05102040816326531 
0.0594059405940594 0.06930693069306931 0.07920792079207921 0.36633663366336633 0.10891089108910891 0.0594059405940594 0.0891089108910891 0.06930693069306931 0.04950495049504951 0.04950495049504951 
0.09917355371900827 0.049586776859504134 0.04132231404958678 0.4214876033057851 0.049586776859504134 0.09090909090909091 0.05785123966942149 0.09917355371900827 0.049586776859504134 0.04132231404958678 
0.06474820143884892 0.09352517985611511 0.09352517985611511 0.2014388489208633 0.05755395683453238 0.07194244604316546 0.03597122302158273 0.03597122302158273 0.30935251798561153 0.03597122302158273 
0.19658119658119658 0.1623931623931624 0.042735042735042736 0.06837606837606838 0.23931623931623933 0.1111111111111111 0.042735042735042736 0.05128205128205128 0.042735042735042736 0.042735042735042736 
0.07377049180327869 0.05737704918032787 0.20491803278688525 0.16393442622950818 0.12295081967213115 0.1721311475409836 0.040983606557377046 0.07377049180327869 0.04918032786885246 0.040983606557377046 
0.05263157894736842 0.05263157894736842 0.08421052631578947 0.42105263157894735 0.08421052631578947 0.05263157894736842 0.05263157894736842 0.07368421052631578 0.07368421052631578 0.05263157894736842 
0.10416666666666667 0.0625 0.0625 0.2708333333333333 0.11458333333333333 0.08333333333333333 0.0625 0.11458333333333333 0.07291666666666667 0.052083333333333336 
0.029556650246305417 0.03940886699507389 0.024630541871921183 0.4975369458128079 0.034482758620689655 0.04926108374384237 0.04433497536945813 0.034482758620689655 0.22167487684729065 0.024630541871921183 
0.07758620689655173 0.04310344827586207 0.04310344827586207 0.3620689655172414 0.08620689655172414 0.09482758620689655 0.06896551724137931 0.09482758620689655 0.08620689655172414 0.04310344827586207 
0.07407407407407407 0.08641975308641975 0.08641975308641975 0.2222222222222222 0.07407407407407407 0.12345679012345678 0.14814814814814814 0.06172839506172839 0.06172839506172839 0.06172839506172839 
0.03088803088803089 0.04247104247104247 0.05405405405405406 0.47876447876447875 0.04247104247104247 0.1583011583011583 0.0888030888030888 0.03088803088803089 0.05405405405405406 0.019305019305019305 
0.10526315789473684 0.16666666666666666 0.05263157894736842 0.11403508771929824 0.19298245614035087 0.07894736842105263 0.043859649122807015 0.06140350877192982 0.14035087719298245 0.043859649122807015 
0.030612244897959183 0.05102040816326531 0.08163265306122448 0.5204081632653061 0.09693877551020408 0.03571428571428571 0.030612244897959183 0.061224489795918366 0.0663265306122449 0.025510204081632654 
0.06666666666666667 0.08571428571428572 0.05714285714285714 0.21904761904761905 0.1523809523809524 0.10476190476190476 0.13333333333333333 0.0761904761904762 0.05714285714285714 0.047619047619047616 
0.08333333333333333 0.05952380952380952 0.05952380952380952 0.13095238095238096 0.10714285714285714 0.09523809523809523 0.07142857142857142 0.21428571428571427 0.11904761904761904 0.05952380952380952 
0.06015037593984962 0.045112781954887216 0.06015037593984962 0.39849624060150374 0.08270676691729323 0.06015037593984962 0.05263157894736842 0.15037593984962405 0.05263157894736842 0.03759398496240601 
0.0970873786407767 0.05825242718446602 0.05825242718446602 0.24271844660194175 0.05825242718446602 0.22330097087378642 0.04854368932038835 0.0970873786407767 0.06796116504854369 0.04854368932038835 
0.07339449541284404 0.22935779816513763 0.07339449541284404 0.09174311926605505 0.05504587155963303 0.1651376146788991 0.07339449541284404 0.10091743119266056 0.09174311926605505 0.045871559633027525 
0.0457516339869281 0.0392156862745098 0.0392156862745098 0.0392156862745098 0.16339869281045752 0.28104575163398693 0.032679738562091505 0.10457516339869281 0.2222222222222222 0.032679738562091505 
0.31868131868131866 0.06593406593406594 0.08791208791208792 0.06593406593406594 0.08791208791208792 0.13186813186813187 0.054945054945054944 0.06593406593406594 0.06593406593406594 0.054945054945054944 
0.3697478991596639 0.05042016806722689 0.058823529411764705 0.08403361344537816 0.08403361344537816 0.05042016806722689 0.058823529411764705 0.08403361344537816 0.11764705882352941 0.04201680672268908 
0.08 0.07 0.37 0.07 0.06 0.07 0.05 0.11 0.07 0.05 
0.028225806451612902 0.03225806451612903 0.14919354838709678 0.2540322580645161 0.04435483870967742 0.32661290322580644 0.04435483870967742 0.028225806451612902 0.07258064516129033 0.020161290322580645 
0.04666666666666667 0.08 0.04666666666666667 0.3466666666666667 0.05333333333333334 0.18666666666666668 0.04 0.1 0.06666666666666667 0.03333333333333333 
0.040229885057471264 0.034482758620689655 0.06896551724137931 0.040229885057471264 0.04597701149425287 0.08620689655172414 0.034482758620689655 0.040229885057471264 0.5804597701149425 0.028735632183908046 
0.07766990291262135 0.04854368932038835 0.04854368932038835 0.1553398058252427 0.24271844660194175 0.11650485436893204 0.06796116504854369 0.1262135922330097 0.06796116504854369 0.04854368932038835 
0.04093567251461988 0.08187134502923976 0.05847953216374269 0.29239766081871343 0.05263157894736842 0.24561403508771928 0.07017543859649122 0.05263157894736842 0.07602339181286549 0.029239766081871343 
0.09523809523809523 0.10714285714285714 0.10714285714285714 0.15476190476190477 0.07142857142857142 0.07142857142857142 0.07142857142857142 0.14285714285714285 0.11904761904761904 0.05952380952380952 
0.056 0.04 0.048 0.448 0.064 0.072 0.088 0.056 0.088 0.04 
0.06914893617021277 0.031914893617021274 0.026595744680851064 0.4946808510638298 0.026595744680851064 0.026595744680851064 0.15425531914893617 0.05319148936170213 0.09042553191489362 0.026595744680851064 
0.06818181818181818 0.056818181818181816 0.07954545454545454 0.3068181818181818 0.09090909090909091 0.11363636363636363 0.056818181818181816 0.11363636363636363 0.056818181818181816 0.056818181818181816 
0.3898305084745763 0.0423728813559322 0.05084745762711865 0.1016949152542373 0.059322033898305086 0.0423728813559322 0.0423728813559322 0.059322033898305086 0.1694915254237288 0.0423728813559322 
0.054945054945054944 0.054945054945054944 0.08791208791208792 0.08791208791208792 0.21978021978021978 0.13186813186813187 0.14285714285714285 0.08791208791208792 0.07692307692307693 0.054945054945054944 
0.1016949152542373 0.05084745762711865 0.0423728813559322 0.17796610169491525 0.0423728813559322 0.16101694915254236 0.05084745762711865 0.2627118644067797 0.06779661016949153 0.0423728813559322 
0.039473684210526314 0.05263157894736842 0.17763157894736842 0.1513157894736842 0.05921052631578947 0.03289473684210526 0.23684210526315788 0.05263157894736842 0.16447368421052633 0.03289473684210526 
0.03333333333333333 0.05185185185185185 0.037037037037037035 0.32592592592592595 0.025925925925925925 0.03333333333333333 0.2814814814814815 0.05555555555555555 0.13703703703703704 0.018518518518518517 
0.02976190476190476 0.1130952380952381 0.05357142857142857 0.4226190476190476 0.08333333333333333 0.03571428571428571 0.10714285714285714 0.07738095238095238 0.047619047619047616 0.02976190476190476 
0.03305785123966942 0.07851239669421488 0.0371900826446281 0.6239669421487604 0.024793388429752067 0.07851239669421488 0.03305785123966942 0.03305785123966942 0.0371900826446281 0.02066115702479339 
0.05714285714285714 0.05714285714285714 0.04 0.33714285714285713 0.04 0.08 0.05714285714285714 0.2 0.10285714285714286 0.02857142857142857 
0.216 0.056 0.064 0.144 0.112 0.104 0.088 0.096 0.08 0.04 
0.3563218390804598 0.06896551724137931 0.05747126436781609 0.09195402298850575 0.09195402298850575 0.05747126436781609 0.05747126436781609 0.09195402298850575 0.06896551724137931 0.05747126436781609 
0.06504065040650407 0.04878048780487805 0.056910569105691054 0.42276422764227645 0.04878048780487805 0.04878048780487805 0.06504065040650407 0.08130081300813008 0.12195121951219512 0.04065040650406504 
0.23880597014925373 0.08955223880597014 0.08955223880597014 0.08955223880597014 0.07462686567164178 0.07462686567164178 0.08955223880597014 0.1044776119402985 0.07462686567164178 0.07462686567164178 
0.08955223880597014 0.07462686567164178 0.11940298507462686 0.11940298507462686 0.07462686567164178 0.07462686567164178 0.11940298507462686 0.07462686567164178 0.1791044776119403 0.07462686567164178 
0.06976744186046512 0.10077519379844961 0.07751937984496124 0.08527131782945736 0.09302325581395349 0.2868217054263566 0.046511627906976744 0.10077519379844961 0.10077519379844961 0.03875968992248062 
0.07216494845360824 0.3711340206185567 0.07216494845360824 0.10309278350515463 0.09278350515463918 0.061855670103092786 0.07216494845360824 0.05154639175257732 0.05154639175257732 0.05154639175257732 
0.07368421052631578 0.12631578947368421 0.09473684210526316 0.09473684210526316 0.08421052631578947 0.11578947368421053 0.05263157894736842 0.21052631578947367 0.09473684210526316 0.05263157894736842 
0.05 0.05 0.1 0.08 0.05 0.06 0.05 0.2 0.31 0.05 
0.1171875 0.078125 0.0703125 0.109375 0.140625 0.2265625 0.046875 0.078125 0.09375 0.0390625 
0.3710691823899371 0.09433962264150944 0.18867924528301888 0.07547169811320754 0.031446540880503145 0.0880503144654088 0.03773584905660377 0.0440251572327044 0.03773584905660377 0.031446540880503145 
0.12173913043478261 0.06086956521739131 0.043478260869565216 0.25217391304347825 0.11304347826086956 0.17391304347826086 0.06086956521739131 0.06956521739130435 0.06086956521739131 0.043478260869565216 
0.03597122302158273 0.07194244604316546 0.2733812949640288 0.14388489208633093 0.050359712230215826 0.07194244604316546 0.2158273381294964 0.050359712230215826 0.050359712230215826 0.03597122302158273 
0.04132231404958678 0.04132231404958678 0.05785123966942149 0.5206611570247934 0.05785123966942149 0.06611570247933884 0.0743801652892562 0.049586776859504134 0.049586776859504134 0.04132231404958678 
0.0759493670886076 0.06329113924050633 0.25316455696202533 0.06329113924050633 0.13924050632911392 0.08860759493670886 0.0759493670886076 0.08860759493670886 0.08860759493670886 0.06329113924050633 
0.05405405405405406 0.06756756756756757 0.08108108108108109 0.3716216216216216 0.10810810810810811 0.060810810810810814 0.14189189189189189 0.0472972972972973 0.033783783783783786 0.033783783783783786 
0.12903225806451613 0.056451612903225805 0.06451612903225806 0.1774193548387097 0.06451612903225806 0.056451612903225805 0.07258064516129033 0.08870967741935484 0.25 0.04032258064516129 
0.04950495049504951 0.07920792079207921 0.297029702970297 0.0891089108910891 0.10891089108910891 0.06930693069306931 0.0891089108910891 0.04950495049504951 0.1188118811881188 0.04950495049504951 
0.05263157894736842 0.06315789473684211 0.07368421052631578 0.11578947368421053 0.11578947368421053 0.1368421052631579 0.11578947368421053 0.21052631578947367 0.06315789473684211 0.05263157894736842 
0.12871287128712872 0.04950495049504951 0.04950495049504951 0.32673267326732675 0.0594059405940594 0.06930693069306931 0.10891089108910891 0.0891089108910891 0.06930693069306931 0.04950495049504951 
0.0898876404494382 0.0898876404494382 0.07865168539325842 0.1348314606741573 0.20224719101123595 0.10112359550561797 0.06741573033707865 0.11235955056179775 0.06741573033707865 0.056179775280898875 
0.04065040650406504 0.13008130081300814 0.04878048780487805 0.2764227642276423 0.056910569105691054 0.08943089430894309 0.13008130081300814 0.12195121951219512 0.06504065040650407 0.04065040650406504 
0.061224489795918366 0.12244897959183673 0.09183673469387756 0.15306122448979592 0.07142857142857142 0.07142857142857142 0.19387755102040816 0.08163265306122448 0.10204081632653061 0.05102040816326531 
0.049689440993788817 0.06832298136645963 0.19254658385093168 0.18633540372670807 0.037267080745341616 0.12422360248447205 0.055900621118012424 0.20496894409937888 0.049689440993788817 0.031055900621118012 
0.05982905982905983 0.09401709401709402 0.10256410256410256 0.1111111111111111 0.05128205128205128 0.24786324786324787 0.1623931623931624 0.05128205128205128 0.07692307692307693 0.042735042735042736 
0.075 0.0875 0.075 0.125 0.0875 0.125 0.1 0.1875 0.075 0.0625 
0.03937007874015748 0.12598425196850394 0.047244094488188976 0.2755905511811024 0.06299212598425197 0.11811023622047244 0.05511811023622047 0.16535433070866143 0.07086614173228346 0.03937007874015748 
0.4444444444444444 0.05925925925925926 0.17037037037037037 0.06666666666666667 0.05925925925925926 0.05185185185185185 0.037037037037037035 0.037037037037037035 0.037037037037037035 0.037037037037037035 
0.03271028037383177 0.03271028037383177 0.09345794392523364 0.07009345794392523 0.5747663551401869 0.06074766355140187 0.04672897196261682 0.03271028037383177 0.03271028037383177 0.02336448598130841 
0.03614457831325301 0.04216867469879518 0.06626506024096386 0.08433734939759036 0.1746987951807229 0.18072289156626506 0.12650602409638553 0.15060240963855423 0.10843373493975904 0.030120481927710843 
0.09195402298850575 0.06896551724137931 0.09195402298850575 0.2413793103448276 0.08045977011494253 0.06896551724137931 0.11494252873563218 0.10344827586206896 0.08045977011494253 0.05747126436781609 
0.046511627906976744 0.13178294573643412 0.09302325581395349 0.17829457364341086 0.08527131782945736 0.046511627906976744 0.2248062015503876 0.08527131782945736 0.06976744186046512 0.03875968992248062 
0.14432989690721648 0.061855670103092786 0.07216494845360824 0.12371134020618557 0.21649484536082475 0.10309278350515463 0.07216494845360824 0.061855670103092786 0.09278350515463918 0.05154639175257732 
0.057692307692307696 0.04807692307692308 0.04807692307692308 0.09615384615384616 0.3173076923076923 0.17307692307692307 0.04807692307692308 0.09615384615384616 0.0673076923076923 0.04807692307692308 
0.07339449541284404 0.05504587155963303 0.4954128440366973 0.06422018348623854 0.05504587155963303 0.045871559633027525 0.045871559633027525 0.06422018348623854 0.05504587155963303 0.045871559633027525 
0.18072289156626506 0.08433734939759036 0.060240963855421686 0.13253012048192772 0.08433734939759036 0.08433734939759036 0.1566265060240964 0.0963855421686747 0.060240963855421686 0.060240963855421686 
0.06493506493506493 0.11688311688311688 0.14285714285714285 0.12987012987012986 0.06493506493506493 0.07792207792207792 0.2077922077922078 0.06493506493506493 0.06493506493506493 0.06493506493506493 
0.08536585365853659 0.10975609756097561 0.10975609756097561 0.07317073170731707 0.14634146341463414 0.08536585365853659 0.06097560975609756 0.14634146341463414 0.12195121951219512 0.06097560975609756 
0.04918032786885246 0.08196721311475409 0.05737704918032787 0.2786885245901639 0.04918032786885246 0.05737704918032787 0.23770491803278687 0.10655737704918032 0.040983606557377046 0.040983606557377046 
0.05442176870748299 0.05442176870748299 0.1360544217687075 0.32653061224489793 0.07482993197278912 0.04081632653061224 0.14285714285714285 0.047619047619047616 0.08843537414965986 0.034013605442176874 
0.045454545454545456 0.03896103896103896 0.05194805194805195 0.07792207792207792 0.03896103896103896 0.2012987012987013 0.07142857142857142 0.08441558441558442 0.35714285714285715 0.032467532467532464 
0.56047197640118 0.014749262536873156 0.017699115044247787 0.029498525073746312 0.05309734513274336 0.20058997050147492 0.02359882005899705 0.04424778761061947 0.04129793510324484 0.014749262536873156 
0.0546875 0.09375 0.078125 0.109375 0.09375 0.09375 0.078125 0.0390625 0.3203125 0.0390625 
0.06666666666666667 0.07777777777777778 0.17777777777777778 0.07777777777777778 0.06666666666666667 0.05555555555555555 0.26666666666666666 0.06666666666666667 0.08888888888888889 0.05555555555555555 
0.26744186046511625 0.05813953488372093 0.08139534883720931 0.08139534883720931 0.09302325581395349 0.10465116279069768 0.06976744186046512 0.11627906976744186 0.06976744186046512 0.05813953488372093 
0.05426356589147287 0.05426356589147287 0.05426356589147287 0.2248062015503876 0.03875968992248062 0.05426356589147287 0.06976744186046512 0.14728682170542637 0.26356589147286824 0.03875968992248062 
0.11764705882352941 0.08823529411764706 0.25 0.07352941176470588 0.07352941176470588 0.07352941176470588 0.07352941176470588 0.08823529411764706 0.08823529411764706 0.07352941176470588 
0.23255813953488372 0.08139534883720931 0.10465116279069768 0.05813953488372093 0.1511627906976744 0.10465116279069768 0.08139534883720931 0.05813953488372093 0.06976744186046512 0.05813953488372093 
0.4111111111111111 0.05555555555555555 0.07777777777777778 0.08888888888888889 0.05555555555555555 0.05555555555555555 0.06666666666666667 0.05555555555555555 0.07777777777777778 0.05555555555555555 
0.039473684210526314 0.039473684210526314 0.05263157894736842 0.47368421052631576 0.05921052631578947 0.03289473684210526 0.046052631578947366 0.05921052631578947 0.16447368421052633 0.03289473684210526 
0.046153846153846156 0.08461538461538462 0.038461538461538464 0.2846153846153846 0.11538461538461539 0.05384615384615385 0.2153846153846154 0.06923076923076923 0.05384615384615385 0.038461538461538464 
0.08080808080808081 0.050505050505050504 0.06060606060606061 0.13131313131313133 0.06060606060606061 0.21212121212121213 0.20202020202020202 0.10101010101010101 0.050505050505050504 0.050505050505050504 
0.1111111111111111 0.08888888888888889 0.05555555555555555 0.17777777777777778 0.05555555555555555 0.08888888888888889 0.08888888888888889 0.17777777777777778 0.1 0.05555555555555555 
0.05102040816326531 0.10204081632653061 0.19387755102040816 0.07142857142857142 0.05102040816326531 0.061224489795918366 0.23469387755102042 0.08163265306122448 0.10204081632653061 0.05102040816326531 
0.057692307692307696 0.11538461538461539 0.07692307692307693 0.11538461538461539 0.057692307692307696 0.3557692307692308 0.057692307692307696 0.057692307692307696 0.057692307692307696 0.04807692307692308 
0.3958333333333333 0.08333333333333333 0.09375 0.0625 0.08333333333333333 0.052083333333333336 0.0625 0.0625 0.052083333333333336 0.052083333333333336 
0.13008130081300814 0.07317073170731707 0.04065040650406504 0.08943089430894309 0.11382113821138211 0.24390243902439024 0.06504065040650407 0.0975609756097561 0.10569105691056911 0.04065040650406504 
0.38461538461538464 0.03365384615384615 0.11057692307692307 0.057692307692307696 0.02403846153846154 0.1778846153846154 0.04807692307692308 0.038461538461538464 0.10096153846153846 0.02403846153846154 
0.05928853754940711 0.03557312252964427 0.18972332015810275 0.1422924901185771 0.06324110671936758 0.05138339920948617 0.308300395256917 0.06324110671936758 0.06719367588932806 0.019762845849802372 
0.5080645161290323 0.056451612903225805 0.06451612903225806 0.04838709677419355 0.04032258064516129 0.08870967741935484 0.056451612903225805 0.04838709677419355 0.04838709677419355 0.04032258064516129 
0.09195402298850575 0.08045977011494253 0.06896551724137931 0.09195402298850575 0.10344827586206896 0.11494252873563218 0.09195402298850575 0.06896551724137931 0.22988505747126436 0.05747126436781609 
0.2125 0.075 0.225 0.0875 0.0375 0.075 0.075 0.04375 0.1375 0.03125 
0.07913669064748201 0.1510791366906475 0.20863309352517986 0.08633093525179857 0.06474820143884892 0.17266187050359713 0.06474820143884892 0.06474820143884892 0.07194244604316546 0.03597122302158273 
0.054945054945054944 0.07692307692307693 0.0989010989010989 0.12087912087912088 0.07692307692307693 0.24175824175824176 0.12087912087912088 0.06593406593406594 0.08791208791208792 0.054945054945054944 
0.05 0.1 0.4928571428571429 0.04285714285714286 0.03571428571428571 0.1 0.03571428571428571 0.04285714285714286 0.06428571428571428 0.03571428571428571 
0.07042253521126761 0.2112676056338028 0.08450704225352113 0.07042253521126761 0.07042253521126761 0.07042253521126761 0.18309859154929578 0.08450704225352113 0.08450704225352113 0.07042253521126761 
0.1643835616438356 0.2534246575342466 0.06164383561643835 0.0821917808219178 0.03424657534246575 0.0410958904109589 0.0547945205479452 0.0410958904109589 0.2328767123287671 0.03424657534246575 
0.06956521739130435 0.12173913043478261 0.08695652173913043 0.20869565217391303 0.09565217391304348 0.09565217391304348 0.09565217391304348 0.06956521739130435 0.11304347826086956 0.043478260869565216 
0.05384615384615385 0.06153846153846154 0.07692307692307693 0.1076923076923077 0.038461538461538464 0.05384615384615385 0.2 0.05384615384615385 0.3153846153846154 0.038461538461538464 
0.07352941176470588 0.08823529411764706 0.07352941176470588 0.10294117647058823 0.07352941176470588 0.16176470588235295 0.10294117647058823 0.07352941176470588 0.17647058823529413 0.07352941176470588 
0.056962025316455694 0.08860759493670886 0.0759493670886076 0.08860759493670886 0.0949367088607595 0.056962025316455694 0.3037974683544304 0.13291139240506328 0.06962025316455696 0.03164556962025317 
0.2765957446808511 0.1276595744680851 0.1347517730496454 0.0425531914893617 0.0425531914893617 0.1773049645390071 0.05673758865248227 0.06382978723404255 0.0425531914893617 0.03546099290780142 
0.08181818181818182 0.045454545454545456 0.18181818181818182 0.06363636363636363 0.1 0.10909090909090909 0.11818181818181818 0.07272727272727272 0.18181818181818182 0.045454545454545456 
0.07142857142857142 0.07142857142857142 0.04285714285714286 0.22142857142857142 0.14285714285714285 0.06428571428571428 0.1 0.08571428571428572 0.16428571428571428 0.03571428571428571 
0.34523809523809523 0.05952380952380952 0.05952380952380952 0.07142857142857142 0.09523809523809523 0.05952380952380952 0.08333333333333333 0.07142857142857142 0.09523809523809523 0.05952380952380952 
0.3793103448275862 0.09195402298850575 0.08045977011494253 0.06896551724137931 0.06896551724137931 0.06896551724137931 0.05747126436781609 0.06896551724137931 0.05747126436781609 0.05747126436781609 
0.07727272727272727 0.06818181818181818 0.031818181818181815 0.07272727272727272 0.05 0.45 0.031818181818181815 0.06818181818181818 0.12727272727272726 0.022727272727272728 
0.0945945945945946 0.12162162162162163 0.13513513513513514 0.10810810810810811 0.08108108108108109 0.06756756756756757 0.16216216216216217 0.08108108108108109 0.08108108108108109 0.06756756756756757 
0.06172839506172839 0.07407407407407407 0.06172839506172839 0.12345679012345678 0.2962962962962963 0.06172839506172839 0.07407407407407407 0.08641975308641975 0.09876543209876543 0.06172839506172839 
0.0440251572327044 0.07547169811320754 0.05660377358490566 0.12578616352201258 0.09433962264150944 0.11949685534591195 0.050314465408805034 0.2893081761006289 0.11320754716981132 0.031446540880503145 
0.03488372093023256 0.040697674418604654 0.4476744186046512 0.11627906976744186 0.03488372093023256 0.11046511627906977 0.029069767441860465 0.12209302325581395 0.03488372093023256 0.029069767441860465 
0.07692307692307693 0.06593406593406594 0.054945054945054944 0.06593406593406594 0.06593406593406594 0.06593406593406594 0.16483516483516483 0.2857142857142857 0.0989010989010989 0.054945054945054944 
0.1111111111111111 0.13333333333333333 0.06666666666666667 0.12222222222222222 0.15555555555555556 0.06666666666666667 0.06666666666666667 0.16666666666666666 0.05555555555555555 0.05555555555555555 
0.08536585365853659 0.0975609756097561 0.14634146341463414 0.08536585365853659 0.07317073170731707 0.2073170731707317 0.08536585365853659 0.07317073170731707 0.08536585365853659 0.06097560975609756 
0.0851063829787234 0.0851063829787234 0.11702127659574468 0.11702127659574468 0.0851063829787234 0.2127659574468085 0.07446808510638298 0.09574468085106383 0.07446808510638298 0.05319148936170213 
0.12 0.07333333333333333 0.05333333333333334 0.08 0.24666666666666667 0.15333333333333332 0.06666666666666667 0.12 0.05333333333333334 0.03333333333333333 
0.052083333333333336 0.09375 0.13541666666666666 0.19791666666666666 0.0625 0.0625 0.11458333333333333 0.13541666666666666 0.09375 0.052083333333333336 
0.06956521739130435 0.14782608695652175 0.043478260869565216 0.12173913043478261 0.0782608695652174 0.2 0.09565217391304348 0.1565217391304348 0.043478260869565216 0.043478260869565216 
0.04132231404958678 0.0743801652892562 0.05785123966942149 0.10743801652892562 0.1487603305785124 0.08264462809917356 0.0743801652892562 0.24793388429752067 0.12396694214876033 0.04132231404958678 
0.1111111111111111 0.04678362573099415 0.03508771929824561 0.04678362573099415 0.04678362573099415 0.09941520467836257 0.04678362573099415 0.05263157894736842 0.4853801169590643 0.029239766081871343 
0.06870229007633588 0.1450381679389313 0.24427480916030533 0.07633587786259542 0.07633587786259542 0.04580152671755725 0.19083969465648856 0.061068702290076333 0.05343511450381679 0.03816793893129771 
0.13513513513513514 0.06756756756756757 0.08108108108108109 0.10810810810810811 0.0945945945945946 0.08108108108108109 0.0945945945945946 0.17567567567567569 0.0945945945945946 0.06756756756756757 
0.1411042944785276 0.049079754601226995 0.4723926380368098 0.05521472392638037 0.03067484662576687 0.03067484662576687 0.03680981595092025 0.049079754601226995 0.10429447852760736 0.03067484662576687 
0.1836734693877551 0.07142857142857142 0.061224489795918366 0.05102040816326531 0.061224489795918366 0.30612244897959184 0.061224489795918366 0.08163265306122448 0.07142857142857142 0.05102040816326531 
0.08080808080808081 0.2828282828282828 0.1717171717171717 0.0707070707070707 0.050505050505050504 0.050505050505050504 0.1111111111111111 0.06060606060606061 0.0707070707070707 0.050505050505050504 
0.14473684210526316 0.046052631578947366 0.1118421052631579 0.039473684210526314 0.17763157894736842 0.2894736842105263 0.039473684210526314 0.039473684210526314 0.07894736842105263 0.03289473684210526 
0.0821917808219178 0.1095890410958904 0.1506849315068493 0.0821917808219178 0.0958904109589041 0.0684931506849315 0.0821917808219178 0.1643835616438356 0.0958904109589041 0.0684931506849315 
0.11267605633802817 0.07042253521126761 0.09859154929577464 0.1267605633802817 0.07042253521126761 0.08450704225352113 0.08450704225352113 0.11267605633802817 0.16901408450704225 0.07042253521126761 
0.03759398496240601 0.16541353383458646 0.16541353383458646 0.09022556390977443 0.13533834586466165 0.09774436090225563 0.17293233082706766 0.045112781954887216 0.05263157894736842 0.03759398496240601 
0.36585365853658536 0.07317073170731707 0.2073170731707317 0.054878048780487805 0.03048780487804878 0.07926829268292683 0.04878048780487805 0.04878048780487805 0.06097560975609756 0.03048780487804878 
0.30578512396694213 0.06611570247933884 0.23140495867768596 0.049586776859504134 0.04132231404958678 0.09090909090909091 0.08264462809917356 0.049586776859504134 0.04132231404958678 0.04132231404958678 
0.10526315789473684 0.09473684210526316 0.07368421052631578 0.10526315789473684 0.08421052631578947 0.18947368421052632 0.16842105263157894 0.07368421052631578 0.05263157894736842 0.05263157894736842 
0.15454545454545454 0.06363636363636363 0.38181818181818183 0.06363636363636363 0.05454545454545454 0.05454545454545454 0.05454545454545454 0.06363636363636363 0.06363636363636363 0.045454545454545456 
0.12605042016806722 0.06722689075630252 0.04201680672268908 0.12605042016806722 0.10084033613445378 0.19327731092436976 0.1092436974789916 0.09243697478991597 0.10084033613445378 0.04201680672268908 
0.05555555555555555 0.12962962962962962 0.1111111111111111 0.10185185185185185 0.08333333333333333 0.05555555555555555 0.046296296296296294 0.3055555555555556 0.06481481481481481 0.046296296296296294 
0.08247422680412371 0.05154639175257732 0.05154639175257732 0.12371134020618557 0.12371134020618557 0.12371134020618557 0.17525773195876287 0.15463917525773196 0.061855670103092786 0.05154639175257732 
0.06578947368421052 0.06578947368421052 0.10526315789473684 0.06578947368421052 0.11842105263157894 0.06578947368421052 0.27631578947368424 0.07894736842105263 0.09210526315789473 0.06578947368421052 
0.06451612903225806 0.07526881720430108 0.3655913978494624 0.053763440860215055 0.07526881720430108 0.053763440860215055 0.053763440860215055 0.053763440860215055 0.15053763440860216 0.053763440860215055 
0.06153846153846154 0.046153846153846156 0.06923076923076923 0.06923076923076923 0.046153846153846156 0.05384615384615385 0.046153846153846156 0.046153846153846156 0.5230769230769231 0.038461538461538464 
0.15463917525773196 0.07216494845360824 0.09278350515463918 0.061855670103092786 0.15463917525773196 0.15463917525773196 0.07216494845360824 0.12371134020618557 0.061855670103092786 0.05154639175257732 
0.0975609756097561 0.08536585365853659 0.08536585365853659 0.15853658536585366 0.12195121951219512 0.07317073170731707 0.1951219512195122 0.06097560975609756 0.06097560975609756 0.06097560975609756 
