0.1069182389937107 0.11949685534591195 0.1069182389937107 0.10062893081761007 0.1069182389937107 0.11320754716981132 0.11320754716981132 0.06289308176100629 0.06918238993710692 0.10062893081761007 
0.5476190476190477 0.01984126984126984 0.19444444444444445 0.01984126984126984 0.07936507936507936 0.01984126984126984 0.01984126984126984 0.05952380952380952 0.01984126984126984 0.01984126984126984 
0.3466666666666667 0.06666666666666667 0.06666666666666667 0.06666666666666667 0.08 0.10666666666666667 0.06666666666666667 0.06666666666666667 0.06666666666666667 0.06666666666666667 
0.568075117370892 0.023474178403755867 0.16901408450704225 0.023474178403755867 0.0892018779342723 0.023474178403755867 0.023474178403755867 0.028169014084507043 0.023474178403755867 0.028169014084507043 
0.6408450704225352 0.035211267605633804 0.04929577464788732 0.035211267605633804 0.035211267605633804 0.035211267605633804 0.035211267605633804 0.06338028169014084 0.035211267605633804 0.035211267605633804 
0.4578313253012048 0.060240963855421686 0.060240963855421686 0.060240963855421686 0.060240963855421686 0.060240963855421686 0.060240963855421686 0.060240963855421686 0.060240963855421686 0.060240963855421686 
0.7489711934156379 0.0205761316872428 0.02880658436213992 0.0205761316872428 0.0411522633744856 0.05761316872427984 0.0205761316872428 0.0205761316872428 0.0205761316872428 0.0205761316872428 
0.27472527472527475 0.054945054945054944 0.054945054945054944 0.054945054945054944 0.06593406593406594 0.10989010989010989 0.054945054945054944 0.2087912087912088 0.054945054945054944 0.06593406593406594 
0.22077922077922077 0.06493506493506493 0.09090909090909091 0.06493506493506493 0.16883116883116883 0.1038961038961039 0.06493506493506493 0.07792207792207792 0.06493506493506493 0.07792207792207792 
0.5811965811965812 0.042735042735042736 0.042735042735042736 0.042735042735042736 0.05128205128205128 0.042735042735042736 0.05128205128205128 0.05982905982905983 0.042735042735042736 0.042735042735042736 
0.6682464454976303 0.023696682464454975 0.02843601895734597 0.023696682464454975 0.03317535545023697 0.02843601895734597 0.023696682464454975 0.10900473933649289 0.023696682464454975 0.037914691943127965 
0.6079545454545454 0.028409090909090908 0.056818181818181816 0.028409090909090908 0.056818181818181816 0.03977272727272727 0.028409090909090908 0.08522727272727272 0.028409090909090908 0.03977272727272727 
0.21875 0.078125 0.078125 0.078125 0.078125 0.109375 0.09375 0.078125 0.078125 0.109375 
0.272 0.04 0.328 0.04 0.048 0.04 0.04 0.112 0.04 0.04 
0.16666666666666666 0.06944444444444445 0.125 0.06944444444444445 0.1111111111111111 0.08333333333333333 0.16666666666666666 0.06944444444444445 0.06944444444444445 0.06944444444444445 
0.4801980198019802 0.024752475247524754 0.09405940594059406 0.024752475247524754 0.12871287128712872 0.0297029702970297 0.039603960396039604 0.09900990099009901 0.0297029702970297 0.04950495049504951 
0.2246376811594203 0.036231884057971016 0.07971014492753623 0.036231884057971016 0.10869565217391304 0.057971014492753624 0.036231884057971016 0.3333333333333333 0.036231884057971016 0.050724637681159424 
0.14893617021276595 0.031914893617021274 0.0425531914893617 0.026595744680851064 0.35106382978723405 0.047872340425531915 0.031914893617021274 0.2393617021276596 0.026595744680851064 0.05319148936170213 
0.6145833333333334 0.026041666666666668 0.03125 0.026041666666666668 0.03125 0.140625 0.03125 0.036458333333333336 0.026041666666666668 0.036458333333333336 
0.6142857142857143 0.017857142857142856 0.16428571428571428 0.017857142857142856 0.03214285714285714 0.025 0.017857142857142856 0.060714285714285714 0.02142857142857143 0.02857142857142857 
0.5341365461847389 0.020080321285140562 0.24096385542168675 0.020080321285140562 0.060240963855421686 0.024096385542168676 0.020080321285140562 0.0321285140562249 0.020080321285140562 0.028112449799196786 
0.31007751937984496 0.03875968992248062 0.06976744186046512 0.03875968992248062 0.05426356589147287 0.046511627906976744 0.03875968992248062 0.2868217054263566 0.03875968992248062 0.07751937984496124 
0.7137546468401487 0.01858736059479554 0.08921933085501858 0.01858736059479554 0.026022304832713755 0.026022304832713755 0.01858736059479554 0.04460966542750929 0.01858736059479554 0.026022304832713755 
0.43636363636363634 0.030303030303030304 0.030303030303030304 0.030303030303030304 0.03636363636363636 0.12121212121212122 0.20606060606060606 0.048484848484848485 0.030303030303030304 0.030303030303030304 
0.12777777777777777 0.027777777777777776 0.29444444444444445 0.027777777777777776 0.07777777777777778 0.2777777777777778 0.027777777777777776 0.05 0.027777777777777776 0.06111111111111111 
0.4876543209876543 0.030864197530864196 0.15432098765432098 0.030864197530864196 0.06790123456790123 0.030864197530864196 0.04938271604938271 0.06172839506172839 0.030864197530864196 0.05555555555555555 
0.3256880733944954 0.022935779816513763 0.26605504587155965 0.022935779816513763 0.06880733944954129 0.027522935779816515 0.022935779816513763 0.19724770642201836 0.022935779816513763 0.022935779816513763 
0.1643835616438356 0.136986301369863 0.0684931506849315 0.0684931506849315 0.0958904109589041 0.1095890410958904 0.0684931506849315 0.136986301369863 0.0684931506849315 0.0821917808219178 
0.5912698412698413 0.01984126984126984 0.023809523809523808 0.01984126984126984 0.027777777777777776 0.17857142857142858 0.023809523809523808 0.047619047619047616 0.01984126984126984 0.047619047619047616 
0.3902439024390244 0.07317073170731707 0.06097560975609756 0.06097560975609756 0.07317073170731707 0.06097560975609756 0.06097560975609756 0.07317073170731707 0.06097560975609756 0.08536585365853659 
0.35802469135802467 0.06172839506172839 0.07407407407407407 0.06172839506172839 0.06172839506172839 0.08641975308641975 0.07407407407407407 0.08641975308641975 0.06172839506172839 0.07407407407407407 
0.24427480916030533 0.03816793893129771 0.0916030534351145 0.03816793893129771 0.05343511450381679 0.05343511450381679 0.366412213740458 0.03816793893129771 0.03816793893129771 0.03816793893129771 
0.5 0.016556291390728478 0.04304635761589404 0.016556291390728478 0.1390728476821192 0.016556291390728478 0.023178807947019868 0.18874172185430463 0.016556291390728478 0.039735099337748346 
0.21428571428571427 0.07142857142857142 0.11428571428571428 0.07142857142857142 0.07142857142857142 0.08571428571428572 0.07142857142857142 0.15714285714285714 0.07142857142857142 0.07142857142857142 
0.42771084337349397 0.030120481927710843 0.060240963855421686 0.030120481927710843 0.23493975903614459 0.04216867469879518 0.060240963855421686 0.04819277108433735 0.030120481927710843 0.03614457831325301 
0.6527196652719666 0.029288702928870293 0.100418410041841 0.02092050209205021 0.02510460251046025 0.04184100418410042 0.02510460251046025 0.04602510460251046 0.02510460251046025 0.03347280334728033 
0.4013605442176871 0.034013605442176874 0.05442176870748299 0.034013605442176874 0.1360544217687075 0.06802721088435375 0.034013605442176874 0.1360544217687075 0.034013605442176874 0.06802721088435375 
0.5370370370370371 0.023148148148148147 0.046296296296296294 0.023148148148148147 0.0787037037037037 0.032407407407407406 0.027777777777777776 0.1388888888888889 0.023148148148148147 0.06944444444444445 
0.6384180790960452 0.02824858757062147 0.07909604519774012 0.02824858757062147 0.03954802259887006 0.03389830508474576 0.04519774011299435 0.03954802259887006 0.03389830508474576 0.03389830508474576 
0.4494949494949495 0.015151515151515152 0.020202020202020204 0.012626262626262626 0.047979797979797977 0.017676767676767676 0.012626262626262626 0.39141414141414144 0.012626262626262626 0.020202020202020204 
0.504950495049505 0.04950495049504951 0.04950495049504951 0.04950495049504951 0.04950495049504951 0.07920792079207921 0.0594059405940594 0.04950495049504951 0.04950495049504951 0.0594059405940594 
0.24822695035460993 0.03546099290780142 0.07092198581560284 0.03546099290780142 0.05673758865248227 0.15602836879432624 0.03546099290780142 0.24113475177304963 0.03546099290780142 0.0851063829787234 
0.6 0.04285714285714286 0.04285714285714286 0.03571428571428571 0.05714285714285714 0.05 0.03571428571428571 0.05 0.03571428571428571 0.05 
0.2753623188405797 0.07246376811594203 0.07246376811594203 0.07246376811594203 0.13043478260869565 0.07246376811594203 0.07246376811594203 0.07246376811594203 0.07246376811594203 0.08695652173913043 
0.31343283582089554 0.08955223880597014 0.2537313432835821 0.03731343283582089 0.07462686567164178 0.03731343283582089 0.03731343283582089 0.07462686567164178 0.03731343283582089 0.04477611940298507 
0.5766129032258065 0.020161290322580645 0.028225806451612902 0.020161290322580645 0.024193548387096774 0.21774193548387097 0.020161290322580645 0.03225806451612903 0.020161290322580645 0.04032258064516129 
0.14084507042253522 0.08450704225352113 0.09859154929577464 0.07042253521126761 0.09859154929577464 0.11267605633802817 0.07042253521126761 0.15492957746478872 0.08450704225352113 0.08450704225352113 
0.43529411764705883 0.029411764705882353 0.1588235294117647 0.029411764705882353 0.08823529411764706 0.09411764705882353 0.029411764705882353 0.07058823529411765 0.029411764705882353 0.03529411764705882 
0.1527777777777778 0.08333333333333333 0.06944444444444445 0.06944444444444445 0.18055555555555555 0.09722222222222222 0.06944444444444445 0.1111111111111111 0.06944444444444445 0.09722222222222222 
0.1 0.03 0.555 0.025 0.14 0.025 0.035 0.04 0.025 0.025 
0.0875 0.0625 0.225 0.0625 0.075 0.075 0.075 0.0625 0.0625 0.2125 
0.3364485981308411 0.02336448598130841 0.0514018691588785 0.02336448598130841 0.18691588785046728 0.0794392523364486 0.11214953271028037 0.06074766355140187 0.02336448598130841 0.102803738317757 
0.43946188340807174 0.02242152466367713 0.026905829596412557 0.02242152466367713 0.13452914798206278 0.06278026905829596 0.026905829596412557 0.09417040358744394 0.02242152466367713 0.14798206278026907 
0.30097087378640774 0.04854368932038835 0.08737864077669903 0.04854368932038835 0.05825242718446602 0.0970873786407767 0.14563106796116504 0.08737864077669903 0.06796116504854369 0.05825242718446602 
0.25 0.04310344827586207 0.05172413793103448 0.04310344827586207 0.05172413793103448 0.13793103448275862 0.0603448275862069 0.04310344827586207 0.04310344827586207 0.27586206896551724 
0.175 0.075 0.0625 0.0625 0.125 0.0875 0.0875 0.1625 0.0625 0.1 
0.5543478260869565 0.02717391304347826 0.07065217391304347 0.02717391304347826 0.07065217391304347 0.02717391304347826 0.03804347826086957 0.11413043478260869 0.03260869565217391 0.03804347826086957 
0.08823529411764706 0.07352941176470588 0.11764705882352941 0.07352941176470588 0.07352941176470588 0.08823529411764706 0.07352941176470588 0.25 0.07352941176470588 0.08823529411764706 
0.19718309859154928 0.07042253521126761 0.09859154929577464 0.07042253521126761 0.09859154929577464 0.1267605633802817 0.07042253521126761 0.08450704225352113 0.07042253521126761 0.11267605633802817 
0.11594202898550725 0.07246376811594203 0.15942028985507245 0.07246376811594203 0.08695652173913043 0.08695652173913043 0.10144927536231885 0.07246376811594203 0.07246376811594203 0.15942028985507245 
0.41509433962264153 0.02358490566037736 0.04245283018867924 0.02358490566037736 0.0330188679245283 0.0660377358490566 0.1320754716981132 0.2028301886792453 0.02830188679245283 0.0330188679245283 
0.4129032258064516 0.03225806451612903 0.16129032258064516 0.03225806451612903 0.11612903225806452 0.03870967741935484 0.03225806451612903 0.08387096774193549 0.03870967741935484 0.05161290322580645 
0.50625 0.03125 0.18125 0.03125 0.04375 0.04375 0.0375 0.03125 0.04375 0.05 
0.5573770491803278 0.02459016393442623 0.09016393442622951 0.020491803278688523 0.06557377049180328 0.0860655737704918 0.04918032786885246 0.045081967213114756 0.020491803278688523 0.040983606557377046 
0.4117647058823529 0.032679738562091505 0.08496732026143791 0.032679738562091505 0.058823529411764705 0.058823529411764705 0.0392156862745098 0.10457516339869281 0.0392156862745098 0.13725490196078433 
0.4594594594594595 0.05405405405405406 0.0990990990990991 0.04504504504504504 0.04504504504504504 0.08108108108108109 0.04504504504504504 0.06306306306306306 0.04504504504504504 0.06306306306306306 
0.545662100456621 0.01141552511415525 0.1415525114155251 0.01141552511415525 0.05707762557077625 0.0776255707762557 0.0182648401826484 0.09817351598173515 0.01141552511415525 0.0273972602739726 
0.10191082802547771 0.022292993630573247 0.28343949044585987 0.01592356687898089 0.050955414012738856 0.022292993630573247 0.01910828025477707 0.35987261146496813 0.022292993630573247 0.10191082802547771 
0.2535211267605634 0.023474178403755867 0.028169014084507043 0.023474178403755867 0.06103286384976526 0.023474178403755867 0.03286384976525822 0.48826291079812206 0.028169014084507043 0.03755868544600939 
0.4351851851851852 0.046296296296296294 0.07407407407407407 0.046296296296296294 0.06481481481481481 0.07407407407407407 0.05555555555555555 0.10185185185185185 0.046296296296296294 0.05555555555555555 
0.1875 0.0625 0.1625 0.0625 0.075 0.0875 0.0875 0.1 0.075 0.1 
0.1125 0.0625 0.125 0.0625 0.1625 0.125 0.0625 0.1375 0.0625 0.0875 
0.22077922077922077 0.06493506493506493 0.09090909090909091 0.06493506493506493 0.06493506493506493 0.06493506493506493 0.07792207792207792 0.12987012987012986 0.06493506493506493 0.15584415584415584 
0.508 0.02 0.128 0.02 0.088 0.032 0.032 0.116 0.02 0.036 
0.5772727272727273 0.02727272727272727 0.031818181818181815 0.022727272727272728 0.05454545454545454 0.09090909090909091 0.05454545454545454 0.03636363636363636 0.022727272727272728 0.08181818181818182 
0.22265625 0.01953125 0.2578125 0.01953125 0.0625 0.03125 0.01953125 0.21484375 0.01953125 0.1328125 
0.1125 0.0625 0.0625 0.0625 0.075 0.075 0.0625 0.0875 0.0625 0.3375 
0.11702127659574468 0.047872340425531915 0.5531914893617021 0.026595744680851064 0.03723404255319149 0.026595744680851064 0.031914893617021274 0.10106382978723404 0.031914893617021274 0.026595744680851064 
0.24102564102564103 0.02564102564102564 0.24102564102564103 0.02564102564102564 0.03076923076923077 0.09743589743589744 0.06153846153846154 0.08205128205128205 0.02564102564102564 0.16923076923076924 
0.13043478260869565 0.05434782608695652 0.07608695652173914 0.05434782608695652 0.10869565217391304 0.05434782608695652 0.05434782608695652 0.2391304347826087 0.06521739130434782 0.16304347826086957 
0.5337837837837838 0.0472972972972973 0.0472972972972973 0.033783783783783786 0.06756756756756757 0.0472972972972973 0.04054054054054054 0.0945945945945946 0.033783783783783786 0.05405405405405406 
0.10218978102189781 0.0364963503649635 0.043795620437956206 0.0364963503649635 0.1678832116788321 0.043795620437956206 0.043795620437956206 0.3795620437956204 0.043795620437956206 0.10218978102189781 
0.13043478260869565 0.08695652173913043 0.10144927536231885 0.07246376811594203 0.11594202898550725 0.10144927536231885 0.10144927536231885 0.07246376811594203 0.07246376811594203 0.14492753623188406 
0.11864406779661017 0.0847457627118644 0.0847457627118644 0.0847457627118644 0.0847457627118644 0.1016949152542373 0.15254237288135594 0.11864406779661017 0.0847457627118644 0.0847457627118644 
0.5885714285714285 0.02857142857142857 0.06285714285714286 0.02857142857142857 0.06285714285714286 0.05714285714285714 0.02857142857142857 0.06857142857142857 0.02857142857142857 0.045714285714285714 
0.23943661971830985 0.07042253521126761 0.11267605633802817 0.07042253521126761 0.11267605633802817 0.07042253521126761 0.11267605633802817 0.07042253521126761 0.07042253521126761 0.07042253521126761 
0.14925373134328357 0.07462686567164178 0.13432835820895522 0.07462686567164178 0.07462686567164178 0.07462686567164178 0.08955223880597014 0.07462686567164178 0.07462686567164178 0.1791044776119403 
0.4720496894409938 0.037267080745341616 0.049689440993788817 0.031055900621118012 0.11180124223602485 0.09937888198757763 0.07453416149068323 0.031055900621118012 0.049689440993788817 0.043478260869565216 
0.17682926829268292 0.03048780487804878 0.054878048780487805 0.03048780487804878 0.13414634146341464 0.17073170731707318 0.03048780487804878 0.25 0.03048780487804878 0.09146341463414634 
0.4473684210526316 0.043859649122807015 0.12280701754385964 0.043859649122807015 0.06140350877192982 0.07017543859649122 0.07017543859649122 0.043859649122807015 0.043859649122807015 0.05263157894736842 
0.1 0.08333333333333333 0.08333333333333333 0.08333333333333333 0.11666666666666667 0.1 0.08333333333333333 0.15 0.08333333333333333 0.11666666666666667 
0.08333333333333333 0.08333333333333333 0.1 0.08333333333333333 0.11666666666666667 0.15 0.1 0.11666666666666667 0.08333333333333333 0.08333333333333333 
0.13333333333333333 0.058333333333333334 0.058333333333333334 0.041666666666666664 0.2916666666666667 0.08333333333333333 0.041666666666666664 0.125 0.041666666666666664 0.125 
0.25 0.0625 0.075 0.0625 0.0875 0.075 0.075 0.1375 0.075 0.1 
0.35233160621761656 0.025906735751295335 0.04145077720207254 0.025906735751295335 0.11398963730569948 0.3005181347150259 0.025906735751295335 0.05699481865284974 0.025906735751295335 0.031088082901554404 
0.07142857142857142 0.05952380952380952 0.10714285714285714 0.05952380952380952 0.10714285714285714 0.14285714285714285 0.25 0.08333333333333333 0.05952380952380952 0.05952380952380952 
0.0625 0.03125 0.075 0.03125 0.55 0.0875 0.03125 0.05625 0.0375 0.0375 
0.049429657794676805 0.030418250950570342 0.03802281368821293 0.019011406844106463 0.49049429657794674 0.049429657794676805 0.022813688212927757 0.22813688212927757 0.019011406844106463 0.053231939163498096 
0.12056737588652482 0.03546099290780142 0.3971631205673759 0.03546099290780142 0.07092198581560284 0.07801418439716312 0.0425531914893617 0.0425531914893617 0.06382978723404255 0.11347517730496454 
0.109375 0.078125 0.078125 0.078125 0.09375 0.078125 0.09375 0.125 0.078125 0.1875 
0.24050632911392406 0.06329113924050633 0.13924050632911392 0.06329113924050633 0.12658227848101267 0.06329113924050633 0.08860759493670886 0.08860759493670886 0.06329113924050633 0.06329113924050633 
0.0967741935483871 0.0967741935483871 0.08064516129032258 0.08064516129032258 0.14516129032258066 0.08064516129032258 0.08064516129032258 0.1774193548387097 0.08064516129032258 0.08064516129032258 
0.25660377358490566 0.018867924528301886 0.10566037735849057 0.018867924528301886 0.4 0.03018867924528302 0.018867924528301886 0.11320754716981132 0.018867924528301886 0.018867924528301886 
0.09016393442622951 0.040983606557377046 0.4098360655737705 0.040983606557377046 0.04918032786885246 0.040983606557377046 0.1885245901639344 0.05737704918032787 0.040983606557377046 0.040983606557377046 
0.4580152671755725 0.03816793893129771 0.04580152671755725 0.03816793893129771 0.06870229007633588 0.10687022900763359 0.04580152671755725 0.04580152671755725 0.03816793893129771 0.11450381679389313 
0.06 0.03333333333333333 0.22 0.03333333333333333 0.11333333333333333 0.12 0.03333333333333333 0.24 0.03333333333333333 0.11333333333333333 
0.3514644351464435 0.02092050209205021 0.1506276150627615 0.02092050209205021 0.09623430962343096 0.07531380753138076 0.04184100418410042 0.18828451882845187 0.029288702928870293 0.02510460251046025 
0.09411764705882353 0.058823529411764705 0.08235294117647059 0.058823529411764705 0.11764705882352941 0.12941176470588237 0.07058823529411765 0.2235294117647059 0.058823529411764705 0.10588235294117647 
0.06198347107438017 0.024793388429752067 0.4132231404958678 0.02066115702479339 0.045454545454545456 0.0743801652892562 0.06198347107438017 0.06198347107438017 0.04132231404958678 0.19421487603305784 
0.15 0.04375 0.16875 0.03125 0.08125 0.125 0.03125 0.075 0.03125 0.2625 
0.42207792207792205 0.05844155844155844 0.2532467532467532 0.032467532467532464 0.03896103896103896 0.032467532467532464 0.03896103896103896 0.045454545454545456 0.032467532467532464 0.045454545454545456 
0.13861386138613863 0.0594059405940594 0.25742574257425743 0.04950495049504951 0.06930693069306931 0.06930693069306931 0.15841584158415842 0.04950495049504951 0.04950495049504951 0.09900990099009901 
0.3480392156862745 0.024509803921568627 0.04411764705882353 0.024509803921568627 0.058823529411764705 0.31862745098039214 0.024509803921568627 0.05392156862745098 0.029411764705882353 0.07352941176470588 
0.3026315789473684 0.021929824561403508 0.05263157894736842 0.021929824561403508 0.05701754385964912 0.09210526315789473 0.039473684210526314 0.36403508771929827 0.021929824561403508 0.02631578947368421 
0.13114754098360656 0.08196721311475409 0.09836065573770492 0.08196721311475409 0.08196721311475409 0.11475409836065574 0.09836065573770492 0.11475409836065574 0.08196721311475409 0.11475409836065574 
0.24203821656050956 0.03184713375796178 0.10191082802547771 0.03184713375796178 0.08917197452229299 0.08917197452229299 0.08280254777070063 0.12738853503184713 0.03821656050955414 0.16560509554140126 
0.09547738693467336 0.035175879396984924 0.21608040201005024 0.02512562814070352 0.05025125628140704 0.07537688442211055 0.16080402010050251 0.2814070351758794 0.02512562814070352 0.035175879396984924 
0.14705882352941177 0.07352941176470588 0.17647058823529413 0.07352941176470588 0.07352941176470588 0.07352941176470588 0.07352941176470588 0.10294117647058823 0.07352941176470588 0.1323529411764706 
0.14285714285714285 0.06493506493506493 0.14285714285714285 0.06493506493506493 0.09090909090909091 0.09090909090909091 0.06493506493506493 0.19480519480519481 0.06493506493506493 0.07792207792207792 
0.08955223880597014 0.08955223880597014 0.07462686567164178 0.07462686567164178 0.08955223880597014 0.07462686567164178 0.08955223880597014 0.22388059701492538 0.08955223880597014 0.1044776119402985 
0.15083798882681565 0.03910614525139665 0.5586592178770949 0.027932960893854747 0.05027932960893855 0.0335195530726257 0.03910614525139665 0.03910614525139665 0.027932960893854747 0.0335195530726257 
0.40540540540540543 0.02252252252252252 0.21171171171171171 0.02252252252252252 0.03153153153153153 0.04054054054054054 0.05855855855855856 0.12612612612612611 0.02702702702702703 0.05405405405405406 
0.4337899543378995 0.0365296803652968 0.0821917808219178 0.0228310502283105 0.2465753424657534 0.0228310502283105 0.0228310502283105 0.0684931506849315 0.0273972602739726 0.0365296803652968 
0.1875 0.0625 0.175 0.0625 0.125 0.0625 0.075 0.0875 0.0875 0.075 
0.596551724137931 0.03103448275862069 0.10689655172413794 0.017241379310344827 0.02413793103448276 0.02413793103448276 0.03793103448275862 0.1 0.034482758620689655 0.027586206896551724 
0.1323529411764706 0.08823529411764706 0.10294117647058823 0.07352941176470588 0.07352941176470588 0.07352941176470588 0.22058823529411764 0.07352941176470588 0.08823529411764706 0.07352941176470588 
0.08139534883720931 0.029069767441860465 0.563953488372093 0.029069767441860465 0.0872093023255814 0.03488372093023256 0.0755813953488372 0.029069767441860465 0.029069767441860465 0.040697674418604654 
0.1319796954314721 0.025380710659898477 0.03553299492385787 0.025380710659898477 0.05583756345177665 0.10152284263959391 0.40609137055837563 0.09137055837563451 0.03553299492385787 0.09137055837563451 
0.536723163841808 0.03954802259887006 0.12994350282485875 0.02824858757062147 0.03954802259887006 0.04519774011299435 0.03389830508474576 0.07344632768361582 0.03389830508474576 0.03954802259887006 
0.18461538461538463 0.07692307692307693 0.12307692307692308 0.07692307692307693 0.1076923076923077 0.09230769230769231 0.07692307692307693 0.1076923076923077 0.07692307692307693 0.07692307692307693 
0.14754098360655737 0.03278688524590164 0.15846994535519127 0.0273224043715847 0.366120218579235 0.04918032786885246 0.11475409836065574 0.03825136612021858 0.0273224043715847 0.03825136612021858 
0.08695652173913043 0.07246376811594203 0.08695652173913043 0.07246376811594203 0.11594202898550725 0.21739130434782608 0.07246376811594203 0.07246376811594203 0.08695652173913043 0.11594202898550725 
0.19047619047619047 0.07936507936507936 0.07936507936507936 0.07936507936507936 0.07936507936507936 0.1111111111111111 0.07936507936507936 0.14285714285714285 0.07936507936507936 0.07936507936507936 
0.1651376146788991 0.06422018348623854 0.045871559633027525 0.045871559633027525 0.05504587155963303 0.07339449541284404 0.3761467889908257 0.045871559633027525 0.06422018348623854 0.06422018348623854 
0.08275862068965517 0.034482758620689655 0.05517241379310345 0.034482758620689655 0.5448275862068965 0.041379310344827586 0.034482758620689655 0.06896551724137931 0.041379310344827586 0.06206896551724138 
0.42920353982300885 0.022123893805309734 0.03982300884955752 0.022123893805309734 0.05309734513274336 0.084070796460177 0.030973451327433628 0.23008849557522124 0.04424778761061947 0.04424778761061947 
0.38028169014084506 0.04225352112676056 0.07042253521126761 0.035211267605633804 0.14084507042253522 0.04225352112676056 0.09154929577464789 0.06338028169014084 0.06338028169014084 0.07042253521126761 
0.15517241379310345 0.07758620689655173 0.08620689655172414 0.04310344827586207 0.05172413793103448 0.07758620689655173 0.05172413793103448 0.1206896551724138 0.06896551724137931 0.2672413793103448 
0.39325842696629215 0.033707865168539325 0.04868913857677903 0.018726591760299626 0.03745318352059925 0.0449438202247191 0.026217228464419477 0.3295880149812734 0.03745318352059925 0.0299625468164794 
0.34673366834170855 0.03015075376884422 0.15577889447236182 0.02512562814070352 0.06532663316582915 0.1407035175879397 0.04020100502512563 0.1407035175879397 0.02512562814070352 0.03015075376884422 
0.2289156626506024 0.060240963855421686 0.1566265060240964 0.060240963855421686 0.10843373493975904 0.0963855421686747 0.07228915662650602 0.08433734939759036 0.07228915662650602 0.060240963855421686 
0.5918367346938775 0.025510204081632654 0.030612244897959183 0.025510204081632654 0.07142857142857142 0.061224489795918366 0.030612244897959183 0.09183673469387756 0.03571428571428571 0.03571428571428571 
0.04975124378109453 0.024875621890547265 0.25870646766169153 0.024875621890547265 0.05472636815920398 0.05970149253731343 0.03482587064676617 0.029850746268656716 0.024875621890547265 0.43781094527363185 
0.06 0.03333333333333333 0.62 0.03333333333333333 0.04666666666666667 0.04 0.04666666666666667 0.04666666666666667 0.04 0.03333333333333333 
0.16666666666666666 0.058333333333333334 0.075 0.041666666666666664 0.1 0.325 0.05 0.075 0.05 0.058333333333333334 
0.2513089005235602 0.05235602094240838 0.2670157068062827 0.02617801047120419 0.07853403141361257 0.02617801047120419 0.17801047120418848 0.041884816753926704 0.041884816753926704 0.03664921465968586 
0.06896551724137931 0.034482758620689655 0.034482758620689655 0.024630541871921183 0.09852216748768473 0.09852216748768473 0.024630541871921183 0.3793103448275862 0.034482758620689655 0.2019704433497537 
0.4146341463414634 0.11382113821138211 0.08943089430894309 0.04065040650406504 0.04878048780487805 0.06504065040650407 0.04065040650406504 0.10569105691056911 0.04065040650406504 0.04065040650406504 
0.07407407407407407 0.026455026455026454 0.5978835978835979 0.026455026455026454 0.06878306878306878 0.07407407407407407 0.037037037037037035 0.031746031746031744 0.026455026455026454 0.037037037037037035 
0.1319796954314721 0.025380710659898477 0.08629441624365482 0.025380710659898477 0.050761421319796954 0.1319796954314721 0.3756345177664975 0.116751269035533 0.025380710659898477 0.030456852791878174 
0.0873015873015873 0.07142857142857142 0.31746031746031744 0.03968253968253968 0.06349206349206349 0.047619047619047616 0.03968253968253968 0.21428571428571427 0.05555555555555555 0.06349206349206349 
0.055865921787709494 0.027932960893854747 0.07262569832402235 0.027932960893854747 0.0893854748603352 0.055865921787709494 0.0335195530726257 0.4692737430167598 0.0335195530726257 0.1340782122905028 
0.42916666666666664 0.020833333333333332 0.041666666666666664 0.020833333333333332 0.0375 0.04583333333333333 0.029166666666666667 0.32916666666666666 0.020833333333333332 0.025 
0.25327510917030566 0.021834061135371178 0.07860262008733625 0.021834061135371178 0.20087336244541484 0.2096069868995633 0.026200873362445413 0.11353711790393013 0.026200873362445413 0.048034934497816595 
0.4098360655737705 0.0273224043715847 0.07650273224043716 0.0273224043715847 0.04918032786885246 0.03278688524590164 0.0273224043715847 0.26229508196721313 0.03825136612021858 0.04918032786885246 
0.08955223880597014 0.07462686567164178 0.23880597014925373 0.07462686567164178 0.11940298507462686 0.07462686567164178 0.1044776119402985 0.07462686567164178 0.07462686567164178 0.07462686567164178 
0.14814814814814814 0.037037037037037035 0.14814814814814814 0.030864197530864196 0.05555555555555555 0.2716049382716049 0.037037037037037035 0.08024691358024691 0.037037037037037035 0.15432098765432098 
0.21782178217821782 0.0891089108910891 0.13366336633663367 0.024752475247524754 0.034653465346534656 0.06435643564356436 0.0297029702970297 0.08415841584158416 0.024752475247524754 0.297029702970297 
0.24271844660194175 0.04854368932038835 0.04854368932038835 0.04854368932038835 0.04854368932038835 0.04854368932038835 0.33980582524271846 0.05825242718446602 0.06796116504854369 0.04854368932038835 
0.07246376811594203 0.07246376811594203 0.08695652173913043 0.07246376811594203 0.10144927536231885 0.10144927536231885 0.07246376811594203 0.2318840579710145 0.07246376811594203 0.11594202898550725 
0.14728682170542637 0.03875968992248062 0.13953488372093023 0.03875968992248062 0.06976744186046512 0.06201550387596899 0.046511627906976744 0.10077519379844961 0.046511627906976744 0.31007751937984496 
0.109375 0.078125 0.140625 0.078125 0.125 0.09375 0.078125 0.140625 0.078125 0.078125 
0.12258064516129032 0.03225806451612903 0.08387096774193549 0.03225806451612903 0.03870967741935484 0.04516129032258064 0.4838709677419355 0.06451612903225806 0.03870967741935484 0.05806451612903226 
0.3707865168539326 0.06741573033707865 0.06741573033707865 0.056179775280898875 0.0898876404494382 0.06741573033707865 0.056179775280898875 0.07865168539325842 0.06741573033707865 0.07865168539325842 
0.38626609442060084 0.02145922746781116 0.060085836909871244 0.02145922746781116 0.030042918454935622 0.15879828326180256 0.11587982832618025 0.10300429184549356 0.02145922746781116 0.0815450643776824 
0.4046242774566474 0.028901734104046242 0.06358381502890173 0.028901734104046242 0.046242774566473986 0.15028901734104047 0.028901734104046242 0.046242774566473986 0.028901734104046242 0.17341040462427745 
0.20920502092050208 0.03765690376569038 0.058577405857740586 0.02092050209205021 0.08368200836820083 0.029288702928870293 0.02092050209205021 0.48535564853556484 0.02092050209205021 0.03347280334728033 
0.11267605633802817 0.07042253521126761 0.08450704225352113 0.07042253521126761 0.22535211267605634 0.08450704225352113 0.08450704225352113 0.08450704225352113 0.09859154929577464 0.08450704225352113 
0.047619047619047616 0.02857142857142857 0.6619047619047619 0.023809523809523808 0.047619047619047616 0.023809523809523808 0.04285714285714286 0.05238095238095238 0.03333333333333333 0.0380952380952381 
0.06719367588932806 0.023715415019762844 0.5098814229249012 0.019762845849802372 0.05928853754940711 0.04743083003952569 0.15810276679841898 0.05928853754940711 0.023715415019762844 0.03162055335968379 
0.216 0.048 0.136 0.04 0.232 0.064 0.04 0.088 0.056 0.08 
0.508130081300813 0.024390243902439025 0.07723577235772358 0.02032520325203252 0.052845528455284556 0.056910569105691054 0.028455284552845527 0.16666666666666666 0.036585365853658534 0.028455284552845527 
0.18439716312056736 0.03546099290780142 0.0425531914893617 0.03546099290780142 0.3475177304964539 0.06382978723404255 0.03546099290780142 0.0851063829787234 0.0425531914893617 0.1276595744680851 
0.5689655172413793 0.02586206896551724 0.034482758620689655 0.021551724137931036 0.04310344827586207 0.03017241379310345 0.04310344827586207 0.1724137931034483 0.021551724137931036 0.03879310344827586 
0.07586206896551724 0.05517241379310345 0.25517241379310346 0.034482758620689655 0.05517241379310345 0.06896551724137931 0.30344827586206896 0.06896551724137931 0.034482758620689655 0.04827586206896552 
0.3150684931506849 0.0365296803652968 0.0502283105022831 0.0228310502283105 0.0547945205479452 0.0547945205479452 0.0365296803652968 0.0821917808219178 0.0273972602739726 0.319634703196347 
0.06944444444444445 0.09722222222222222 0.09722222222222222 0.06944444444444445 0.18055555555555555 0.06944444444444445 0.06944444444444445 0.08333333333333333 0.06944444444444445 0.19444444444444445 
0.17391304347826086 0.050724637681159424 0.07246376811594203 0.036231884057971016 0.050724637681159424 0.32608695652173914 0.043478260869565216 0.057971014492753624 0.043478260869565216 0.14492753623188406 
0.05426356589147287 0.023255813953488372 0.39147286821705424 0.01937984496124031 0.03875968992248062 0.2441860465116279 0.05813953488372093 0.10465116279069768 0.01937984496124031 0.046511627906976744 
0.18041237113402062 0.061855670103092786 0.5309278350515464 0.02577319587628866 0.02577319587628866 0.030927835051546393 0.030927835051546393 0.04639175257731959 0.03608247422680412 0.030927835051546393 
0.3724137931034483 0.08275862068965517 0.1103448275862069 0.034482758620689655 0.06206896551724138 0.12413793103448276 0.04827586206896552 0.034482758620689655 0.041379310344827586 0.0896551724137931 
0.13043478260869565 0.07246376811594203 0.08695652173913043 0.07246376811594203 0.10144927536231885 0.07246376811594203 0.21739130434782608 0.07246376811594203 0.10144927536231885 0.07246376811594203 
0.5488721804511278 0.045112781954887216 0.05263157894736842 0.03759398496240601 0.045112781954887216 0.045112781954887216 0.03759398496240601 0.09774436090225563 0.03759398496240601 0.05263157894736842 
0.4434782608695652 0.05217391304347826 0.06956521739130435 0.043478260869565216 0.11304347826086956 0.06086956521739131 0.06086956521739131 0.06956521739130435 0.043478260869565216 0.043478260869565216 
0.0847457627118644 0.11864406779661017 0.11864406779661017 0.0847457627118644 0.1016949152542373 0.0847457627118644 0.0847457627118644 0.15254237288135594 0.0847457627118644 0.0847457627118644 
0.04230769230769231 0.023076923076923078 0.7192307692307692 0.019230769230769232 0.026923076923076925 0.04230769230769231 0.019230769230769232 0.05 0.023076923076923078 0.03461538461538462 
0.05128205128205128 0.02564102564102564 0.05128205128205128 0.02564102564102564 0.2358974358974359 0.03076923076923077 0.041025641025641026 0.19487179487179487 0.02564102564102564 0.31794871794871793 
0.06666666666666667 0.05555555555555555 0.1 0.05555555555555555 0.2111111111111111 0.07777777777777778 0.05555555555555555 0.14444444444444443 0.05555555555555555 0.17777777777777778 
0.08955223880597014 0.07462686567164178 0.07462686567164178 0.07462686567164178 0.08955223880597014 0.22388059701492538 0.07462686567164178 0.11940298507462686 0.1044776119402985 0.07462686567164178 
0.02666666666666667 0.02666666666666667 0.12444444444444444 0.022222222222222223 0.06222222222222222 0.02666666666666667 0.03111111111111111 0.03111111111111111 0.02666666666666667 0.6222222222222222 
0.39593908629441626 0.025380710659898477 0.1065989847715736 0.025380710659898477 0.07106598984771574 0.07106598984771574 0.07614213197969544 0.050761421319796954 0.14213197969543148 0.03553299492385787 
0.4129032258064516 0.03225806451612903 0.04516129032258064 0.03225806451612903 0.1032258064516129 0.0967741935483871 0.10967741935483871 0.07096774193548387 0.04516129032258064 0.05161290322580645 
0.49032258064516127 0.05806451612903226 0.05806451612903226 0.03225806451612903 0.07096774193548387 0.03225806451612903 0.04516129032258064 0.12903225806451613 0.03225806451612903 0.05161290322580645 
0.05263157894736842 0.02631578947368421 0.1 0.02631578947368421 0.23157894736842105 0.11578947368421053 0.03684210526315789 0.29473684210526313 0.031578947368421054 0.08421052631578947 
0.05660377358490566 0.02358490566037736 0.28773584905660377 0.02358490566037736 0.10377358490566038 0.04716981132075472 0.37264150943396224 0.0330188679245283 0.02358490566037736 0.02830188679245283 
0.09236947791164658 0.05220883534136546 0.060240963855421686 0.020080321285140562 0.05220883534136546 0.028112449799196786 0.024096385542168676 0.5943775100401606 0.020080321285140562 0.05622489959839357 
0.11029411764705882 0.17647058823529413 0.04411764705882353 0.03676470588235294 0.04411764705882353 0.07352941176470588 0.03676470588235294 0.3235294117647059 0.03676470588235294 0.11764705882352941 
0.08843537414965986 0.04081632653061224 0.25170068027210885 0.034013605442176874 0.047619047619047616 0.10204081632653061 0.08163265306122448 0.047619047619047616 0.047619047619047616 0.2585034013605442 
0.09333333333333334 0.06666666666666667 0.10666666666666667 0.06666666666666667 0.12 0.08 0.09333333333333334 0.09333333333333334 0.12 0.16 
0.373015873015873 0.05555555555555555 0.15079365079365079 0.03968253968253968 0.06349206349206349 0.06349206349206349 0.047619047619047616 0.0873015873015873 0.06349206349206349 0.05555555555555555 
0.031088082901554404 0.12953367875647667 0.5440414507772021 0.025906735751295335 0.08808290155440414 0.06217616580310881 0.025906735751295335 0.025906735751295335 0.031088082901554404 0.03626943005181347 
0.11392405063291139 0.0759493670886076 0.10126582278481013 0.06329113924050633 0.10126582278481013 0.0759493670886076 0.20253164556962025 0.10126582278481013 0.0759493670886076 0.08860759493670886 
0.14864864864864866 0.06756756756756757 0.13513513513513514 0.06756756756756757 0.16216216216216217 0.10810810810810811 0.06756756756756757 0.06756756756756757 0.0945945945945946 0.08108108108108109 
0.03619909502262444 0.02262443438914027 0.31221719457013575 0.02262443438914027 0.10407239819004525 0.3031674208144796 0.049773755656108594 0.05429864253393665 0.03619909502262444 0.058823529411764705 
0.3761467889908257 0.05504587155963303 0.05504587155963303 0.045871559633027525 0.08256880733944955 0.05504587155963303 0.045871559633027525 0.1743119266055046 0.05504587155963303 0.05504587155963303 
0.12053571428571429 0.03571428571428571 0.04017857142857143 0.022321428571428572 0.16517857142857142 0.0625 0.022321428571428572 0.27232142857142855 0.03125 0.22767857142857142 
0.04419889502762431 0.027624309392265192 0.07734806629834254 0.027624309392265192 0.07734806629834254 0.09392265193370165 0.055248618784530384 0.5248618784530387 0.03314917127071823 0.03867403314917127 
0.07407407407407407 0.022222222222222223 0.05925925925925926 0.018518518518518517 0.14444444444444443 0.37037037037037035 0.03333333333333333 0.15555555555555556 0.037037037037037035 0.08518518518518518 
0.06060606060606061 0.06060606060606061 0.13636363636363635 0.025252525252525252 0.09090909090909091 0.045454545454545456 0.04040404040404041 0.47474747474747475 0.025252525252525252 0.04040404040404041 
0.05102040816326531 0.025510204081632654 0.17346938775510204 0.025510204081632654 0.1683673469387755 0.35714285714285715 0.061224489795918366 0.05102040816326531 0.030612244897959183 0.05612244897959184 
0.14035087719298245 0.08771929824561403 0.08771929824561403 0.08771929824561403 0.12280701754385964 0.08771929824561403 0.10526315789473684 0.10526315789473684 0.08771929824561403 0.08771929824561403 
0.18796992481203006 0.045112781954887216 0.06015037593984962 0.03759398496240601 0.045112781954887216 0.07518796992481203 0.38345864661654133 0.06766917293233082 0.045112781954887216 0.05263157894736842 
0.13488372093023257 0.03255813953488372 0.6186046511627907 0.023255813953488372 0.03255813953488372 0.027906976744186046 0.03255813953488372 0.037209302325581395 0.03255813953488372 0.027906976744186046 
