0.04716981132075472 0.0220125786163522 0.07232704402515723 0.059748427672955975 0.07861635220125786 0.040880503144654086 0.040880503144654086 0.0660377358490566 0.059748427672955975 0.040880503144654086 0.059748427672955975 0.04716981132075472 0.02830188679245283 0.03459119496855346 0.02830188679245283 0.0660377358490566 0.05345911949685535 0.059748427672955975 0.040880503144654086 0.05345911949685535 
0.0496031746031746 0.00992063492063492 0.013888888888888888 0.6130952380952381 0.00992063492063492 0.00992063492063492 0.00992063492063492 0.00992063492063492 0.00992063492063492 0.00992063492063492 0.0496031746031746 0.07341269841269842 0.00992063492063492 0.03373015873015873 0.02976190476190476 0.00992063492063492 0.00992063492063492 0.017857142857142856 0.00992063492063492 0.00992063492063492 
0.03333333333333333 0.03333333333333333 0.03333333333333333 0.20666666666666667 0.03333333333333333 0.04666666666666667 0.03333333333333333 0.11333333333333333 0.03333333333333333 0.03333333333333333 0.04666666666666667 0.03333333333333333 0.03333333333333333 0.04666666666666667 0.07333333333333333 0.03333333333333333 0.03333333333333333 0.03333333333333333 0.03333333333333333 0.03333333333333333 
0.14788732394366197 0.011737089201877934 0.03990610328638498 0.5422535211267606 0.011737089201877934 0.01643192488262911 0.011737089201877934 0.011737089201877934 0.011737089201877934 0.01643192488262911 0.011737089201877934 0.011737089201877934 0.011737089201877934 0.03990610328638498 0.03990610328638498 0.011737089201877934 0.01643192488262911 0.011737089201877934 0.011737089201877934 0.011737089201877934 
0.017605633802816902 0.017605633802816902 0.017605633802816902 0.4119718309859155 0.017605633802816902 0.07394366197183098 0.02464788732394366 0.02464788732394366 0.017605633802816902 0.017605633802816902 0.03169014084507042 0.017605633802816902 0.017605633802816902 0.017605633802816902 0.07394366197183098 0.017605633802816902 0.017605633802816902 0.13028169014084506 0.017605633802816902 0.017605633802816902 
0.030120481927710843 0.030120481927710843 0.030120481927710843 0.25903614457831325 0.030120481927710843 0.030120481927710843 0.04216867469879518 0.05421686746987952 0.030120481927710843 0.030120481927710843 0.04216867469879518 0.030120481927710843 0.030120481927710843 0.030120481927710843 0.13855421686746988 0.030120481927710843 0.030120481927710843 0.04216867469879518 0.030120481927710843 0.030120481927710843 
0.01440329218106996 0.0102880658436214 0.02263374485596708 0.2736625514403292 0.0102880658436214 0.01440329218106996 0.0102880658436214 0.16255144032921812 0.0102880658436214 0.0102880658436214 0.030864197530864196 0.0102880658436214 0.0102880658436214 0.0102880658436214 0.31069958847736623 0.0102880658436214 0.047325102880658436 0.0102880658436214 0.0102880658436214 0.0102880658436214 
0.027472527472527472 0.027472527472527472 0.19230769230769232 0.09340659340659341 0.027472527472527472 0.027472527472527472 0.027472527472527472 0.04945054945054945 0.027472527472527472 0.027472527472527472 0.06043956043956044 0.06043956043956044 0.027472527472527472 0.038461538461538464 0.027472527472527472 0.027472527472527472 0.11538461538461539 0.06043956043956044 0.027472527472527472 0.027472527472527472 
0.045454545454545456 0.032467532467532464 0.07142857142857142 0.05844155844155844 0.032467532467532464 0.14935064935064934 0.032467532467532464 0.045454545454545456 0.045454545454545456 0.032467532467532464 0.05844155844155844 0.045454545454545456 0.032467532467532464 0.05844155844155844 0.05844155844155844 0.032467532467532464 0.07142857142857142 0.032467532467532464 0.032467532467532464 0.032467532467532464 
0.029914529914529916 0.021367521367521368 0.07264957264957266 0.021367521367521368 0.021367521367521368 0.038461538461538464 0.021367521367521368 0.029914529914529916 0.021367521367521368 0.021367521367521368 0.021367521367521368 0.021367521367521368 0.021367521367521368 0.021367521367521368 0.5085470085470085 0.021367521367521368 0.021367521367521368 0.021367521367521368 0.021367521367521368 0.021367521367521368 
0.016587677725118485 0.011848341232227487 0.011848341232227487 0.6421800947867299 0.011848341232227487 0.016587677725118485 0.02132701421800948 0.016587677725118485 0.030805687203791468 0.016587677725118485 0.016587677725118485 0.016587677725118485 0.011848341232227487 0.02132701421800948 0.011848341232227487 0.011848341232227487 0.011848341232227487 0.07819905213270142 0.011848341232227487 0.011848341232227487 
0.019886363636363636 0.014204545454545454 0.02556818181818182 0.33238636363636365 0.014204545454545454 0.17897727272727273 0.02556818181818182 0.036931818181818184 0.03125 0.014204545454545454 0.014204545454545454 0.03125 0.014204545454545454 0.019886363636363636 0.1278409090909091 0.014204545454545454 0.019886363636363636 0.036931818181818184 0.014204545454545454 0.014204545454545454 
0.0546875 0.0390625 0.0390625 0.1015625 0.0390625 0.0703125 0.0390625 0.0390625 0.0390625 0.0390625 0.0546875 0.0390625 0.0390625 0.0390625 0.1015625 0.0390625 0.0546875 0.0546875 0.0390625 0.0390625 
0.116 0.02 0.172 0.076 0.02 0.044 0.028 0.02 0.02 0.02 0.22 0.052 0.02 0.02 0.052 0.02 0.02 0.02 0.02 0.02 
0.04861111111111111 0.034722222222222224 0.034722222222222224 0.09027777777777778 0.034722222222222224 0.034722222222222224 0.034722222222222224 0.04861111111111111 0.034722222222222224 0.034722222222222224 0.034722222222222224 0.04861111111111111 0.034722222222222224 0.034722222222222224 0.09027777777777778 0.1736111111111111 0.034722222222222224 0.04861111111111111 0.034722222222222224 0.034722222222222224 
0.022277227722772276 0.012376237623762377 0.022277227722772276 0.47277227722772275 0.012376237623762377 0.012376237623762377 0.012376237623762377 0.017326732673267328 0.027227722772277228 0.012376237623762377 0.04702970297029703 0.027227722772277228 0.012376237623762377 0.04207920792079208 0.1311881188118812 0.012376237623762377 0.04207920792079208 0.03712871287128713 0.012376237623762377 0.012376237623762377 
0.018115942028985508 0.018115942028985508 0.32971014492753625 0.09782608695652174 0.018115942028985508 0.018115942028985508 0.025362318840579712 0.03260869565217391 0.025362318840579712 0.03985507246376811 0.09782608695652174 0.025362318840579712 0.018115942028985508 0.07608695652173914 0.03260869565217391 0.018115942028985508 0.03260869565217391 0.03985507246376811 0.018115942028985508 0.018115942028985508 
0.013297872340425532 0.013297872340425532 0.02925531914893617 0.3484042553191489 0.013297872340425532 0.013297872340425532 0.018617021276595744 0.018617021276595744 0.013297872340425532 0.013297872340425532 0.0398936170212766 0.05053191489361702 0.013297872340425532 0.26861702127659576 0.018617021276595744 0.013297872340425532 0.02925531914893617 0.04521276595744681 0.013297872340425532 0.013297872340425532 
0.013020833333333334 0.013020833333333334 0.013020833333333334 0.22135416666666666 0.013020833333333334 0.0703125 0.013020833333333334 0.2109375 0.044270833333333336 0.018229166666666668 0.044270833333333336 0.013020833333333334 0.013020833333333334 0.0234375 0.19010416666666666 0.013020833333333334 0.018229166666666668 0.028645833333333332 0.013020833333333334 0.013020833333333334 
0.10178571428571428 0.008928571428571428 0.008928571428571428 0.42678571428571427 0.008928571428571428 0.026785714285714284 0.008928571428571428 0.023214285714285715 0.008928571428571428 0.0125 0.030357142857142857 0.033928571428571426 0.008928571428571428 0.030357142857142857 0.1982142857142857 0.008928571428571428 0.008928571428571428 0.026785714285714284 0.008928571428571428 0.008928571428571428 
0.142570281124498 0.010040160642570281 0.030120481927710843 0.12248995983935743 0.010040160642570281 0.178714859437751 0.018072289156626505 0.014056224899598393 0.010040160642570281 0.014056224899598393 0.05823293172690763 0.10240963855421686 0.010040160642570281 0.02610441767068273 0.02610441767068273 0.014056224899598393 0.1827309236947791 0.010040160642570281 0.010040160642570281 0.010040160642570281 
0.01937984496124031 0.01937984496124031 0.01937984496124031 0.375968992248062 0.01937984496124031 0.01937984496124031 0.04263565891472868 0.01937984496124031 0.13565891472868216 0.027131782945736434 0.027131782945736434 0.01937984496124031 0.01937984496124031 0.03488372093023256 0.03488372093023256 0.027131782945736434 0.027131782945736434 0.07364341085271318 0.01937984496124031 0.01937984496124031 
0.05018587360594796 0.00929368029739777 0.013011152416356878 0.06505576208178439 0.00929368029739777 0.046468401486988845 0.00929368029739777 0.00929368029739777 0.024163568773234202 0.013011152416356878 0.046468401486988845 0.013011152416356878 0.00929368029739777 0.00929368029739777 0.5037174721189591 0.00929368029739777 0.027881040892193308 0.11338289962825279 0.00929368029739777 0.00929368029739777 
0.02727272727272727 0.015151515151515152 0.03333333333333333 0.13636363636363635 0.015151515151515152 0.015151515151515152 0.021212121212121213 0.17272727272727273 0.021212121212121213 0.015151515151515152 0.03939393939393939 0.021212121212121213 0.015151515151515152 0.015151515151515152 0.05757575757575758 0.2878787878787879 0.015151515151515152 0.045454545454545456 0.015151515151515152 0.015151515151515152 
0.025 0.013888888888888888 0.08611111111111111 0.030555555555555555 0.013888888888888888 0.013888888888888888 0.013888888888888888 0.21944444444444444 0.019444444444444445 0.013888888888888888 0.33055555555555555 0.013888888888888888 0.013888888888888888 0.04722222222222222 0.019444444444444445 0.019444444444444445 0.06388888888888888 0.013888888888888888 0.013888888888888888 0.013888888888888888 
0.033950617283950615 0.015432098765432098 0.015432098765432098 0.10802469135802469 0.015432098765432098 0.015432098765432098 0.021604938271604937 0.027777777777777776 0.015432098765432098 0.027777777777777776 0.021604938271604937 0.08333333333333333 0.015432098765432098 0.027777777777777776 0.44135802469135804 0.021604938271604937 0.021604938271604937 0.040123456790123455 0.015432098765432098 0.015432098765432098 
0.07568807339449542 0.011467889908256881 0.07110091743119266 0.4380733944954128 0.011467889908256881 0.02522935779816514 0.034403669724770644 0.016055045871559634 0.016055045871559634 0.016055045871559634 0.016055045871559634 0.10779816513761468 0.011467889908256881 0.011467889908256881 0.06192660550458716 0.011467889908256881 0.011467889908256881 0.02981651376146789 0.011467889908256881 0.011467889908256881 
0.03424657534246575 0.03424657534246575 0.03424657534246575 0.2808219178082192 0.03424657534246575 0.03424657534246575 0.03424657534246575 0.03424657534246575 0.04794520547945205 0.03424657534246575 0.03424657534246575 0.04794520547945205 0.04794520547945205 0.04794520547945205 0.04794520547945205 0.03424657534246575 0.03424657534246575 0.03424657534246575 0.03424657534246575 0.03424657534246575 
0.017857142857142856 0.00992063492063492 0.013888888888888888 0.22420634920634921 0.00992063492063492 0.025793650793650792 0.00992063492063492 0.30357142857142855 0.037698412698412696 0.013888888888888888 0.04563492063492063 0.013888888888888888 0.00992063492063492 0.013888888888888888 0.16071428571428573 0.013888888888888888 0.037698412698412696 0.017857142857142856 0.00992063492063492 0.00992063492063492 
0.03048780487804878 0.03048780487804878 0.03048780487804878 0.29878048780487804 0.03048780487804878 0.03048780487804878 0.03048780487804878 0.06707317073170732 0.03048780487804878 0.03048780487804878 0.03048780487804878 0.042682926829268296 0.03048780487804878 0.054878048780487805 0.06707317073170732 0.042682926829268296 0.03048780487804878 0.03048780487804878 0.03048780487804878 0.03048780487804878 
0.05555555555555555 0.030864197530864196 0.043209876543209874 0.05555555555555555 0.030864197530864196 0.19135802469135801 0.043209876543209874 0.030864197530864196 0.030864197530864196 0.030864197530864196 0.043209876543209874 0.030864197530864196 0.030864197530864196 0.030864197530864196 0.15432098765432098 0.030864197530864196 0.030864197530864196 0.043209876543209874 0.030864197530864196 0.030864197530864196 
0.04198473282442748 0.026717557251908396 0.019083969465648856 0.0648854961832061 0.019083969465648856 0.019083969465648856 0.019083969465648856 0.0648854961832061 0.019083969465648856 0.019083969465648856 0.019083969465648856 0.019083969465648856 0.019083969465648856 0.019083969465648856 0.026717557251908396 0.4847328244274809 0.019083969465648856 0.04198473282442748 0.019083969465648856 0.019083969465648856 
0.008278145695364239 0.008278145695364239 0.018211920529801324 0.5811258278145696 0.008278145695364239 0.024834437086092714 0.011589403973509934 0.008278145695364239 0.014900662251655629 0.0347682119205298 0.014900662251655629 0.12748344370860928 0.008278145695364239 0.024834437086092714 0.008278145695364239 0.008278145695364239 0.011589403973509934 0.061258278145695365 0.008278145695364239 0.008278145695364239 
0.07857142857142857 0.03571428571428571 0.10714285714285714 0.06428571428571428 0.03571428571428571 0.05 0.03571428571428571 0.03571428571428571 0.03571428571428571 0.03571428571428571 0.07857142857142857 0.07857142857142857 0.03571428571428571 0.03571428571428571 0.06428571428571428 0.03571428571428571 0.03571428571428571 0.05 0.03571428571428571 0.03571428571428571 
0.05120481927710843 0.015060240963855422 0.11144578313253012 0.03313253012048193 0.015060240963855422 0.03313253012048193 0.015060240963855422 0.015060240963855422 0.015060240963855422 0.015060240963855422 0.0572289156626506 0.09337349397590361 0.015060240963855422 0.12951807228915663 0.286144578313253 0.015060240963855422 0.015060240963855422 0.0391566265060241 0.015060240963855422 0.015060240963855422 
0.05230125523012552 0.010460251046025104 0.014644351464435146 0.12761506276150628 0.010460251046025104 0.3912133891213389 0.027196652719665274 0.05230125523012552 0.010460251046025104 0.010460251046025104 0.05230125523012552 0.02301255230125523 0.010460251046025104 0.0397489539748954 0.07322175732217573 0.014644351464435146 0.01882845188284519 0.0397489539748954 0.010460251046025104 0.010460251046025104 
0.023809523809523808 0.017006802721088437 0.03741496598639456 0.04421768707482993 0.017006802721088437 0.03741496598639456 0.30952380952380953 0.030612244897959183 0.0782312925170068 0.017006802721088437 0.06462585034013606 0.023809523809523808 0.017006802721088437 0.1054421768707483 0.07142857142857142 0.017006802721088437 0.023809523809523808 0.030612244897959183 0.017006802721088437 0.017006802721088437 
0.034722222222222224 0.011574074074074073 0.020833333333333332 0.5300925925925926 0.011574074074074073 0.011574074074074073 0.011574074074074073 0.020833333333333332 0.02546296296296296 0.03009259259259259 0.02546296296296296 0.011574074074074073 0.011574074074074073 0.0625 0.016203703703703703 0.016203703703703703 0.034722222222222224 0.09027777777777778 0.011574074074074073 0.011574074074074073 
0.0480225988700565 0.014124293785310734 0.025423728813559324 0.059322033898305086 0.014124293785310734 0.2062146892655367 0.014124293785310734 0.03672316384180791 0.01977401129943503 0.014124293785310734 0.059322033898305086 0.014124293785310734 0.014124293785310734 0.01977401129943503 0.3418079096045198 0.01977401129943503 0.01977401129943503 0.031073446327683617 0.014124293785310734 0.014124293785310734 
0.008838383838383838 0.006313131313131313 0.013888888888888888 0.4936868686868687 0.006313131313131313 0.006313131313131313 0.011363636363636364 0.013888888888888888 0.07196969696969698 0.021464646464646464 0.006313131313131313 0.013888888888888888 0.006313131313131313 0.011363636363636364 0.013888888888888888 0.011363636363636364 0.01893939393939394 0.25126262626262624 0.006313131313131313 0.006313131313131313 
0.024752475247524754 0.024752475247524754 0.06435643564356436 0.034653465346534656 0.024752475247524754 0.024752475247524754 0.054455445544554455 0.024752475247524754 0.024752475247524754 0.3316831683168317 0.034653465346534656 0.034653465346534656 0.024752475247524754 0.024752475247524754 0.08415841584158416 0.034653465346534656 0.024752475247524754 0.054455445544554455 0.024752475247524754 0.024752475247524754 
0.04609929078014184 0.01773049645390071 0.43617021276595747 0.03900709219858156 0.01773049645390071 0.01773049645390071 0.01773049645390071 0.06028368794326241 0.01773049645390071 0.01773049645390071 0.0673758865248227 0.024822695035460994 0.01773049645390071 0.01773049645390071 0.024822695035460994 0.01773049645390071 0.08156028368794327 0.024822695035460994 0.01773049645390071 0.01773049645390071 
0.017857142857142856 0.017857142857142856 0.017857142857142856 0.5178571428571429 0.017857142857142856 0.025 0.04642857142857143 0.039285714285714285 0.025 0.017857142857142856 0.025 0.017857142857142856 0.017857142857142856 0.025 0.017857142857142856 0.017857142857142856 0.039285714285714285 0.060714285714285714 0.017857142857142856 0.017857142857142856 
0.036231884057971016 0.036231884057971016 0.036231884057971016 0.036231884057971016 0.036231884057971016 0.036231884057971016 0.050724637681159424 0.036231884057971016 0.036231884057971016 0.036231884057971016 0.09420289855072464 0.06521739130434782 0.036231884057971016 0.036231884057971016 0.036231884057971016 0.036231884057971016 0.036231884057971016 0.21014492753623187 0.036231884057971016 0.036231884057971016 
0.0708955223880597 0.018656716417910446 0.018656716417910446 0.2574626865671642 0.018656716417910446 0.026119402985074626 0.033582089552238806 0.018656716417910446 0.026119402985074626 0.018656716417910446 0.24253731343283583 0.06343283582089553 0.018656716417910446 0.041044776119402986 0.018656716417910446 0.018656716417910446 0.018656716417910446 0.033582089552238806 0.018656716417910446 0.018656716417910446 
0.010080645161290322 0.010080645161290322 0.010080645161290322 0.17137096774193547 0.010080645161290322 0.038306451612903226 0.03024193548387097 0.37298387096774194 0.034274193548387094 0.018145161290322582 0.038306451612903226 0.014112903225806451 0.010080645161290322 0.018145161290322582 0.15524193548387097 0.010080645161290322 0.018145161290322582 0.010080645161290322 0.010080645161290322 0.010080645161290322 
0.035211267605633804 0.04929577464788732 0.035211267605633804 0.035211267605633804 0.035211267605633804 0.035211267605633804 0.035211267605633804 0.06338028169014084 0.035211267605633804 0.035211267605633804 0.04929577464788732 0.11971830985915492 0.035211267605633804 0.035211267605633804 0.09154929577464789 0.035211267605633804 0.1056338028169014 0.06338028169014084 0.035211267605633804 0.035211267605633804 
0.09705882352941177 0.014705882352941176 0.1323529411764706 0.12058823529411765 0.014705882352941176 0.03235294117647059 0.014705882352941176 0.026470588235294117 0.020588235294117647 0.2323529411764706 0.05 0.020588235294117647 0.014705882352941176 0.061764705882352944 0.05 0.026470588235294117 0.020588235294117647 0.020588235294117647 0.014705882352941176 0.014705882352941176 
0.034722222222222224 0.034722222222222224 0.04861111111111111 0.0763888888888889 0.034722222222222224 0.034722222222222224 0.04861111111111111 0.04861111111111111 0.04861111111111111 0.10416666666666667 0.09027777777777778 0.034722222222222224 0.034722222222222224 0.09027777777777778 0.034722222222222224 0.034722222222222224 0.04861111111111111 0.04861111111111111 0.034722222222222224 0.034722222222222224 
0.0925 0.0125 0.0375 0.0475 0.0125 0.0175 0.0375 0.0125 0.0175 0.0125 0.4425 0.0275 0.0125 0.1225 0.0325 0.0125 0.0125 0.0125 0.0125 0.0125 
0.05625 0.03125 0.04375 0.04375 0.03125 0.03125 0.03125 0.03125 0.03125 0.03125 0.19375 0.03125 0.03125 0.03125 0.09375 0.03125 0.11875 0.04375 0.03125 0.03125 
0.011682242990654205 0.011682242990654205 0.2266355140186916 0.0397196261682243 0.011682242990654205 0.02570093457943925 0.030373831775700934 0.02570093457943925 0.016355140186915886 0.02570093457943925 0.02102803738317757 0.011682242990654205 0.011682242990654205 0.02102803738317757 0.3060747663551402 0.011682242990654205 0.15654205607476634 0.011682242990654205 0.011682242990654205 0.011682242990654205 
0.02466367713004484 0.011210762331838564 0.020179372197309416 0.3430493273542601 0.011210762331838564 0.04708520179372197 0.011210762331838564 0.06950672645739911 0.18161434977578475 0.01569506726457399 0.01569506726457399 0.01569506726457399 0.011210762331838564 0.05605381165919283 0.06950672645739911 0.011210762331838564 0.04708520179372197 0.01569506726457399 0.011210762331838564 0.011210762331838564 
0.024271844660194174 0.024271844660194174 0.043689320388349516 0.06310679611650485 0.024271844660194174 0.03398058252427184 0.024271844660194174 0.043689320388349516 0.03398058252427184 0.024271844660194174 0.0825242718446602 0.03398058252427184 0.024271844660194174 0.03398058252427184 0.24757281553398058 0.024271844660194174 0.05339805825242718 0.11165048543689321 0.024271844660194174 0.024271844660194174 
0.021551724137931036 0.021551724137931036 0.03879310344827586 0.10775862068965517 0.021551724137931036 0.09913793103448276 0.021551724137931036 0.03017241379310345 0.03017241379310345 0.03017241379310345 0.09051724137931035 0.021551724137931036 0.021551724137931036 0.03879310344827586 0.04741379310344827 0.03017241379310345 0.2629310344827586 0.021551724137931036 0.021551724137931036 0.021551724137931036 
0.03125 0.03125 0.03125 0.11875 0.03125 0.03125 0.03125 0.06875 0.04375 0.04375 0.04375 0.10625 0.03125 0.03125 0.06875 0.04375 0.06875 0.08125 0.03125 0.03125 
0.029891304347826088 0.01358695652173913 0.01358695652173913 0.5516304347826086 0.01358695652173913 0.01358695652173913 0.01358695652173913 0.01358695652173913 0.019021739130434784 0.024456521739130436 0.04076086956521739 0.08967391304347826 0.01358695652173913 0.01358695652173913 0.024456521739130436 0.01358695652173913 0.019021739130434784 0.051630434782608696 0.01358695652173913 0.01358695652173913 
0.051470588235294115 0.03676470588235294 0.15441176470588236 0.03676470588235294 0.03676470588235294 0.051470588235294115 0.051470588235294115 0.051470588235294115 0.03676470588235294 0.09558823529411764 0.0661764705882353 0.03676470588235294 0.03676470588235294 0.03676470588235294 0.03676470588235294 0.03676470588235294 0.03676470588235294 0.03676470588235294 0.03676470588235294 0.03676470588235294 
0.035211267605633804 0.035211267605633804 0.04929577464788732 0.06338028169014084 0.035211267605633804 0.14788732394366197 0.035211267605633804 0.04929577464788732 0.04929577464788732 0.04929577464788732 0.04929577464788732 0.04929577464788732 0.035211267605633804 0.04929577464788732 0.035211267605633804 0.035211267605633804 0.07746478873239436 0.04929577464788732 0.035211267605633804 0.035211267605633804 
0.09420289855072464 0.036231884057971016 0.036231884057971016 0.050724637681159424 0.036231884057971016 0.036231884057971016 0.036231884057971016 0.036231884057971016 0.036231884057971016 0.036231884057971016 0.050724637681159424 0.036231884057971016 0.036231884057971016 0.050724637681159424 0.07971014492753623 0.06521739130434782 0.13768115942028986 0.036231884057971016 0.036231884057971016 0.036231884057971016 
0.01179245283018868 0.01179245283018868 0.01650943396226415 0.10141509433962265 0.01179245283018868 0.01179245283018868 0.025943396226415096 0.13443396226415094 0.025943396226415096 0.01179245283018868 0.030660377358490566 0.02122641509433962 0.01179245283018868 0.01650943396226415 0.04481132075471698 0.14386792452830188 0.025943396226415096 0.31839622641509435 0.01179245283018868 0.01179245283018868 
0.06774193548387097 0.02258064516129032 0.0935483870967742 0.14516129032258066 0.016129032258064516 0.02258064516129032 0.02903225806451613 0.035483870967741936 0.02258064516129032 0.19032258064516128 0.06774193548387097 0.054838709677419356 0.016129032258064516 0.041935483870967745 0.06129032258064516 0.02258064516129032 0.02903225806451613 0.02903225806451613 0.016129032258064516 0.016129032258064516 
0.159375 0.015625 0.021875 0.184375 0.015625 0.021875 0.021875 0.034375 0.015625 0.028125 0.078125 0.015625 0.021875 0.015625 0.015625 0.021875 0.021875 0.259375 0.015625 0.015625 
0.05942622950819672 0.010245901639344262 0.05942622950819672 0.010245901639344262 0.010245901639344262 0.018442622950819672 0.022540983606557378 0.08811475409836066 0.0430327868852459 0.010245901639344262 0.0430327868852459 0.0389344262295082 0.014344262295081968 0.0389344262295082 0.4405737704918033 0.010245901639344262 0.03483606557377049 0.02663934426229508 0.010245901639344262 0.010245901639344262 
0.02287581699346405 0.016339869281045753 0.07516339869281045 0.08823529411764706 0.016339869281045753 0.042483660130718956 0.042483660130718956 0.016339869281045753 0.02287581699346405 0.03594771241830065 0.17973856209150327 0.02287581699346405 0.016339869281045753 0.02287581699346405 0.28431372549019607 0.016339869281045753 0.029411764705882353 0.016339869281045753 0.016339869281045753 0.016339869281045753 
0.02252252252252252 0.02252252252252252 0.03153153153153153 0.11261261261261261 0.02252252252252252 0.03153153153153153 0.18468468468468469 0.02252252252252252 0.03153153153153153 0.05855855855855856 0.06756756756756757 0.04054054054054054 0.02252252252252252 0.02252252252252252 0.16666666666666666 0.02252252252252252 0.02252252252252252 0.04954954954954955 0.02252252252252252 0.02252252252252252 
0.06050228310502283 0.005707762557077625 0.005707762557077625 0.2545662100456621 0.005707762557077625 0.386986301369863 0.005707762557077625 0.010273972602739725 0.026255707762557076 0.007990867579908675 0.04452054794520548 0.07420091324200913 0.005707762557077625 0.019406392694063926 0.03538812785388128 0.005707762557077625 0.007990867579908675 0.026255707762557076 0.005707762557077625 0.005707762557077625 
0.08121019108280254 0.007961783439490446 0.13853503184713375 0.2818471337579618 0.007961783439490446 0.01751592356687898 0.007961783439490446 0.030254777070063694 0.02388535031847134 0.011146496815286623 0.21815286624203822 0.027070063694267517 0.007961783439490446 0.011146496815286623 0.03662420382165605 0.014331210191082803 0.02388535031847134 0.03662420382165605 0.007961783439490446 0.007961783439490446 
0.02112676056338028 0.011737089201877934 0.01643192488262911 0.4154929577464789 0.011737089201877934 0.011737089201877934 0.011737089201877934 0.011737089201877934 0.04460093896713615 0.011737089201877934 0.02112676056338028 0.05868544600938967 0.011737089201877934 0.01643192488262911 0.011737089201877934 0.011737089201877934 0.01643192488262911 0.2605633802816901 0.011737089201877934 0.011737089201877934 
0.041666666666666664 0.032407407407407406 0.06944444444444445 0.06018518518518518 0.023148148148148147 0.2824074074074074 0.023148148148148147 0.041666666666666664 0.023148148148148147 0.023148148148148147 0.023148148148148147 0.023148148148148147 0.023148148148148147 0.023148148148148147 0.09722222222222222 0.023148148148148147 0.05092592592592592 0.06944444444444445 0.023148148148148147 0.023148148148148147 
0.10625 0.03125 0.03125 0.08125 0.03125 0.03125 0.04375 0.03125 0.03125 0.04375 0.06875 0.08125 0.03125 0.03125 0.13125 0.03125 0.06875 0.03125 0.03125 0.03125 
0.04375 0.03125 0.11875 0.05625 0.03125 0.03125 0.05625 0.04375 0.06875 0.03125 0.04375 0.14375 0.03125 0.04375 0.03125 0.03125 0.06875 0.03125 0.03125 0.03125 
0.032467532467532464 0.032467532467532464 0.045454545454545456 0.08441558441558442 0.032467532467532464 0.032467532467532464 0.09740259740259741 0.032467532467532464 0.032467532467532464 0.045454545454545456 0.032467532467532464 0.09740259740259741 0.032467532467532464 0.032467532467532464 0.032467532467532464 0.045454545454545456 0.16233766233766234 0.032467532467532464 0.032467532467532464 0.032467532467532464 
0.022 0.01 0.046 0.018 0.01 0.574 0.01 0.026 0.042 0.022 0.082 0.014 0.01 0.026 0.01 0.018 0.018 0.022 0.01 0.01 
0.011363636363636364 0.011363636363636364 0.03409090909090909 0.015909090909090907 0.011363636363636364 0.025 0.011363636363636364 0.07954545454545454 0.03409090909090909 0.011363636363636364 0.056818181818181816 0.038636363636363635 0.011363636363636364 0.020454545454545454 0.47954545454545455 0.011363636363636364 0.07954545454545454 0.03409090909090909 0.011363636363636364 0.011363636363636364 
0.162109375 0.013671875 0.009765625 0.189453125 0.009765625 0.021484375 0.080078125 0.009765625 0.123046875 0.009765625 0.189453125 0.021484375 0.009765625 0.037109375 0.037109375 0.009765625 0.013671875 0.033203125 0.009765625 0.009765625 
0.03125 0.03125 0.03125 0.04375 0.03125 0.04375 0.03125 0.03125 0.34375 0.05625 0.03125 0.03125 0.03125 0.03125 0.03125 0.03125 0.04375 0.03125 0.03125 0.03125 
0.4015957446808511 0.013297872340425532 0.018617021276595744 0.0398936170212766 0.013297872340425532 0.013297872340425532 0.1675531914893617 0.013297872340425532 0.018617021276595744 0.023936170212765957 0.06648936170212766 0.018617021276595744 0.013297872340425532 0.02925531914893617 0.02925531914893617 0.013297872340425532 0.018617021276595744 0.061170212765957445 0.013297872340425532 0.013297872340425532 
0.13076923076923078 0.01282051282051282 0.04871794871794872 0.04358974358974359 0.01282051282051282 0.1 0.01282051282051282 0.028205128205128206 0.04871794871794872 0.04358974358974359 0.03333333333333333 0.017948717948717947 0.01282051282051282 0.01282051282051282 0.11538461538461539 0.028205128205128206 0.2230769230769231 0.04871794871794872 0.01282051282051282 0.01282051282051282 
0.04891304347826087 0.02717391304347826 0.03804347826086957 0.04891304347826087 0.02717391304347826 0.02717391304347826 0.02717391304347826 0.02717391304347826 0.09239130434782608 0.02717391304347826 0.09239130434782608 0.03804347826086957 0.02717391304347826 0.09239130434782608 0.04891304347826087 0.02717391304347826 0.125 0.10326086956521739 0.02717391304347826 0.02717391304347826 
0.02364864864864865 0.016891891891891893 0.02364864864864865 0.5236486486486487 0.016891891891891893 0.030405405405405407 0.016891891891891893 0.02364864864864865 0.016891891891891893 0.016891891891891893 0.057432432432432436 0.04391891891891892 0.016891891891891893 0.016891891891891893 0.02364864864864865 0.016891891891891893 0.016891891891891893 0.06418918918918919 0.016891891891891893 0.016891891891891893 
0.01824817518248175 0.01824817518248175 0.01824817518248175 0.09124087591240876 0.01824817518248175 0.025547445255474453 0.025547445255474453 0.01824817518248175 0.12773722627737227 0.01824817518248175 0.2956204379562044 0.040145985401459854 0.01824817518248175 0.08394160583941605 0.032846715328467155 0.01824817518248175 0.04744525547445255 0.04744525547445255 0.01824817518248175 0.01824817518248175 
0.050724637681159424 0.036231884057971016 0.036231884057971016 0.050724637681159424 0.036231884057971016 0.050724637681159424 0.06521739130434782 0.036231884057971016 0.036231884057971016 0.036231884057971016 0.050724637681159424 0.036231884057971016 0.050724637681159424 0.07971014492753623 0.07971014492753623 0.036231884057971016 0.10869565217391304 0.050724637681159424 0.036231884057971016 0.036231884057971016 
0.0423728813559322 0.0423728813559322 0.0423728813559322 0.07627118644067797 0.0423728813559322 0.0423728813559322 0.0423728813559322 0.059322033898305086 0.0423728813559322 0.0423728813559322 0.0423728813559322 0.0423728813559322 0.0423728813559322 0.0423728813559322 0.07627118644067797 0.07627118644067797 0.0423728813559322 0.07627118644067797 0.0423728813559322 0.0423728813559322 
0.025714285714285714 0.014285714285714285 0.025714285714285714 0.20285714285714285 0.014285714285714285 0.014285714285714285 0.02 0.07714285714285714 0.025714285714285714 0.19714285714285715 0.04857142857142857 0.03142857142857143 0.014285714285714285 0.025714285714285714 0.06571428571428571 0.025714285714285714 0.02 0.12285714285714286 0.014285714285714285 0.014285714285714285 
0.035211267605633804 0.035211267605633804 0.04929577464788732 0.1056338028169014 0.035211267605633804 0.035211267605633804 0.035211267605633804 0.035211267605633804 0.035211267605633804 0.035211267605633804 0.035211267605633804 0.035211267605633804 0.035211267605633804 0.07746478873239436 0.19014084507042253 0.035211267605633804 0.035211267605633804 0.04929577464788732 0.035211267605633804 0.035211267605633804 
0.05223880597014925 0.03731343283582089 0.03731343283582089 0.06716417910447761 0.03731343283582089 0.03731343283582089 0.03731343283582089 0.03731343283582089 0.03731343283582089 0.11194029850746269 0.06716417910447761 0.03731343283582089 0.03731343283582089 0.03731343283582089 0.12686567164179105 0.03731343283582089 0.03731343283582089 0.05223880597014925 0.03731343283582089 0.03731343283582089 
0.015527950310559006 0.015527950310559006 0.015527950310559006 0.2391304347826087 0.015527950310559006 0.040372670807453416 0.021739130434782608 0.052795031055900624 0.021739130434782608 0.040372670807453416 0.052795031055900624 0.021739130434782608 0.015527950310559006 0.08385093167701864 0.2515527950310559 0.015527950310559006 0.034161490683229816 0.015527950310559006 0.015527950310559006 0.015527950310559006 
0.03353658536585366 0.01524390243902439 0.29573170731707316 0.057926829268292686 0.01524390243902439 0.01524390243902439 0.01524390243902439 0.11280487804878049 0.01524390243902439 0.01524390243902439 0.04573170731707317 0.021341463414634148 0.01524390243902439 0.027439024390243903 0.04573170731707317 0.01524390243902439 0.07621951219512195 0.13109756097560976 0.01524390243902439 0.01524390243902439 
0.05701754385964912 0.021929824561403508 0.021929824561403508 0.07456140350877193 0.021929824561403508 0.3026315789473684 0.021929824561403508 0.05701754385964912 0.021929824561403508 0.039473684210526314 0.04824561403508772 0.021929824561403508 0.021929824561403508 0.039473684210526314 0.10964912280701754 0.03070175438596491 0.021929824561403508 0.021929824561403508 0.021929824561403508 0.021929824561403508 
0.041666666666666664 0.041666666666666664 0.041666666666666664 0.058333333333333334 0.041666666666666664 0.058333333333333334 0.041666666666666664 0.058333333333333334 0.10833333333333334 0.041666666666666664 0.041666666666666664 0.041666666666666664 0.041666666666666664 0.058333333333333334 0.058333333333333334 0.041666666666666664 0.058333333333333334 0.041666666666666664 0.041666666666666664 0.041666666666666664 
0.041666666666666664 0.041666666666666664 0.14166666666666666 0.041666666666666664 0.041666666666666664 0.075 0.041666666666666664 0.058333333333333334 0.041666666666666664 0.041666666666666664 0.041666666666666664 0.041666666666666664 0.041666666666666664 0.041666666666666664 0.041666666666666664 0.041666666666666664 0.041666666666666664 0.058333333333333334 0.041666666666666664 0.041666666666666664 
0.020833333333333332 0.020833333333333332 0.04583333333333333 0.07083333333333333 0.020833333333333332 0.029166666666666667 0.020833333333333332 0.029166666666666667 0.07916666666666666 0.020833333333333332 0.04583333333333333 0.1125 0.020833333333333332 0.19583333333333333 0.020833333333333332 0.0375 0.09583333333333334 0.07083333333333333 0.020833333333333332 0.020833333333333332 
0.03125 0.03125 0.04375 0.10625 0.03125 0.03125 0.04375 0.05625 0.03125 0.04375 0.03125 0.10625 0.03125 0.04375 0.05625 0.03125 0.03125 0.15625 0.03125 0.03125 
0.012953367875647668 0.012953367875647668 0.04404145077720207 0.06476683937823834 0.012953367875647668 0.04922279792746114 0.018134715025906734 0.3601036269430052 0.08031088082901554 0.023316062176165803 0.023316062176165803 0.02849740932642487 0.012953367875647668 0.04922279792746114 0.11139896373056994 0.012953367875647668 0.018134715025906734 0.038860103626943004 0.012953367875647668 0.012953367875647668 
0.041666666666666664 0.02976190476190476 0.05357142857142857 0.02976190476190476 0.02976190476190476 0.041666666666666664 0.041666666666666664 0.06547619047619048 0.02976190476190476 0.041666666666666664 0.06547619047619048 0.041666666666666664 0.02976190476190476 0.05357142857142857 0.02976190476190476 0.22023809523809523 0.02976190476190476 0.06547619047619048 0.02976190476190476 0.02976190476190476 
0.021875 0.015625 0.128125 0.034375 0.015625 0.015625 0.021875 0.059375 0.021875 0.015625 0.040625 0.015625 0.015625 0.446875 0.021875 0.028125 0.021875 0.028125 0.015625 0.015625 
0.009505703422053232 0.009505703422053232 0.12737642585551331 0.024714828897338403 0.009505703422053232 0.013307984790874524 0.013307984790874524 0.04752851711026616 0.0779467680608365 0.013307984790874524 0.08935361216730038 0.03612167300380228 0.009505703422053232 0.41634980988593157 0.013307984790874524 0.009505703422053232 0.043726235741444866 0.017110266159695818 0.009505703422053232 0.009505703422053232 
0.04609929078014184 0.01773049645390071 0.024822695035460994 0.11702127659574468 0.01773049645390071 0.031914893617021274 0.03900709219858156 0.01773049645390071 0.01773049645390071 0.03900709219858156 0.35815602836879434 0.024822695035460994 0.01773049645390071 0.03900709219858156 0.05319148936170213 0.01773049645390071 0.05319148936170213 0.031914893617021274 0.01773049645390071 0.01773049645390071 
0.0390625 0.0390625 0.0390625 0.0703125 0.0390625 0.0390625 0.0390625 0.0390625 0.1796875 0.0390625 0.0546875 0.0390625 0.0390625 0.0390625 0.0390625 0.0390625 0.0546875 0.0546875 0.0390625 0.0390625 
0.04430379746835443 0.03164556962025317 0.08227848101265822 0.03164556962025317 0.03164556962025317 0.03164556962025317 0.03164556962025317 0.03164556962025317 0.03164556962025317 0.1962025316455696 0.056962025316455694 0.08227848101265822 0.03164556962025317 0.03164556962025317 0.08227848101265822 0.03164556962025317 0.04430379746835443 0.03164556962025317 0.03164556962025317 0.03164556962025317 
0.056451612903225805 0.04032258064516129 0.13709677419354838 0.04032258064516129 0.04032258064516129 0.07258064516129033 0.04032258064516129 0.04032258064516129 0.04032258064516129 0.04032258064516129 0.04032258064516129 0.04032258064516129 0.04032258064516129 0.08870967741935484 0.04032258064516129 0.04032258064516129 0.04032258064516129 0.04032258064516129 0.04032258064516129 0.04032258064516129 
0.06981132075471698 0.009433962264150943 0.009433962264150943 0.05471698113207547 0.009433962264150943 0.009433962264150943 0.009433962264150943 0.013207547169811321 0.08113207547169811 0.013207547169811321 0.009433962264150943 0.3339622641509434 0.009433962264150943 0.12264150943396226 0.013207547169811321 0.009433962264150943 0.009433962264150943 0.19433962264150945 0.009433962264150943 0.009433962264150943 
0.24180327868852458 0.020491803278688523 0.028688524590163935 0.020491803278688523 0.020491803278688523 0.036885245901639344 0.020491803278688523 0.045081967213114756 0.020491803278688523 0.028688524590163935 0.020491803278688523 0.020491803278688523 0.020491803278688523 0.020491803278688523 0.3237704918032787 0.020491803278688523 0.020491803278688523 0.028688524590163935 0.020491803278688523 0.020491803278688523 
0.019083969465648856 0.019083969465648856 0.08015267175572519 0.026717557251908396 0.019083969465648856 0.03435114503816794 0.019083969465648856 0.04961832061068702 0.026717557251908396 0.03435114503816794 0.026717557251908396 0.026717557251908396 0.019083969465648856 0.04198473282442748 0.3549618320610687 0.026717557251908396 0.11068702290076336 0.026717557251908396 0.019083969465648856 0.019083969465648856 
0.17666666666666667 0.016666666666666666 0.29 0.043333333333333335 0.016666666666666666 0.03 0.016666666666666666 0.03 0.05 0.016666666666666666 0.06333333333333334 0.03 0.016666666666666666 0.03 0.023333333333333334 0.016666666666666666 0.08333333333333333 0.016666666666666666 0.016666666666666666 0.016666666666666666 
