0.04322635499383649 0.011164854050378193 0.022700045850752217 0.011164854050378193 0.03018628992284054 0.06776163605662336 0.05878325802578006 0.04142300982928589 0.059699078877558674 0.011164854050378193 0.027573579533537472 0.04964797978412619 0.011164854050378193 0.028071922982043144 0.04592692658156835 0.011164854050378193 0.044590173121321366 0.02717316646134938 0.04381167238834722 0.011164854050378193 0.04074762393195547 0.06605615509842765 0.06785925174270618 0.06022397619220389 0.011164854050378193 0.011164854050378193 0.011164854050378193 0.011164854050378193 0.03605693804604834 0.02683242007590617 
0.00750288862624081 0.007502888626240814 0.007502888626240818 0.007502888626240826 0.007502888626240816 0.007502888626240814 0.007502888626240812 0.007502888626240816 0.007502888626240772 0.007502888626240826 0.007502888626240804 0.007502888626240814 0.007502888626240814 0.007502888626240814 0.24693948696096704 0.007502888626240816 0.00750288862624081 0.007502888626240816 0.00750288862624081 0.007502888626240814 0.007502888626240814 0.007502888626240814 0.007502888626240938 0.007502888626240814 0.007502888626240814 0.4063703760701784 0.13283378103243884 0.01878125165412434 0.007502888626240813 0.007502888626240822 
0.008283565270662385 0.008283565270662381 0.008283565270662386 0.008283565270662284 0.008283565270662381 0.008283565270662383 0.008283565270662386 0.008283565270662388 0.008283565270662398 0.008283565270662381 0.008283565270662381 0.008283565270662385 0.008283565270662378 0.008283565270662376 0.09970149515260386 0.008283565270662383 0.008283565270662383 0.008283565270663132 0.008283565270662386 0.0333470950016648 0.008283565270662381 0.008283565270662385 0.008283565270661802 0.008283565270662381 0.008283565270662385 0.5822029704951499 0.05925160066576427 0.008283565270662381 0.01840770691825072 0.008283565270662381 
0.009640195558610853 0.00964019555861084 0.009640195558610856 0.009640195558610827 0.009640195558610832 0.009640195558610835 0.009640195558610842 0.009640195558610818 0.2551104922212665 0.00964019555861084 0.00964019555861084 0.009640195558610848 0.00964019555861084 0.009640195558610846 0.23198870541593686 0.009640195558610835 0.009640195558610846 0.023963982933772797 0.00964019555861083 0.02458747384107789 0.009640195558610853 0.009640195558610842 0.009640195558610867 0.00964019555861084 0.009640195558610835 0.22334445662267044 0.009640195558612659 0.00964019555861084 0.009640195558610832 0.00964019555861084 
0.006672516218327837 0.006672516218327837 0.00667251621832784 0.017770410511563188 0.0066725162183278565 0.006672516218327833 0.006672516218327835 0.006672516218327826 0.04318679743374584 0.006672516218327838 0.006672516218327844 0.006672516218327835 0.006672516218327835 0.006672516218327872 0.4393065146881848 0.006672516218327831 0.006672516218327831 0.006672516218327906 0.109378814095706 0.00667251621832784 0.0066725162183278175 0.006672516218327848 0.006672516218326834 0.006672516218327835 0.006672516218327831 0.16482730972507698 0.006672516218325655 0.006672516218327833 0.06538976430581656 0.006672516218327835 
0.009957677884589978 0.009957677884589991 0.03565817995278275 0.009957677884589972 0.009957677884589988 0.009957677884589993 0.009957677884589991 0.009957677884589991 0.045905120048748124 0.009957677884589991 0.009957677884589991 0.009957677884589991 0.009957677884590004 0.009957677884589984 0.0926289978411247 0.009957677884589993 0.009957677884589997 0.009957677884590017 0.00995767788459002 0.02429300637259052 0.009957677884589991 0.009957677884589983 0.00995767788459003 0.009957677884589993 0.009957677884589993 0.3152616249472375 0.2472688016073559 0.009957677884589991 0.009957677884589993 0.009957677884589988 
0.008426011173070227 0.008426011173070222 0.008426011173070215 0.008426011173069625 0.008426011173070225 0.008426011173070227 0.008426011173070227 0.008426011173070222 0.008426011173070269 0.008426011173070227 0.008426011173070227 0.008426011173070227 0.008426011173070227 0.008426011173070227 0.07542618406205524 0.008426011173070229 0.008426011173070229 0.00842601117307047 0.46409862722638384 0.008426011173070238 0.008426011173070227 0.008426011173070225 0.008426011173070238 0.008426011173070227 0.008426011173070222 0.0826580847320679 0.008426011173070187 0.00842601117307019 0.15874081347961524 0.008426011173070227 
0.009040584403306462 0.009040584403306462 0.009040584403306462 0.009040584403302429 0.009040584403306464 0.035760151840464965 0.009040584403306467 0.00904058440330646 0.035424315010689975 0.00904058440330646 0.00904058440330646 0.009040584403306462 0.00904058440330646 0.009040584403306462 0.09491935513427407 0.009040584403306457 0.00904058440330646 0.009040584403306474 0.00904058440330638 0.009040584403306467 0.00904058440330646 0.009040584403306467 0.016302267945895347 0.009040584403306452 0.009040584403306462 0.47891758134264856 0.009040584403306498 0.009040584403306462 0.12170230304667042 0.009040584403306462 
0.0035985711062069678 0.0035985711062069695 0.008870404201176196 0.0035985711062071035 0.003598571106206964 0.0035985711062069795 0.003598571106206966 0.003598571106206962 0.013975179189687747 0.0035985711062069747 0.003598571106206967 0.003598571106206959 0.0035985711062069764 0.003598571106206946 0.23199761813861958 0.0035985711062069717 0.0035985711062069647 0.003598571106207076 0.009187668880829227 0.00887574484752445 0.0035985711062069686 0.0035985711062069647 0.0035985711062069352 0.0035985711062069686 0.003598571106206964 0.6407276781931512 0.0035985711062073693 0.0035985711062069513 0.0035985711062068854 0.0035985711062069678 
0.0078063081715563755 0.00780630817155639 0.007806308171556386 0.007806308171556388 0.007806308171556402 0.007806308171556383 0.007806308171556394 0.00780630817155639 0.27549285711884774 0.007806308171556392 0.00780630817155639 0.00780630817155639 0.007806308171556386 0.00780630817155639 0.0632099317639292 0.00780630817155639 0.00780630817155639 0.007806308171556361 0.007806308171556411 0.03004758801196869 0.007806308171556377 0.007806308171556388 0.007806308171556404 0.00780630817155639 0.007806308171556355 0.007806308171555315 0.41962451629102937 0.0078063081715564146 0.016467402525284742 0.007806308171556392 
0.005988076680791144 0.005988076680791135 0.005988076680791154 0.005988076680791125 0.005988076680791132 0.005988076680791132 0.005988076680791136 0.005988076680791135 0.005988076680791132 0.005988076680791138 0.005988076680791135 0.005988076680791136 0.00598807668079114 0.005988076680791138 0.694670326683627 0.005988076680791136 0.005988076680791135 0.026640998963005782 0.005988076680791125 0.005988076680791151 0.005988076680791132 0.005988076680791136 0.0059880766807910825 0.005988076680791135 0.005988076680791138 0.02727214946883746 0.005988076680791135 0.0957265311839602 0.0059880766807911285 0.00598807668079114 
0.012059254559615111 0.012059254559615115 0.012059254559615118 0.012059254559615191 0.012059254559615118 0.04699359407755744 0.012059254559615115 0.012059254559615115 0.012059254559615127 0.012059254559615115 0.012059254559615118 0.012059254559615111 0.012059254559615115 0.012059254559615111 0.5950748202164851 0.012059254559615115 0.012059254559615115 0.012059254559615025 0.012059254559615085 0.012059254559615115 0.012059254559615115 0.012059254559615115 0.012059254559615103 0.012059254559615115 0.012059254559615115 0.012059254559614986 0.03233171259639787 0.012059254559615115 0.012059254559615134 0.012059254559615115 
0.012610143602348163 0.01261014360234816 0.03108374615545835 0.012610143602347905 0.01261014360234816 0.10536574644126583 0.01261014360234816 0.01261014360234816 0.012610143602348241 0.012610143602348156 0.012610143602348163 0.01261014360234816 0.01261014360234816 0.01261014360234816 0.2822148179489537 0.01261014360234816 0.012610143602348163 0.012610143602348144 0.21163435864056204 0.01261014360234816 0.01261014360234816 0.01261014360234816 0.012610143602348177 0.012610143602348156 0.01261014360234816 0.05444774075510417 0.012610143602348124 0.012610143602348153 0.012610143602348167 0.01261014360234816 
0.0038990108244648567 0.003899010824464867 0.015645514233828012 0.003899010824464938 0.003899010824464863 0.003899010824464859 0.003899010824464865 0.0038990108244648714 0.009324501641525056 0.003899010824464864 0.0038990108244648662 0.0038990108244648424 0.0038990108244648693 0.0038990108244648745 0.7781905055109671 0.003899010824464865 0.003899010824464862 0.01818465348257744 0.009780269842473557 0.003899010824464867 0.0038990108244648723 0.0038990108244648567 0.00389901082446494 0.003899010824464863 0.0038990108244648736 0.012037459734798407 0.010170276978904052 0.06088858043669928 0.003899010824464865 0.003899010824464864 
0.004334735348659817 0.00433473534865982 0.019396425615884096 0.016485309340631672 0.004334735348659819 0.004334735348659814 0.004334735348659819 0.004334735348659819 0.011767268940682758 0.004334735348659819 0.004334735348659817 0.00433473534865982 0.004334735348659819 0.004334735348659821 0.01048337466933175 0.004334735348659819 0.004334735348659944 0.013990909400738704 0.004334735348659842 0.004334735348659837 0.004334735348659819 0.00433473534865982 0.004334735348659577 0.004334735348659819 0.004334735348659823 0.8114199078670311 0.0167578911465213 0.004334735348659817 0.00433473534865976 0.004334735348659817 
0.021287489810835218 0.02128748981083522 0.02128748981083522 0.02128748981083505 0.02128748981083522 0.02128748981083523 0.02128748981083522 0.021287489810835225 0.02128748981083522 0.02128748981083523 0.02128748981083522 0.02128748981083522 0.02128748981083522 0.02128748981083522 0.19904564754460738 0.02128748981083522 0.02128748981083522 0.021287489810835235 0.02128748981083522 0.02128748981083523 0.02128748981083522 0.02128748981083523 0.021287489810835187 0.02128748981083522 0.02128748981083522 0.20490463775200324 0.02128748981083528 0.02128748981083523 0.02128748981083525 0.02128748981083522 
0.00990140714706867 0.009901407147068674 0.0099014071470687 0.023803390663806653 0.009901407147068674 0.009901407147068662 0.009901407147068681 0.009901407147068674 0.027013974128301296 0.009901407147068674 0.009901407147068674 0.009901407147068674 0.009901407147068674 0.009901407147068674 0.07067111970517725 0.00990140714706868 0.00990140714706868 0.009901407147068648 0.11123174666859272 0.00990140714706869 0.009901407147068667 0.009901407147068674 0.05418157664730307 0.009901407147068674 0.009901407147068685 0.36348609946779803 0.025789875770052317 0.009901407147068662 0.10599125971340759 0.009901407147068674 
0.007191949829998355 0.0071919498299983535 0.007191949829998347 0.007191949830000216 0.007191949829998346 0.007191949829998363 0.00719194982999835 0.007191949829998355 0.05821532505291562 0.007191949829998357 0.007191949829998342 0.007191949829998347 0.007191949829998346 0.007191949829998338 0.11641784327576392 0.0071919498299983535 0.007191949829998347 0.007191949829998507 0.007191949829997916 0.007191949829998371 0.007191949829998333 0.007191949829998347 0.018362080863592742 0.007191949829998352 0.007191949829998342 0.4931331493667728 0.0197704891363866 0.007191949829998344 0.1214943163846012 0.007191949829998347 
0.0060465545651797285 0.006046554565179727 0.006046554565179725 0.0060465545651560764 0.006046554565179727 0.006046554565179727 0.006046554565179727 0.0060465545651797285 0.01561667990454033 0.006046554565179727 0.006046554565179727 0.006046554565179727 0.006046554565179727 0.006046554565179727 0.522898366643409 0.006046554565179729 0.006046554565179727 0.006046554565179755 0.22632319050210975 0.006046554565179736 0.006046554565179727 0.006046554565179722 0.00604655456517971 0.006046554565179725 0.006046554565179717 0.021844774969803065 0.027164877458992216 0.006046554565179727 0.041034800956767384 0.006046554565179727 
0.007258956388211696 0.007258956388211696 0.007258956388211696 0.007258956388211969 0.007258956388211692 0.04192975601441482 0.007258956388211704 0.0072589563882117 0.0072589563882117 0.007258956388211696 0.007258956388211696 0.007258956388211696 0.007258956388211696 0.007258956388211696 0.02105843120985784 0.007258956388211696 0.007258956388211723 0.007258956388211692 0.15156218326402415 0.007258956388211713 0.007258956388211698 0.007258956388211692 0.017168168227084817 0.007258956388211696 0.007258956388211694 0.19725946221786936 0.24526246135035992 0.0072589563882117 0.1588035407875188 0.007258956388211696 
0.004867408420855479 0.004867408420855482 0.004867408420855467 0.004867408420855563 0.004867408420855482 0.011385800646563759 0.0048674084208554826 0.00486740842085548 0.004867408420855492 0.004867408420855482 0.00486740842085548 0.004867408420855482 0.004867408420855482 0.004867408420855611 0.1192630001309741 0.004867408420855482 0.004867408420855482 0.7030383831455559 0.0048674084208554826 0.004867408420855482 0.0048674084208554826 0.004867408420855482 0.004867408420855485 0.004867408420855482 0.004867408420855482 0.004867408420855472 0.011489604338596363 0.004867408420855467 0.03313800121691619 0.004867408420855482 
0.003791860009060672 0.0037918600090606843 0.0037918600090607207 0.010050395423449487 0.0037918600090606942 0.0037918600090606834 0.0037918600090606812 0.0037918600090606804 0.0037918600090607307 0.0037918600090606834 0.0037918600090607033 0.0037918600090606804 0.003791860009060685 0.0037918600090606812 0.21268740207702536 0.0037918600090606804 0.0037918600090606773 0.00836831400363423 0.1690979380193572 0.00895810767814972 0.003791860009060691 0.0037918600090606318 0.012998803340143089 0.003791860009060682 0.003791860009060691 0.0037918600090590757 0.010199577342500519 0.0037918600090606934 0.48421854191640745 0.003791860009060679 
0.019847238324412333 0.019847238324412333 0.019847238324412354 0.019847238324412354 0.019847238324412333 0.019847238324412344 0.019847238324412333 0.019847238324412347 0.18273916940491156 0.019847238324412333 0.019847238324412333 0.019847238324412333 0.019847238324412333 0.019847238324412333 0.05285674584317616 0.019847238324412333 0.019847238324412333 0.019847238324412365 0.10950904238465878 0.019847238324412333 0.019847238324412333 0.019847238324412333 0.07881926570649903 0.019847238324412333 0.019847238324412337 0.07989481855044363 0.019847238324412268 0.019847238324412337 0.019847238324412354 0.019847238324412333 
0.005859818255846993 0.005859818255846989 0.005859818255847006 0.0058598182558226965 0.005859818255846985 0.005859818255847006 0.005859818255846989 0.005859818255846973 0.0058598182558469965 0.005859818255846989 0.005859818255846989 0.005859818255846989 0.005859818255846991 0.005859818255846987 0.02122888077762017 0.005859818255846989 0.005859818255846981 0.005859818255846882 0.3165767280726953 0.005859818255846977 0.005859818255846989 0.0058598182558469904 0.005859818255846911 0.005859818255846991 0.005859818255846962 0.48484143916509015 0.005859818255846489 0.01411176462806929 0.016745730960192547 0.005859818255846987 
0.017290131565402107 0.006940781539195057 0.00694078153919506 0.017473685469490817 0.006940781539195055 0.01808804809002087 0.006940781539195053 0.006940781539195057 0.028104434825068907 0.006940781539195058 0.006940781539195057 0.006940781539195057 0.006940781539195058 0.006940781539195055 0.15327208392991692 0.006940781539195058 0.0069407815391950645 0.02144523618004013 0.0182609096277531 0.006940781539195058 0.006940781539195057 0.00694078153919505 0.006940781539195029 0.006940781539195058 0.006940781539195079 0.3215417712602002 0.017573931448734575 0.03146949701142797 0.22360542134724556 0.006940781539195056 
0.01014094371945844 0.010140943719458435 0.01014094371945845 0.010140943719458362 0.010140943719458438 0.05470005515709096 0.010140943719458438 0.010140943719458438 0.024171464730857968 0.010140943719458438 0.010140943719458438 0.010140943719458438 0.010140943719458438 0.010140943719458438 0.010140943719454676 0.010140943719458438 0.01014094371945844 0.010140943719458421 0.08871500453345231 0.010140943719458444 0.010140943719458444 0.010140943719458432 0.025873975649273954 0.010140943719458438 0.010140943719458454 0.3736759126833884 0.1709172407383569 0.010140943719458449 0.028704640960041203 0.010140943719458435 
0.02553713895899736 0.007966890845682513 0.007966890845682518 0.05724381198133246 0.007966890845682506 0.041092515490434474 0.007966890845682513 0.007966890845682514 0.1096824045875115 0.007966890845682514 0.007966890845682514 0.007966890845682514 0.007966890845682514 0.007966890845682513 0.03949251775674206 0.007966890845682523 0.007966890845682514 0.007966890845682478 0.007966890845682506 0.007966890845682523 0.007966890845682542 0.007966890845682525 0.020939540471490516 0.007966890845682514 0.007966890845682523 0.499442063370535 0.00796689084568226 0.03129840877789746 0.00796689084568158 0.007966890845682514 
0.012254924317944107 0.012254924317944107 0.11728294072344264 0.030924635691072514 0.012254924317944107 0.19102725488318598 0.012254924317944107 0.012254924317944107 0.09526364953419517 0.012254924317944107 0.012254924317944114 0.01225492431794411 0.012254924317944107 0.012254924317944118 0.03274560753849413 0.012254924317944104 0.012254924317944107 0.03180091155364009 0.012254924317944036 0.012254924317944128 0.012254924317944107 0.012254924317944107 0.012254924317944081 0.012254924317944107 0.012254924317943314 0.012254924317944473 0.05885874956942676 0.012254924317944026 0.17248791551176362 0.012254924317944107 
0.004857174135332042 0.004857174135332036 0.004857174135332037 0.004857174135331991 0.004857174135332044 0.00485717413533205 0.0048571741353320395 0.0048571741353320395 0.06998631843939122 0.004857174135332039 0.004857174135332041 0.0048571741353320395 0.004857174135332034 0.004857174135332042 0.004857174135336154 0.004857174135332039 0.004857174135332041 0.012737422248087433 0.004857174135332063 0.013262766086854602 0.004857174135332038 0.0048571741353320395 0.004857174135332037 0.004857174135332042 0.004857174135332042 0.6179982119772321 0.1406917828821142 0.02875131911833553 0.004857174135332045 0.004857174135332044 
0.007804574923454386 0.007804574923454383 0.007804574923454381 0.02001529655645015 0.00780457492345439 0.00780457492345439 0.007804574923454383 0.007804574923454383 0.007804574923454362 0.007804574923454383 0.007804574923454381 0.007804574923454386 0.007804574923454402 0.00780457492345438 0.03594749868719486 0.007804574923454383 0.007804574923454383 0.03266678311120963 0.3280189564527462 0.007804574923454365 0.007804574923454371 0.007804574923454386 0.007804574923454606 0.007804574923454392 0.007804574923454408 0.3537864485531403 0.01887123172435096 0.018801906798395957 0.02019122980051841 0.00780457492345438 
0.012308590312602976 0.012308590312602969 0.04704037026320215 0.012308590312602986 0.012308590312602981 0.031170497186031407 0.012308590312602976 0.01230859031260298 0.4402602207966404 0.012308590312602972 0.012308590312602976 0.012308590312602976 0.012308590312602976 0.012308590312602976 0.068199706170558 0.01230859031260298 0.012308590312602976 0.03178349445026498 0.07005428260694892 0.01230859031260298 0.012308590312602976 0.012308590312602976 0.01230859031260281 0.012308590312602976 0.012308590312602995 0.028393851336460673 0.012308590312602829 0.01230859031260296 0.01230859031260298 0.012308590312602976 
0.016319055798217966 0.016319055798217966 0.016319055798217966 0.01631905579821773 0.01631905579821797 0.01631905579821797 0.016319055798217966 0.01631905579821796 0.26205938583812305 0.016319055798217966 0.016319055798217953 0.016319055798217966 0.016319055798217966 0.016319055798217977 0.043307894308431384 0.016319055798217966 0.01631905579821797 0.016319055798217998 0.016319055798218008 0.016319055798217973 0.016319055798217966 0.016319055798217973 0.05735237365695226 0.016319055798217966 0.016319055798217966 0.016319055798218286 0.07084945465162647 0.016319055798217973 0.15845449658941688 0.016319055798217966 
0.008883769645472002 0.008883769645472005 0.008883769645471974 0.043487194466197275 0.008883769645471998 0.019991678297810265 0.008883769645472005 0.008883769645472005 0.04124441749957665 0.008883769645472005 0.00888376964547201 0.008883769645472005 0.008883769645472005 0.00888376964547201 0.0997093099574369 0.008883769645472 0.008883769645472002 0.10033641796111577 0.06203547495960089 0.008883769645472007 0.008883769645472002 0.008883769645472005 0.06114131021799097 0.008883769645472012 0.008883769645472057 0.3766112644399174 0.008883769645472078 0.008883769645471993 0.008883769645472064 0.008883769645472005 
0.00610831596144138 0.006108315961441391 0.006108315961441386 0.006108315961441258 0.006108315961441384 0.006108315961441397 0.006108315961441388 0.00610831596144136 0.025979527265735256 0.0061083159614413966 0.0061083159614413966 0.00610831596144139 0.006108315961441388 0.006108315961441391 0.24514865830029808 0.006108315961441388 0.00610831596144139 0.00610831596144139 0.014863354271426857 0.01585361554681285 0.006108315961441388 0.006108315961441395 0.3731430138033739 0.006108315961441388 0.006108315961441388 0.09525227701783927 0.0892682866813638 0.006108315961441391 0.006108315961441382 0.006108315961441388 
0.012367265301312167 0.01236726530131217 0.05074132303258469 0.01236726530131229 0.012367265301312167 0.012367265301312191 0.012367265301312167 0.012367265301312167 0.2063998636494274 0.012367265301312167 0.012367265301312167 0.012367265301312167 0.012367265301312167 0.012367265301312151 0.03385615773038686 0.012367265301312167 0.012367265301312167 0.01236726530131217 0.01236726530131214 0.012367265301312162 0.012367265301312167 0.01236726530131217 0.012367265301312217 0.012367265301312163 0.01236726530131217 0.03474445651440058 0.117561631556406 0.03128573142166873 0.2409637341649482 0.012367265301312162 
0.00862364785163731 0.008623647851637325 0.008623647851637292 0.008623647851637242 0.008623647851637313 0.02027062819129162 0.008623647851637327 0.008623647851637325 0.018780548076389236 0.008623647851637327 0.008623647851637327 0.008623647851637327 0.008623647851637325 0.00862364785163733 0.5135440262697204 0.008623647851637327 0.00862364785163733 0.02166132711487095 0.10310935846304407 0.022803792877529178 0.008623647851637325 0.008623647851637327 0.052346186256199266 0.00862364785163733 0.008623647851637281 0.03161521447906335 0.02275218909211283 0.008623647851637332 0.020643772147024567 0.00862364785163734 
0.005102266956160478 0.005102266956160478 0.033688900995662 0.005102266956160532 0.005102266956160476 0.005102266956160486 0.005102266956160474 0.005102266956160481 0.012540038316878289 0.005102266956160474 0.005102266956160464 0.005102266956160478 0.005102266956160477 0.005102266956160497 0.32064421937729304 0.005102266956160478 0.005102266956160503 0.0051022669561605815 0.10495218887310744 0.005102266956160478 0.005102266956160467 0.005102266956160466 0.29241601276713436 0.005102266956160478 0.0051022669561604835 0.013290713054708352 0.005102266956160489 0.10511578662353556 0.005102266956160469 0.005102266956160474 
0.003160916181889289 0.003160916181889289 0.003160916181889286 0.003160916181889871 0.0031609161818892716 0.017539939032519648 0.003160916181889284 0.0031609161818892746 0.35630932496153195 0.003160916181889289 0.003160916181889294 0.0031609161818892824 0.0031609161818892868 0.0031609161818892968 0.06223617765495551 0.0031609161818892933 0.0031609161818892655 0.0031609161818892243 0.16050950417227405 0.0031609161818892876 0.003160916181889279 0.0031609161818892733 0.21210938652298095 0.003160916181889289 0.0031609161818892994 0.0031609161818889706 0.009590031580280023 0.00316091618188928 0.1090045638919918 0.0031609161818892885 
0.01092490958020231 0.010924909580202306 0.010924909580202423 0.04793629293209934 0.01092490958020231 0.025856529444065544 0.010924909580202303 0.010924909580202306 0.17438505698966864 0.010924909580202294 0.010924909580202312 0.010924909580202306 0.010924909580202306 0.010924909580202306 0.027666439021751688 0.010924909580202312 0.010924909580202312 0.010924909580202246 0.010924909580202277 0.02777565926746 0.010924909580202306 0.010924909580202303 0.06382889516907757 0.010924909580202303 0.010924909580202303 0.02554875228442749 0.035095482483137895 0.010924909580202348 0.3424837912240643 0.01092490958020231 
0.013351644247961399 0.013351644247961402 0.013351644247961396 0.03477612522648711 0.013351644247961399 0.013351644247961399 0.013351644247961399 0.013351644247961399 0.2753603458935163 0.013351644247961399 0.013351644247961399 0.013351644247961399 0.013351644247961396 0.013351644247961399 0.013351644247961328 0.013351644247961399 0.013351644247961399 0.013351644247961418 0.03396329425039159 0.013351644247961402 0.013351644247961399 0.013351644247961399 0.01335164424796166 0.013351644247961399 0.013351644247961411 0.09442739132254148 0.22768173710803313 0.013351644247961399 0.01335164424796188 0.013351644247961396 
0.03308497986479819 0.011199324831685578 0.011199324831685594 0.011199324831685413 0.011199324831685578 0.0276069152229225 0.011199324831685578 0.011199324831685578 0.04018840159640031 0.011199324831685578 0.011199324831685578 0.011199324831685578 0.01119932483168559 0.011199324831685582 0.031118342861257944 0.011199324831685578 0.011199324831685575 0.02819473260675815 0.24836834168593738 0.01119932483168556 0.011199324831685582 0.011199324831685578 0.011199324831685545 0.011199324831685578 0.011199324831685595 0.33385381503316064 0.011199324831685847 0.011199324831685587 0.011199324831685384 0.011199324831685578 
0.007459994671587681 0.007459994671587679 0.007459994671587551 0.017690023331365986 0.007459994671587679 0.007459994671587661 0.007459994671587687 0.007459994671587679 0.007459994671587681 0.007459994671587687 0.007459994671587677 0.007459994671587679 0.0074599946715876745 0.007459994671587677 0.6989467780706111 0.007459994671587679 0.007459994671587679 0.01878082457418986 0.007459994671587655 0.01875183402525022 0.007459994671587679 0.007459994671587679 0.0217585903520858 0.007459994671587685 0.007459994671587691 0.007459994671587422 0.028817289364417253 0.023674782835563672 0.007459994671587617 0.007459994671587679 
0.010912766270183439 0.01091276627018343 0.010912766270183427 0.0784440724873781 0.010912766270183427 0.028070929610232675 0.010912766270183427 0.010912766270183427 0.35324690553947624 0.010912766270183413 0.010912766270183427 0.010912766270183427 0.010912766270183427 0.010912766270183422 0.027242158743727006 0.010912766270183427 0.010912766270183422 0.01091276627018345 0.010912766270183435 0.010912766270183427 0.010912766270183423 0.010912766270183427 0.04536578041908072 0.010912766270183427 0.010912766270183468 0.16337653894054885 0.01091276627018347 0.05325999004533546 0.010912766270183418 0.010912766270183427 
0.006489599928451283 0.0064895999284512885 0.03588524523334704 0.006489599928451441 0.00648959992845128 0.00648959992845128 0.00648959992845129 0.006489599928451292 0.41886013844942 0.006489599928451297 0.0064895999284512885 0.00648959992845129 0.00648959992845129 0.006489599928451283 0.006489599928451361 0.0064895999284512885 0.006489599928451294 0.006489599928451302 0.006489599928451273 0.006489599928451304 0.006489599928451283 0.006489599928451291 0.006489599928451304 0.0064895999284512885 0.006489599928451294 0.25433464693046287 0.09038063059541937 0.038299340580038636 0.006489599928451253 0.00648959992845129 
6.271213058616183E-5 6.271213058616183E-5 6.271213058616239E-5 4.480540508821266E-4 6.271213058616184E-5 6.271213058616182E-5 6.271213058616183E-5 6.271213058616183E-5 4.644173033315705E-4 6.271213058616183E-5 6.271213058616183E-5 0.9952385712266772 6.271213058616184E-5 6.271213058616183E-5 3.936310020226749E-4 6.271213058608783E-5 6.271213058616183E-5 6.271213058616172E-5 1.541622925259611E-4 6.271213058616186E-5 6.271213058616183E-5 6.271213058616183E-5 6.271213058616188E-5 6.271213058616183E-5 6.271213058616182E-5 6.27121305861584E-5 2.551005019554213E-4 6.271213058616184E-5 0.0016036846191231366 6.271213058616183E-5 
0.005662793340788251 0.005662793340788294 0.005662793340788283 0.1153563008881904 0.005662793340788288 0.0056627933407882745 0.005662793340788283 0.005662793340788295 0.005662793340788298 0.005662793340788295 0.005662793340788295 0.005662793340788297 0.005662793340788294 0.005662793340788298 0.3971137743856471 0.005662793340788294 0.005662793340788304 0.005662793340788051 0.12998676462073006 0.0056627933407882814 0.005662793340788301 0.005662793340788285 0.04590747941333085 0.005662793340788298 0.0056627933407882814 0.05011393263666241 0.09885271139455337 0.0056627933407883 0.03242478982277808 0.005662793340788297 
0.008914331409156165 0.008914331409156161 0.16888990702015208 0.00891433140915613 0.008914331409156161 0.008914331409156182 0.008914331409156158 0.008914331409156158 0.008914331409155827 0.008914331409156158 0.008914331409156161 0.008914331409156158 0.008914331409156158 0.008914331409156156 0.3717103620120294 0.008914331409156158 0.008914331409156158 0.00891433140915615 0.13711953582179276 0.008914331409156158 0.008914331409156163 0.008914331409156158 0.008914331409156274 0.008914331409156158 0.00891433140915615 0.008914331409155634 0.0216118647358293 0.07781004518126851 0.008914331409156151 0.008914331409156158 
0.008848522980811683 0.00884852298081173 0.17157204141804977 0.008848522980811749 0.008848522980811728 0.024321269970838527 0.008848522980811737 0.00884852298081173 0.00884852298081173 0.00884852298081173 0.00884852298081173 0.00884852298081173 0.008848522980811726 0.00884852298081173 0.022761830297075892 0.00884852298081173 0.00884852298081173 0.008848522980811655 0.008848522980811709 0.008848522980811733 0.008848522980811726 0.00884852298081173 0.03348576021773136 0.00884852298081173 0.00884852298081174 0.119099095792582 0.008848522980811726 0.4163954507642406 0.008848522980811735 0.008848522980811728 
0.010312384854570323 0.010312384854570339 0.010312384854570334 0.07400864244025787 0.010312384854570339 0.11288118497898558 0.010312384854570339 0.010312384854570339 0.010312384854570323 0.010312384854570339 0.010312384854570342 0.010312384854570342 0.010312384854570325 0.010312384854570339 0.030510888180231066 0.010312384854570342 0.01031238485457035 0.033214296832236784 0.09460091686273875 0.010312384854570342 0.010312384854570339 0.010312384854570344 0.031032717191035144 0.010312384854570335 0.010312384854570297 0.010312384854565006 0.09868590049692846 0.010312384854570329 0.2981929862170292 0.010312384854570335 
0.0037683283480492618 0.0037683283480492596 0.0037683283480491824 0.003768328348049326 0.0037683283480492587 0.0037683283480492566 0.0037683283480492596 0.003768328348049261 0.0037683283480492826 0.0037683283480492587 0.0037683283480492557 0.003768328348049261 0.0037683283480492635 0.0037683283480492626 0.23849878528454893 0.0037683283480492587 0.0037683283480492596 0.28515417234519796 0.08687592009431207 0.0037683283480492618 0.0037683283480492626 0.0037683283480492596 0.18314277711179075 0.003768328348049258 0.0037683283480492717 0.0037683283480491564 0.003768328348049049 0.10704648822147922 0.00884197658949597 0.0037683283480492618 
0.010436048917103017 0.010436048917103013 0.09288698870401793 0.04362434379908411 0.010436048917103022 0.010436048917103005 0.010436048917103022 0.010436048917103022 0.026532772348549834 0.010436048917103013 0.010436048917103022 0.010436048917103022 0.010436048917103022 0.010436048917103018 0.24817699528650186 0.010436048917103036 0.010436048917103017 0.01043604891710301 0.04281813513997831 0.010436048917103017 0.010436048917103022 0.010436048917103022 0.08731990953280946 0.010436048917103024 0.010436048917102968 0.010436048917102935 0.010436048917102897 0.21861173009567844 0.010436048917103128 0.010436048917103027 
0.01021924328715093 0.010219243287150914 0.010219243287150934 0.016757238132722903 0.010219243287150933 0.01021924328715093 0.010219243287150933 0.01021924328715093 0.5432201128063913 0.01021924328715093 0.01021924328715093 0.01021924328715093 0.01021924328715093 0.010219243287150941 0.04705588667846752 0.01021924328715093 0.01021924328715093 0.01021924328715086 0.010219243287150924 0.010219243287150943 0.010219243287150922 0.010219243287150927 0.010219243287150927 0.01021924328715093 0.010219243287150908 0.023887938265808702 0.09576794474939877 0.028049040475579566 0.010219243287150924 0.01021924328715093 
0.009674189777427821 0.009674189777427816 0.009674189777427874 0.009674189777427613 0.009674189777427816 0.11763133269056561 0.009674189777427816 0.009674189777427816 0.05300305834163189 0.009674189777427816 0.009674189777427821 0.009674189777427821 0.009674189777427816 0.009674189777427837 0.08346660092558789 0.009674189777427815 0.009674189777427816 0.331697359327767 0.024266715531247467 0.009674189777427799 0.009674189777427816 0.009674189777427815 0.009674189777427795 0.009674189777427816 0.009674189777427837 0.031242832183606958 0.009674189777428255 0.00967418977742782 0.13618573611875326 0.009674189777427816 
0.010706693803474306 0.010706693803474297 0.010706693803474292 0.010706693803474172 0.010706693803474297 0.01070669380347431 0.010706693803474297 0.0107066938034743 0.041501987171537184 0.010706693803474297 0.010706693803474297 0.010706693803474294 0.0107066938034743 0.010706693803474302 0.0107066938034742 0.010706693803474297 0.010706693803474297 0.01070669380347432 0.21161818710923241 0.0107066938034743 0.010706693803474311 0.010706693803474302 0.42902270477175775 0.010706693803474297 0.01070669380347435 0.010706693803474315 0.010706693803474386 0.03948308205714567 0.010706693803474311 0.010706693803474297 
0.025424324992597287 0.008973475398973297 0.00897347539897329 0.00897347539897318 0.0089734753989733 0.008973475398973285 0.008973475398973297 0.008973475398973297 0.2378126116388096 0.008973475398973297 0.0089734753989733 0.008973475398973297 0.008973475398973288 0.008973475398973307 0.06863465430765808 0.008973475398973297 0.008973475398973316 0.008973475398973427 0.043366497339999914 0.008973475398973293 0.008973475398973297 0.008973475398973293 0.0503118190036578 0.008973475398973297 0.008973475398973316 0.1084474874401417 0.05457774829643211 0.008973475398973257 0.21400839820330153 0.008973475398973297 
0.0074789346156115466 0.007478934615611516 0.007478934615611551 0.007478934615611666 0.0074789346156115466 0.0074789346156115466 0.007478934615611542 0.007478934615611536 0.16707331497067696 0.007478934615611546 0.007478934615611545 0.0074789346156115405 0.007478934615611542 0.007478934615611533 0.007478934615611511 0.007478934615611542 0.0074789346156115405 0.018931941742909863 0.42825935799415826 0.0074789346156115405 0.007478934615611556 0.007478934615611542 0.007478934615611496 0.007478934615611545 0.0074789346156119985 0.007478934615615988 0.032829288959782404 0.1659327309421989 0.007478934615611542 0.007478934615611541 
0.007488477714311361 0.0074884777143113795 0.0074884777143113855 0.007488477714310264 0.0074884777143113795 0.057353670519902845 0.0074884777143113795 0.0074884777143113795 0.29595641121985017 0.0074884777143113795 0.007488477714311375 0.0074884777143113795 0.007488477714311378 0.007488477714311378 0.0074884777143113855 0.0074884777143113855 0.007488477714311392 0.007488477714311346 0.029000055647837593 0.022729697884858426 0.007488477714311399 0.007488477714311384 0.007488477714311347 0.0074884777143113795 0.007488477714311395 0.3948911845081378 0.007488477714310084 0.007488477714311344 0.0203455150759226 0.007488477714311367 
0.009242054903319676 0.00924205490331968 0.28195316381499563 0.02320082195370478 0.00924205490331968 0.009242054903319669 0.009242054903319682 0.009242054903319676 0.0865402904292691 0.00924205490331968 0.009242054903319686 0.00924205490331968 0.00924205490331968 0.009242054903319703 0.009242054903319594 0.009242054903319682 0.009242054903319676 0.009242054903319662 0.05655934501962125 0.009242054903319682 0.009242054903319665 0.009242054903319696 0.009242054903319348 0.00924205490331968 0.009242054903319669 0.025519149710859043 0.22474113991217573 0.0889188263830109 0.009242054903319676 0.00924205490331968 
0.006329354657019197 0.006329354657019191 0.006329354657019179 0.0063293546570190465 0.006329354657019195 0.08847557067357267 0.006329354657019195 0.006329354657019195 0.006329354657019201 0.006329354657019195 0.006329354657019215 0.006329354657019195 0.006329354657019195 0.006329354657019195 0.611377896203129 0.006329354657019198 0.006329354657019195 0.017144503255694186 0.02588158535504871 0.006329354657019201 0.006329354657019193 0.006329354657019195 0.038396687324360905 0.006329354657019191 0.006329354657019195 0.006329354657018802 0.0145406082159629 0.006329354657019211 0.05860799186078964 0.006329354657019195 
0.003847583634445118 0.003847583634445125 0.003847583634445167 0.02057226283188615 0.003847583634445128 0.0038475836344451578 0.003847583634445124 0.003847583634445128 0.030953748547814013 0.003847583634445129 0.003847583634445128 0.003847583634445127 0.003847583634445133 0.003847583634445129 0.02437298028821396 0.003847583634445129 0.003847583634445128 0.02462435134179908 0.025221722407851924 0.003847583634445131 0.003847583634445126 0.003847583634445127 0.0038475836344453998 0.003847583634445131 0.003847583634445133 0.7477523868547051 0.038008124135486696 0.0038475836344451096 0.003847583634445292 0.003847583634445128 
0.0037717991370181617 0.0037717991370181353 0.0037717991370180923 0.0037717991370181327 0.0037717991370181305 0.0037717991370181283 0.0037717991370181396 0.0037717991370181305 0.010130810250622416 0.0037717991370181383 0.0037717991370181327 0.0037717991370181335 0.0037717991370181344 0.00377179913701839 0.6950688660433586 0.0037717991370181626 0.0037717991370181327 0.007788820893278293 0.13680578873416185 0.009491935994139741 0.0037717991370181327 0.0037717991370181314 0.014024437458396828 0.0037717991370181335 0.0037717991370181327 0.02160014761618711 0.0037717991370181747 0.010212159332594463 0.015669251799879536 0.0037717991370181314 
0.007540258147838188 0.007540258147838185 0.16016703131031126 0.007540258147838138 0.007540258147838186 0.36731552437651327 0.007540258147838188 0.007540258147838182 0.11290485239341537 0.007540258147838185 0.007540258147838186 0.007540258147838186 0.007540258147838186 0.007540258147838186 0.007540258147838203 0.007540258147838186 0.007540258147838188 0.0075402581478381985 0.019071942233407854 0.007540258147838186 0.007540258147838186 0.007540258147838185 0.007540258147838309 0.007540258147838182 0.11727184233908594 0.007540258147838174 0.042302611799134006 0.007540258147838191 0.0075402581478382046 0.007540258147838186 
0.00697644623470235 0.006976446234702355 0.027868814021734918 0.006976446234702161 0.006976446234702355 0.006976446234702353 0.006976446234702355 0.00697644623470236 0.3840241101089828 0.006976446234702356 0.006976446234702373 0.00697644623470235 0.00697644623470235 0.006976446234702355 0.00697644623470189 0.006976446234702362 0.006976446234702358 0.006976446234702342 0.01648073251534252 0.00697644623470236 0.006976446234702355 0.006976446234702355 0.31542453722876707 0.006976446234702358 0.006976446234702373 0.06108170893212445 0.006976446234702161 0.006976446234702343 0.027685387560129174 0.006976446234702356 
0.0012211876073537039 0.0012211876073537043 0.0012211876073537039 0.0012211876073537052 0.0012211876073537039 0.002987269618643578 0.0012211876073537039 0.0012211876073537026 0.0012211876073537052 0.0012211876073537039 0.0012211876073537039 0.0012211876073537039 0.0012211876073537037 0.0012211876073537917 0.0036386369340656 0.0012211876073537039 0.0012211876073536991 0.47761484591657705 0.001221187607353705 0.0012211876073537039 0.0012211876073537039 0.0012211876073536948 0.001221187607353776 0.0012211876073537037 0.0012211876073537039 0.4840083697395175 0.0012211876073537039 0.0012211876073537039 0.0012211876073537117 0.0012211876073537039 
