0.052434456928838954 0.029962546816479405 0.029962546816479405 0.08614232209737828 0.018726591760299626 0.018726591760299626 0.018726591760299626 0.018726591760299626 0.04119850187265918 0.04119850187265918 0.018726591760299626 0.029962546816479405 0.052434456928838954 0.052434456928838954 0.029962546816479405 0.018726591760299626 0.018726591760299626 0.018726591760299626 0.018726591760299626 0.018726591760299626 0.029962546816479405 0.018726591760299626 0.018726591760299626 0.018726591760299626 0.1647940074906367 0.018726591760299626 0.029962546816479405 0.018726591760299626 0.029962546816479405 0.018726591760299626 
0.02298850574712644 0.02298850574712644 0.02298850574712644 0.04885057471264368 0.02298850574712644 0.014367816091954023 0.014367816091954023 0.02298850574712644 0.014367816091954023 0.02298850574712644 0.014367816091954023 0.014367816091954023 0.040229885057471264 0.014367816091954023 0.09195402298850575 0.040229885057471264 0.04885057471264368 0.014367816091954023 0.014367816091954023 0.02298850574712644 0.2557471264367816 0.02298850574712644 0.040229885057471264 0.014367816091954023 0.014367816091954023 0.014367816091954023 0.040229885057471264 0.02298850574712644 0.014367816091954023 0.014367816091954023 
0.015151515151515152 0.024242424242424246 0.015151515151515152 0.11515151515151514 0.015151515151515152 0.015151515151515152 0.015151515151515152 0.024242424242424246 0.04242424242424243 0.015151515151515152 0.015151515151515152 0.024242424242424246 0.024242424242424246 0.024242424242424246 0.015151515151515152 0.015151515151515152 0.015151515151515152 0.015151515151515152 0.015151515151515152 0.015151515151515152 0.015151515151515152 0.015151515151515152 0.015151515151515152 0.015151515151515152 0.14242424242424243 0.015151515151515152 0.024242424242424246 0.015151515151515152 0.09696969696969697 0.1696969696969697 
0.05902777777777778 0.02777777777777778 0.02777777777777778 0.017361111111111112 0.02777777777777778 0.017361111111111112 0.02777777777777778 0.017361111111111112 0.02777777777777778 0.02777777777777778 0.017361111111111112 0.017361111111111112 0.03819444444444445 0.017361111111111112 0.03819444444444445 0.02777777777777778 0.017361111111111112 0.017361111111111112 0.02777777777777778 0.017361111111111112 0.04861111111111111 0.017361111111111112 0.03819444444444445 0.05902777777777778 0.03819444444444445 0.017361111111111112 0.1423611111111111 0.017361111111111112 0.09027777777777778 0.017361111111111112 
0.013333333333333334 0.021333333333333336 0.013333333333333334 0.013333333333333334 0.013333333333333334 0.04533333333333334 0.021333333333333336 0.05333333333333334 0.037333333333333336 0.013333333333333334 0.021333333333333336 0.12533333333333332 0.05333333333333334 0.021333333333333336 0.013333333333333334 0.06133333333333334 0.013333333333333334 0.013333333333333334 0.037333333333333336 0.013333333333333334 0.013333333333333334 0.04533333333333334 0.029333333333333336 0.013333333333333334 0.021333333333333336 0.013333333333333334 0.10133333333333333 0.029333333333333336 0.021333333333333336 0.09333333333333332 
0.02777777777777778 0.03819444444444445 0.02777777777777778 0.02777777777777778 0.06944444444444445 0.017361111111111112 0.017361111111111112 0.017361111111111112 0.017361111111111112 0.03819444444444445 0.04861111111111111 0.017361111111111112 0.017361111111111112 0.017361111111111112 0.017361111111111112 0.017361111111111112 0.04861111111111111 0.017361111111111112 0.02777777777777778 0.017361111111111112 0.017361111111111112 0.02777777777777778 0.10069444444444443 0.06944444444444445 0.07986111111111112 0.017361111111111112 0.02777777777777778 0.017361111111111112 0.05902777777777778 0.03819444444444445 
0.015723270440251572 0.015723270440251572 0.05345911949685535 0.025157232704402517 0.015723270440251572 0.110062893081761 0.015723270440251572 0.015723270440251572 0.06289308176100629 0.034591194968553465 0.16666666666666669 0.04402515723270441 0.015723270440251572 0.04402515723270441 0.025157232704402517 0.034591194968553465 0.015723270440251572 0.015723270440251572 0.015723270440251572 0.015723270440251572 0.015723270440251572 0.025157232704402517 0.034591194968553465 0.025157232704402517 0.034591194968553465 0.015723270440251572 0.015723270440251572 0.04402515723270441 0.015723270440251572 0.015723270440251572 
0.03594771241830066 0.026143790849673207 0.026143790849673207 0.016339869281045753 0.016339869281045753 0.06535947712418301 0.026143790849673207 0.016339869281045753 0.03594771241830066 0.016339869281045753 0.016339869281045753 0.04575163398692811 0.03594771241830066 0.04575163398692811 0.03594771241830066 0.04575163398692811 0.016339869281045753 0.1437908496732026 0.03594771241830066 0.07516339869281045 0.04575163398692811 0.016339869281045753 0.016339869281045753 0.016339869281045753 0.03594771241830066 0.016339869281045753 0.016339869281045753 0.016339869281045753 0.016339869281045753 0.026143790849673207 
0.007936507936507936 0.007936507936507936 0.01746031746031746 0.0126984126984127 0.022222222222222223 0.01746031746031746 0.007936507936507936 0.04603174603174603 0.01746031746031746 0.007936507936507936 0.007936507936507936 0.0126984126984127 0.026984126984126985 0.007936507936507936 0.007936507936507936 0.026984126984126985 0.022222222222222223 0.007936507936507936 0.08412698412698413 0.4412698412698413 0.0126984126984127 0.01746031746031746 0.01746031746031746 0.026984126984126985 0.022222222222222223 0.01746031746031746 0.026984126984126985 0.0126984126984127 0.026984126984126985 0.007936507936507936 
0.058997050147492625 0.0943952802359882 0.0943952802359882 0.05014749262536873 0.014749262536873156 0.014749262536873156 0.014749262536873156 0.07669616519174041 0.014749262536873156 0.014749262536873156 0.014749262536873156 0.023598820058997053 0.06784660766961652 0.014749262536873156 0.014749262536873156 0.014749262536873156 0.05014749262536873 0.014749262536873156 0.014749262536873156 0.014749262536873156 0.058997050147492625 0.04129793510324484 0.05014749262536873 0.014749262536873156 0.014749262536873156 0.014749262536873156 0.06784660766961652 0.014749262536873156 0.014749262536873156 0.014749262536873156 
0.012531328320802006 0.027568922305764413 0.012531328320802006 0.012531328320802006 0.14786967418546368 0.012531328320802006 0.012531328320802006 0.012531328320802006 0.012531328320802006 0.02005012531328321 0.02005012531328321 0.012531328320802006 0.012531328320802006 0.012531328320802006 0.027568922305764413 0.02005012531328321 0.012531328320802006 0.012531328320802006 0.012531328320802006 0.012531328320802006 0.02005012531328321 0.02005012531328321 0.050125313283208024 0.11027568922305764 0.012531328320802006 0.012531328320802006 0.012531328320802006 0.2756892230576441 0.03508771929824562 0.012531328320802006 
0.01893939393939394 0.01893939393939394 0.01893939393939394 0.01893939393939394 0.01893939393939394 0.01893939393939394 0.030303030303030307 0.01893939393939394 0.030303030303030307 0.06439393939393939 0.030303030303030307 0.04166666666666667 0.030303030303030307 0.01893939393939394 0.01893939393939394 0.01893939393939394 0.01893939393939394 0.030303030303030307 0.01893939393939394 0.25757575757575757 0.01893939393939394 0.01893939393939394 0.01893939393939394 0.01893939393939394 0.01893939393939394 0.030303030303030307 0.01893939393939394 0.01893939393939394 0.030303030303030307 0.06439393939393939 
0.020080321285140562 0.020080321285140562 0.05622489959839358 0.020080321285140562 0.04417670682730924 0.020080321285140562 0.020080321285140562 0.032128514056224904 0.020080321285140562 0.020080321285140562 0.032128514056224904 0.09236947791164658 0.032128514056224904 0.020080321285140562 0.020080321285140562 0.020080321285140562 0.032128514056224904 0.032128514056224904 0.032128514056224904 0.05622489959839358 0.032128514056224904 0.020080321285140562 0.032128514056224904 0.08032128514056225 0.020080321285140562 0.09236947791164658 0.020080321285140562 0.020080321285140562 0.020080321285140562 0.020080321285140562 
0.008680555555555556 0.008680555555555556 0.02951388888888889 0.008680555555555556 0.1232638888888889 0.008680555555555556 0.01388888888888889 0.02951388888888889 0.024305555555555556 0.008680555555555556 0.008680555555555556 0.008680555555555556 0.019097222222222224 0.008680555555555556 0.14930555555555555 0.008680555555555556 0.024305555555555556 0.019097222222222224 0.008680555555555556 0.008680555555555556 0.01388888888888889 0.024305555555555556 0.019097222222222224 0.2065972222222222 0.008680555555555556 0.01388888888888889 0.008680555555555556 0.14409722222222224 0.01388888888888889 0.019097222222222224 
0.06802721088435375 0.05782312925170068 0.0272108843537415 0.0272108843537415 0.017006802721088437 0.017006802721088437 0.04761904761904762 0.017006802721088437 0.0272108843537415 0.0272108843537415 0.017006802721088437 0.03741496598639456 0.06802721088435375 0.04761904761904762 0.04761904761904762 0.05782312925170068 0.017006802721088437 0.017006802721088437 0.017006802721088437 0.017006802721088437 0.017006802721088437 0.0272108843537415 0.0272108843537415 0.017006802721088437 0.0782312925170068 0.03741496598639456 0.03741496598639456 0.017006802721088437 0.03741496598639456 0.0272108843537415 
0.043715846994535526 0.027322404371584702 0.043715846994535526 0.027322404371584702 0.043715846994535526 0.027322404371584702 0.027322404371584702 0.027322404371584702 0.043715846994535526 0.027322404371584702 0.027322404371584702 0.027322404371584702 0.027322404371584702 0.027322404371584702 0.043715846994535526 0.043715846994535526 0.027322404371584702 0.027322404371584702 0.027322404371584702 0.07650273224043716 0.027322404371584702 0.027322404371584702 0.027322404371584702 0.027322404371584702 0.06010928961748634 0.027322404371584702 0.027322404371584702 0.027322404371584702 0.027322404371584702 0.027322404371584702 
0.01718213058419244 0.15120274914089346 0.01718213058419244 0.058419243986254296 0.01718213058419244 0.048109965635738834 0.01718213058419244 0.01718213058419244 0.048109965635738834 0.01718213058419244 0.01718213058419244 0.12027491408934707 0.01718213058419244 0.01718213058419244 0.03780068728522337 0.06872852233676977 0.01718213058419244 0.027491408934707907 0.01718213058419244 0.048109965635738834 0.027491408934707907 0.01718213058419244 0.027491408934707907 0.01718213058419244 0.027491408934707907 0.01718213058419244 0.01718213058419244 0.01718213058419244 0.01718213058419244 0.01718213058419244 
0.02298850574712644 0.040229885057471264 0.02298850574712644 0.02298850574712644 0.014367816091954023 0.02298850574712644 0.02298850574712644 0.040229885057471264 0.014367816091954023 0.02298850574712644 0.040229885057471264 0.02298850574712644 0.07471264367816091 0.014367816091954023 0.014367816091954023 0.04885057471264368 0.014367816091954023 0.02298850574712644 0.02298850574712644 0.1781609195402299 0.05747126436781609 0.014367816091954023 0.031609195402298854 0.014367816091954023 0.031609195402298854 0.014367816091954023 0.014367816091954023 0.04885057471264368 0.014367816091954023 0.05747126436781609 
0.025157232704402517 0.015723270440251572 0.034591194968553465 0.015723270440251572 0.025157232704402517 0.034591194968553465 0.034591194968553465 0.015723270440251572 0.025157232704402517 0.07232704402515723 0.034591194968553465 0.015723270440251572 0.025157232704402517 0.025157232704402517 0.20440251572327045 0.015723270440251572 0.015723270440251572 0.015723270440251572 0.034591194968553465 0.025157232704402517 0.04402515723270441 0.04402515723270441 0.015723270440251572 0.015723270440251572 0.025157232704402517 0.034591194968553465 0.034591194968553465 0.025157232704402517 0.025157232704402517 0.025157232704402517 
0.016835016835016835 0.016835016835016835 0.02693602693602694 0.02693602693602694 0.02693602693602694 0.21885521885521886 0.016835016835016835 0.016835016835016835 0.02693602693602694 0.02693602693602694 0.02693602693602694 0.02693602693602694 0.02693602693602694 0.04713804713804714 0.02693602693602694 0.02693602693602694 0.016835016835016835 0.016835016835016835 0.04713804713804714 0.03703703703703704 0.016835016835016835 0.016835016835016835 0.016835016835016835 0.016835016835016835 0.03703703703703704 0.06734006734006734 0.016835016835016835 0.016835016835016835 0.05723905723905724 0.016835016835016835 
0.0196078431372549 0.0196078431372549 0.0196078431372549 0.04313725490196079 0.0196078431372549 0.0196078431372549 0.03137254901960785 0.03137254901960785 0.06666666666666667 0.03137254901960785 0.0196078431372549 0.0196078431372549 0.0196078431372549 0.0196078431372549 0.0196078431372549 0.0196078431372549 0.03137254901960785 0.11372549019607843 0.0196078431372549 0.03137254901960785 0.0196078431372549 0.05490196078431373 0.0196078431372549 0.0196078431372549 0.04313725490196079 0.04313725490196079 0.0196078431372549 0.06666666666666667 0.03137254901960785 0.06666666666666667 
0.008460236886632826 0.008460236886632826 0.038917089678511 0.013536379018612522 0.013536379018612522 0.33333333333333337 0.023688663282571912 0.008460236886632826 0.08967851099830795 0.08460236886632826 0.0338409475465313 0.08460236886632826 0.023688663282571912 0.023688663282571912 0.023688663282571912 0.023688663282571912 0.013536379018612522 0.013536379018612522 0.013536379018612522 0.008460236886632826 0.013536379018612522 0.013536379018612522 0.008460236886632826 0.008460236886632826 0.008460236886632826 0.01861252115059222 0.008460236886632826 0.008460236886632826 0.013536379018612522 0.013536379018612522 
0.07407407407407408 0.026455026455026457 0.026455026455026457 0.026455026455026457 0.026455026455026457 0.026455026455026457 0.026455026455026457 0.058201058201058205 0.026455026455026457 0.04232804232804233 0.026455026455026457 0.026455026455026457 0.026455026455026457 0.04232804232804233 0.026455026455026457 0.026455026455026457 0.026455026455026457 0.04232804232804233 0.026455026455026457 0.026455026455026457 0.04232804232804233 0.04232804232804233 0.026455026455026457 0.04232804232804233 0.026455026455026457 0.04232804232804233 0.026455026455026457 0.026455026455026457 0.04232804232804233 0.026455026455026457 
0.012165450121654502 0.0705596107055961 0.012165450121654502 0.019464720194647202 0.012165450121654502 0.012165450121654502 0.012165450121654502 0.019464720194647202 0.012165450121654502 0.026763990267639905 0.2603406326034063 0.012165450121654502 0.019464720194647202 0.012165450121654502 0.0851581508515815 0.0340632603406326 0.012165450121654502 0.012165450121654502 0.0705596107055961 0.012165450121654502 0.019464720194647202 0.012165450121654502 0.019464720194647202 0.019464720194647202 0.012165450121654502 0.012165450121654502 0.05596107055961071 0.012165450121654502 0.0851581508515815 0.012165450121654502 
0.06442577030812326 0.022408963585434177 0.03081232492997199 0.014005602240896359 0.014005602240896359 0.014005602240896359 0.014005602240896359 0.014005602240896359 0.056022408963585436 0.0896358543417367 0.014005602240896359 0.022408963585434177 0.022408963585434177 0.03081232492997199 0.022408963585434177 0.1904761904761905 0.014005602240896359 0.014005602240896359 0.022408963585434177 0.0896358543417367 0.06442577030812326 0.014005602240896359 0.03081232492997199 0.014005602240896359 0.014005602240896359 0.014005602240896359 0.014005602240896359 0.014005602240896359 0.014005602240896359 0.03081232492997199 
0.018726591760299626 0.018726591760299626 0.04119850187265918 0.029962546816479405 0.018726591760299626 0.018726591760299626 0.029962546816479405 0.018726591760299626 0.029962546816479405 0.052434456928838954 0.018726591760299626 0.029962546816479405 0.018726591760299626 0.029962546816479405 0.14232209737827714 0.029962546816479405 0.018726591760299626 0.018726591760299626 0.018726591760299626 0.018726591760299626 0.11985018726591759 0.018726591760299626 0.018726591760299626 0.018726591760299626 0.0749063670411985 0.052434456928838954 0.018726591760299626 0.018726591760299626 0.018726591760299626 0.018726591760299626 
0.08950617283950617 0.02469135802469136 0.0154320987654321 0.03395061728395062 0.02469135802469136 0.0154320987654321 0.04320987654320988 0.0154320987654321 0.0154320987654321 0.11728395061728394 0.0154320987654321 0.0154320987654321 0.0617283950617284 0.02469135802469136 0.02469135802469136 0.0617283950617284 0.0154320987654321 0.04320987654320988 0.0154320987654321 0.03395061728395062 0.05246913580246914 0.0154320987654321 0.03395061728395062 0.02469135802469136 0.03395061728395062 0.02469135802469136 0.0154320987654321 0.0154320987654321 0.0617283950617284 0.0154320987654321 
0.03375527426160338 0.021097046413502112 0.046413502109704644 0.03375527426160338 0.03375527426160338 0.021097046413502112 0.03375527426160338 0.021097046413502112 0.021097046413502112 0.059071729957805914 0.046413502109704644 0.03375527426160338 0.021097046413502112 0.021097046413502112 0.021097046413502112 0.021097046413502112 0.021097046413502112 0.021097046413502112 0.03375527426160338 0.03375527426160338 0.021097046413502112 0.021097046413502112 0.059071729957805914 0.059071729957805914 0.03375527426160338 0.10970464135021096 0.03375527426160338 0.021097046413502112 0.021097046413502112 0.021097046413502112 
0.01666666666666667 0.09166666666666666 0.010416666666666668 0.029166666666666667 0.029166666666666667 0.010416666666666668 0.029166666666666667 0.010416666666666668 0.035416666666666666 0.19166666666666668 0.01666666666666667 0.010416666666666668 0.04791666666666667 0.010416666666666668 0.06666666666666667 0.010416666666666668 0.09166666666666666 0.010416666666666668 0.01666666666666667 0.035416666666666666 0.04791666666666667 0.01666666666666667 0.04791666666666667 0.010416666666666668 0.010416666666666668 0.02291666666666667 0.035416666666666666 0.010416666666666668 0.01666666666666667 0.010416666666666668 
0.014749262536873156 0.023598820058997053 0.032448377581120944 0.014749262536873156 0.014749262536873156 0.032448377581120944 0.023598820058997053 0.014749262536873156 0.023598820058997053 0.023598820058997053 0.04129793510324484 0.05014749262536873 0.04129793510324484 0.023598820058997053 0.2448377581120944 0.04129793510324484 0.014749262536873156 0.014749262536873156 0.0855457227138643 0.014749262536873156 0.014749262536873156 0.04129793510324484 0.032448377581120944 0.014749262536873156 0.014749262536873156 0.014749262536873156 0.014749262536873156 0.014749262536873156 0.023598820058997053 0.023598820058997053 
0.14056224899598393 0.020080321285140562 0.020080321285140562 0.04417670682730924 0.020080321285140562 0.032128514056224904 0.020080321285140562 0.032128514056224904 0.020080321285140562 0.020080321285140562 0.032128514056224904 0.06827309236947791 0.05622489959839358 0.020080321285140562 0.020080321285140562 0.020080321285140562 0.020080321285140562 0.032128514056224904 0.020080321285140562 0.020080321285140562 0.020080321285140562 0.020080321285140562 0.032128514056224904 0.032128514056224904 0.032128514056224904 0.020080321285140562 0.10441767068273092 0.020080321285140562 0.020080321285140562 0.020080321285140562 
0.08095238095238096 0.02380952380952381 0.02380952380952381 0.02380952380952381 0.0380952380952381 0.02380952380952381 0.02380952380952381 0.02380952380952381 0.0380952380952381 0.0380952380952381 0.02380952380952381 0.02380952380952381 0.0380952380952381 0.02380952380952381 0.02380952380952381 0.05238095238095238 0.0380952380952381 0.02380952380952381 0.02380952380952381 0.06666666666666667 0.08095238095238096 0.02380952380952381 0.02380952380952381 0.02380952380952381 0.02380952380952381 0.02380952380952381 0.02380952380952381 0.02380952380952381 0.02380952380952381 0.05238095238095238 
0.0154320987654321 0.02469135802469136 0.0154320987654321 0.10802469135802469 0.0154320987654321 0.0154320987654321 0.2006172839506173 0.02469135802469136 0.04320987654320988 0.0154320987654321 0.0154320987654321 0.09876543209876543 0.02469135802469136 0.0154320987654321 0.0154320987654321 0.0154320987654321 0.0154320987654321 0.02469135802469136 0.02469135802469136 0.0154320987654321 0.03395061728395062 0.0154320987654321 0.05246913580246914 0.0154320987654321 0.0154320987654321 0.02469135802469136 0.0154320987654321 0.02469135802469136 0.03395061728395062 0.02469135802469136 
0.02005012531328321 0.012531328320802006 0.02005012531328321 0.03508771929824562 0.012531328320802006 0.012531328320802006 0.02005012531328321 0.012531328320802006 0.08771929824561403 0.02005012531328321 0.012531328320802006 0.02005012531328321 0.02005012531328321 0.027568922305764413 0.012531328320802006 0.012531328320802006 0.012531328320802006 0.3283208020050125 0.027568922305764413 0.02005012531328321 0.02005012531328321 0.012531328320802006 0.03508771929824562 0.012531328320802006 0.012531328320802006 0.012531328320802006 0.02005012531328321 0.09523809523809523 0.02005012531328321 0.012531328320802006 
0.032128514056224904 0.10441767068273092 0.020080321285140562 0.020080321285140562 0.032128514056224904 0.020080321285140562 0.020080321285140562 0.020080321285140562 0.032128514056224904 0.1285140562248996 0.020080321285140562 0.020080321285140562 0.020080321285140562 0.020080321285140562 0.032128514056224904 0.05622489959839358 0.032128514056224904 0.020080321285140562 0.020080321285140562 0.032128514056224904 0.020080321285140562 0.020080321285140562 0.020080321285140562 0.020080321285140562 0.08032128514056225 0.032128514056224904 0.020080321285140562 0.032128514056224904 0.032128514056224904 0.020080321285140562 
0.024922118380062308 0.01557632398753894 0.07165109034267914 0.01557632398753894 0.04361370716510904 0.01557632398753894 0.04361370716510904 0.01557632398753894 0.01557632398753894 0.01557632398753894 0.024922118380062308 0.01557632398753894 0.01557632398753894 0.052959501557632405 0.01557632398753894 0.034267912772585674 0.01557632398753894 0.01557632398753894 0.2398753894080997 0.06230529595015576 0.024922118380062308 0.04361370716510904 0.01557632398753894 0.034267912772585674 0.01557632398753894 0.01557632398753894 0.01557632398753894 0.034267912772585674 0.01557632398753894 0.01557632398753894 
0.010482180293501049 0.010482180293501049 0.06079664570230608 0.016771488469601678 0.010482180293501049 0.010482180293501049 0.010482180293501049 0.010482180293501049 0.02306079664570231 0.016771488469601678 0.02306079664570231 0.029350104821802937 0.010482180293501049 0.12997903563941302 0.010482180293501049 0.016771488469601678 0.010482180293501049 0.010482180293501049 0.010482180293501049 0.010482180293501049 0.010482180293501049 0.3438155136268344 0.016771488469601678 0.05450733752620545 0.010482180293501049 0.010482180293501049 0.016771488469601678 0.010482180293501049 0.029350104821802937 0.05450733752620545 
0.21159420289855072 0.02463768115942029 0.042028985507246375 0.05507246376811594 0.02463768115942029 0.02463768115942029 0.007246376811594203 0.05942028985507246 0.01594202898550725 0.007246376811594203 0.03333333333333333 0.042028985507246375 0.02463768115942029 0.08985507246376812 0.0463768115942029 0.02463768115942029 0.007246376811594203 0.042028985507246375 0.01594202898550725 0.011594202898550727 0.03333333333333333 0.007246376811594203 0.011594202898550727 0.01594202898550725 0.02463768115942029 0.02028985507246377 0.03333333333333333 0.007246376811594203 0.01594202898550725 0.02028985507246377 
0.018315018315018316 0.09523809523809523 0.018315018315018316 0.040293040293040296 0.040293040293040296 0.029304029304029307 0.029304029304029307 0.029304029304029307 0.029304029304029307 0.018315018315018316 0.018315018315018316 0.018315018315018316 0.018315018315018316 0.018315018315018316 0.029304029304029307 0.07326007326007326 0.029304029304029307 0.018315018315018316 0.018315018315018316 0.08424908424908426 0.018315018315018316 0.018315018315018316 0.040293040293040296 0.040293040293040296 0.018315018315018316 0.040293040293040296 0.029304029304029307 0.029304029304029307 0.029304029304029307 0.06227106227106227 
0.021097046413502112 0.059071729957805914 0.021097046413502112 0.021097046413502112 0.021097046413502112 0.021097046413502112 0.03375527426160338 0.021097046413502112 0.021097046413502112 0.03375527426160338 0.021097046413502112 0.046413502109704644 0.12236286919831223 0.021097046413502112 0.021097046413502112 0.021097046413502112 0.021097046413502112 0.021097046413502112 0.021097046413502112 0.03375527426160338 0.021097046413502112 0.021097046413502112 0.1350210970464135 0.021097046413502112 0.046413502109704644 0.021097046413502112 0.021097046413502112 0.021097046413502112 0.046413502109704644 0.021097046413502112 
0.0421455938697318 0.019157088122605366 0.019157088122605366 0.019157088122605366 0.019157088122605366 0.019157088122605366 0.019157088122605366 0.030651340996168584 0.030651340996168584 0.1111111111111111 0.019157088122605366 0.08812260536398468 0.030651340996168584 0.030651340996168584 0.030651340996168584 0.030651340996168584 0.019157088122605366 0.08812260536398468 0.05363984674329502 0.019157088122605366 0.0421455938697318 0.019157088122605366 0.019157088122605366 0.019157088122605366 0.019157088122605366 0.030651340996168584 0.019157088122605366 0.019157088122605366 0.030651340996168584 0.0421455938697318 
0.014367816091954023 0.040229885057471264 0.014367816091954023 0.02298850574712644 0.014367816091954023 0.02298850574712644 0.04885057471264368 0.031609195402298854 0.040229885057471264 0.014367816091954023 0.014367816091954023 0.031609195402298854 0.014367816091954023 0.014367816091954023 0.040229885057471264 0.014367816091954023 0.02298850574712644 0.014367816091954023 0.014367816091954023 0.014367816091954023 0.014367816091954023 0.02298850574712644 0.02298850574712644 0.09195402298850575 0.014367816091954023 0.02298850574712644 0.014367816091954023 0.29885057471264365 0.014367816091954023 0.02298850574712644 
0.01851851851851852 0.01851851851851852 0.01851851851851852 0.01851851851851852 0.029629629629629634 0.01851851851851852 0.0962962962962963 0.05185185185185186 0.05185185185185186 0.01851851851851852 0.01851851851851852 0.01851851851851852 0.07407407407407408 0.01851851851851852 0.01851851851851852 0.01851851851851852 0.01851851851851852 0.01851851851851852 0.01851851851851852 0.01851851851851852 0.040740740740740744 0.029629629629629634 0.1074074074074074 0.01851851851851852 0.0962962962962963 0.01851851851851852 0.040740740740740744 0.029629629629629634 0.01851851851851852 0.01851851851851852 
0.013440860215053764 0.053763440860215055 0.013440860215053764 0.013440860215053764 0.021505376344086023 0.013440860215053764 0.021505376344086023 0.021505376344086023 0.02956989247311828 0.021505376344086023 0.021505376344086023 0.013440860215053764 0.053763440860215055 0.013440860215053764 0.013440860215053764 0.03763440860215054 0.021505376344086023 0.0456989247311828 0.013440860215053764 0.013440860215053764 0.03763440860215054 0.053763440860215055 0.239247311827957 0.013440860215053764 0.013440860215053764 0.02956989247311828 0.1021505376344086 0.013440860215053764 0.013440860215053764 0.013440860215053764 
0.03174603174603175 0.019841269841269844 0.019841269841269844 0.019841269841269844 0.043650793650793655 0.019841269841269844 0.03174603174603175 0.019841269841269844 0.06746031746031747 0.1746031746031746 0.019841269841269844 0.03174603174603175 0.019841269841269844 0.019841269841269844 0.03174603174603175 0.09126984126984128 0.019841269841269844 0.019841269841269844 0.019841269841269844 0.019841269841269844 0.019841269841269844 0.03174603174603175 0.03174603174603175 0.019841269841269844 0.019841269841269844 0.019841269841269844 0.019841269841269844 0.019841269841269844 0.05555555555555556 0.019841269841269844 
0.01182033096926714 0.03309692671394799 0.02600472813238771 0.018912529550827426 0.01182033096926714 0.03309692671394799 0.018912529550827426 0.03309692671394799 0.25295508274231676 0.01182033096926714 0.061465721040189124 0.02600472813238771 0.01182033096926714 0.01182033096926714 0.17494089834515367 0.02600472813238771 0.02600472813238771 0.01182033096926714 0.01182033096926714 0.018912529550827426 0.03309692671394799 0.01182033096926714 0.01182033096926714 0.01182033096926714 0.01182033096926714 0.018912529550827426 0.018912529550827426 0.02600472813238771 0.01182033096926714 0.01182033096926714 
0.016025641025641028 0.025641025641025644 0.04487179487179487 0.016025641025641028 0.016025641025641028 0.035256410256410256 0.016025641025641028 0.016025641025641028 0.025641025641025644 0.016025641025641028 0.016025641025641028 0.035256410256410256 0.035256410256410256 0.035256410256410256 0.035256410256410256 0.016025641025641028 0.016025641025641028 0.016025641025641028 0.025641025641025644 0.035256410256410256 0.035256410256410256 0.21794871794871795 0.016025641025641028 0.04487179487179487 0.025641025641025644 0.025641025641025644 0.016025641025641028 0.08333333333333333 0.016025641025641028 0.025641025641025644 
0.02469135802469136 0.0154320987654321 0.0154320987654321 0.0154320987654321 0.20987654320987656 0.0154320987654321 0.0154320987654321 0.0154320987654321 0.0154320987654321 0.0154320987654321 0.0154320987654321 0.0154320987654321 0.02469135802469136 0.0154320987654321 0.02469135802469136 0.0154320987654321 0.02469135802469136 0.0154320987654321 0.02469135802469136 0.0154320987654321 0.0154320987654321 0.18209876543209877 0.03395061728395062 0.0154320987654321 0.0154320987654321 0.0154320987654321 0.0154320987654321 0.0617283950617284 0.0154320987654321 0.08024691358024691 
0.028673835125448032 0.028673835125448032 0.017921146953405017 0.028673835125448032 0.017921146953405017 0.07168458781362007 0.039426523297491044 0.017921146953405017 0.06093189964157707 0.017921146953405017 0.017921146953405017 0.028673835125448032 0.028673835125448032 0.05017921146953405 0.039426523297491044 0.06093189964157707 0.05017921146953405 0.017921146953405017 0.039426523297491044 0.07168458781362007 0.017921146953405017 0.017921146953405017 0.017921146953405017 0.017921146953405017 0.017921146953405017 0.07168458781362007 0.017921146953405017 0.017921146953405017 0.028673835125448032 0.039426523297491044 
0.010615711252653929 0.010615711252653929 0.010615711252653929 0.010615711252653929 0.016985138004246288 0.010615711252653929 0.010615711252653929 0.016985138004246288 0.09978768577494691 0.016985138004246288 0.023354564755838643 0.061571125265392775 0.010615711252653929 0.016985138004246288 0.029723991507430998 0.016985138004246288 0.010615711252653929 0.010615711252653929 0.010615711252653929 0.016985138004246288 0.010615711252653929 0.38641188959660294 0.016985138004246288 0.029723991507430998 0.010615711252653929 0.010615711252653929 0.010615711252653929 0.029723991507430998 0.042462845010615716 0.029723991507430998 
0.018115942028985508 0.07246376811594203 0.018115942028985508 0.018115942028985508 0.08333333333333334 0.018115942028985508 0.018115942028985508 0.06159420289855073 0.028985507246376815 0.018115942028985508 0.028985507246376815 0.028985507246376815 0.018115942028985508 0.018115942028985508 0.06159420289855073 0.018115942028985508 0.018115942028985508 0.028985507246376815 0.018115942028985508 0.018115942028985508 0.018115942028985508 0.03985507246376812 0.03985507246376812 0.09420289855072463 0.028985507246376815 0.018115942028985508 0.018115942028985508 0.09420289855072463 0.018115942028985508 0.018115942028985508 
0.028070175438596495 0.01754385964912281 0.01754385964912281 0.14385964912280702 0.01754385964912281 0.01754385964912281 0.028070175438596495 0.01754385964912281 0.01754385964912281 0.01754385964912281 0.01754385964912281 0.01754385964912281 0.01754385964912281 0.01754385964912281 0.01754385964912281 0.01754385964912281 0.01754385964912281 0.01754385964912281 0.01754385964912281 0.01754385964912281 0.14385964912280702 0.01754385964912281 0.03859649122807018 0.01754385964912281 0.04912280701754386 0.01754385964912281 0.028070175438596495 0.028070175438596495 0.14385964912280702 0.01754385964912281 
0.0749063670411985 0.029962546816479405 0.018726591760299626 0.04119850187265918 0.029962546816479405 0.018726591760299626 0.029962546816479405 0.018726591760299626 0.06367041198501873 0.018726591760299626 0.018726591760299626 0.018726591760299626 0.04119850187265918 0.029962546816479405 0.08614232209737828 0.04119850187265918 0.018726591760299626 0.018726591760299626 0.018726591760299626 0.029962546816479405 0.018726591760299626 0.018726591760299626 0.0749063670411985 0.018726591760299626 0.04119850187265918 0.052434456928838954 0.052434456928838954 0.018726591760299626 0.018726591760299626 0.018726591760299626 
0.040293040293040296 0.018315018315018316 0.029304029304029307 0.029304029304029307 0.018315018315018316 0.018315018315018316 0.018315018315018316 0.05128205128205129 0.018315018315018316 0.029304029304029307 0.029304029304029307 0.018315018315018316 0.018315018315018316 0.2710622710622711 0.040293040293040296 0.029304029304029307 0.018315018315018316 0.018315018315018316 0.018315018315018316 0.018315018315018316 0.018315018315018316 0.018315018315018316 0.018315018315018316 0.018315018315018316 0.040293040293040296 0.018315018315018316 0.029304029304029307 0.018315018315018316 0.05128205128205129 0.018315018315018316 
0.016501650165016504 0.026402640264026406 0.026402640264026406 0.016501650165016504 0.016501650165016504 0.04620462046204621 0.016501650165016504 0.016501650165016504 0.026402640264026406 0.22442244224422445 0.016501650165016504 0.026402640264026406 0.036303630363036306 0.11551155115511551 0.026402640264026406 0.026402640264026406 0.026402640264026406 0.026402640264026406 0.016501650165016504 0.016501650165016504 0.05610561056105611 0.016501650165016504 0.016501650165016504 0.016501650165016504 0.016501650165016504 0.016501650165016504 0.026402640264026406 0.016501650165016504 0.016501650165016504 0.036303630363036306 
0.014245014245014245 0.014245014245014245 0.03133903133903134 0.08262108262108261 0.06552706552706553 0.014245014245014245 0.039886039886039885 0.014245014245014245 0.014245014245014245 0.014245014245014245 0.2877492877492877 0.014245014245014245 0.022792022792022793 0.014245014245014245 0.014245014245014245 0.014245014245014245 0.039886039886039885 0.022792022792022793 0.014245014245014245 0.022792022792022793 0.014245014245014245 0.014245014245014245 0.014245014245014245 0.022792022792022793 0.022792022792022793 0.014245014245014245 0.04843304843304844 0.04843304843304844 0.014245014245014245 0.014245014245014245 
0.024242424242424246 0.2606060606060606 0.03333333333333333 0.015151515151515152 0.024242424242424246 0.024242424242424246 0.024242424242424246 0.05151515151515152 0.015151515151515152 0.024242424242424246 0.024242424242424246 0.015151515151515152 0.015151515151515152 0.015151515151515152 0.03333333333333333 0.03333333333333333 0.024242424242424246 0.015151515151515152 0.024242424242424246 0.024242424242424246 0.024242424242424246 0.015151515151515152 0.05151515151515152 0.015151515151515152 0.015151515151515152 0.04242424242424243 0.05151515151515152 0.015151515151515152 0.03333333333333333 0.015151515151515152 
0.017006802721088437 0.0272108843537415 0.017006802721088437 0.017006802721088437 0.017006802721088437 0.017006802721088437 0.017006802721088437 0.03741496598639456 0.017006802721088437 0.04761904761904762 0.0272108843537415 0.017006802721088437 0.0272108843537415 0.0272108843537415 0.04761904761904762 0.017006802721088437 0.04761904761904762 0.017006802721088437 0.0272108843537415 0.0272108843537415 0.0272108843537415 0.272108843537415 0.017006802721088437 0.017006802721088437 0.017006802721088437 0.017006802721088437 0.04761904761904762 0.0272108843537415 0.0272108843537415 0.017006802721088437 
0.026402640264026406 0.026402640264026406 0.016501650165016504 0.016501650165016504 0.016501650165016504 0.016501650165016504 0.016501650165016504 0.016501650165016504 0.016501650165016504 0.016501650165016504 0.036303630363036306 0.016501650165016504 0.026402640264026406 0.036303630363036306 0.016501650165016504 0.06600660066006601 0.026402640264026406 0.22442244224422445 0.036303630363036306 0.016501650165016504 0.016501650165016504 0.026402640264026406 0.026402640264026406 0.016501650165016504 0.026402640264026406 0.1056105610561056 0.016501650165016504 0.026402640264026406 0.036303630363036306 0.016501650165016504 
0.022038567493112952 0.022038567493112952 0.03856749311294766 0.030303030303030304 0.013774104683195593 0.013774104683195593 0.013774104683195593 0.022038567493112952 0.046831955922865015 0.013774104683195593 0.022038567493112952 0.013774104683195593 0.013774104683195593 0.013774104683195593 0.022038567493112952 0.03856749311294766 0.022038567493112952 0.030303030303030304 0.030303030303030304 0.013774104683195593 0.03856749311294766 0.022038567493112952 0.20385674931129477 0.022038567493112952 0.022038567493112952 0.013774104683195593 0.05509641873278237 0.013774104683195593 0.06336088154269973 0.08815426997245178 
0.01918465227817746 0.011990407673860911 0.01918465227817746 0.026378896882494007 0.011990407673860911 0.011990407673860911 0.011990407673860911 0.047961630695443645 0.011990407673860911 0.011990407673860911 0.08393285371702637 0.11990407673860912 0.01918465227817746 0.03357314148681055 0.011990407673860911 0.011990407673860911 0.011990407673860911 0.01918465227817746 0.01918465227817746 0.011990407673860911 0.011990407673860911 0.011990407673860911 0.026378896882494007 0.011990407673860911 0.01918465227817746 0.011990407673860911 0.011990407673860911 0.3357314148681055 0.011990407673860911 0.01918465227817746 
0.014245014245014245 0.014245014245014245 0.014245014245014245 0.014245014245014245 0.03133903133903134 0.014245014245014245 0.014245014245014245 0.022792022792022793 0.014245014245014245 0.014245014245014245 0.014245014245014245 0.014245014245014245 0.014245014245014245 0.014245014245014245 0.014245014245014245 0.014245014245014245 0.014245014245014245 0.022792022792022793 0.1851851851851852 0.022792022792022793 0.014245014245014245 0.014245014245014245 0.022792022792022793 0.12535612535612536 0.014245014245014245 0.1851851851851852 0.07407407407407407 0.014245014245014245 0.022792022792022793 0.014245014245014245 
0.14480874316939893 0.021857923497267763 0.013661202185792351 0.013661202185792351 0.03005464480874317 0.021857923497267763 0.013661202185792351 0.06284153005464481 0.021857923497267763 0.021857923497267763 0.013661202185792351 0.03005464480874317 0.03005464480874317 0.03825136612021858 0.013661202185792351 0.013661202185792351 0.013661202185792351 0.013661202185792351 0.013661202185792351 0.021857923497267763 0.04644808743169399 0.013661202185792351 0.013661202185792351 0.03005464480874317 0.013661202185792351 0.013661202185792351 0.054644808743169404 0.013661202185792351 0.013661202185792351 0.21857923497267762 
0.01754385964912281 0.028070175438596495 0.01754385964912281 0.01754385964912281 0.01754385964912281 0.01754385964912281 0.028070175438596495 0.01754385964912281 0.03859649122807018 0.09122807017543859 0.01754385964912281 0.01754385964912281 0.01754385964912281 0.01754385964912281 0.028070175438596495 0.01754385964912281 0.01754385964912281 0.01754385964912281 0.01754385964912281 0.028070175438596495 0.01754385964912281 0.028070175438596495 0.028070175438596495 0.028070175438596495 0.03859649122807018 0.13333333333333333 0.01754385964912281 0.028070175438596495 0.01754385964912281 0.1754385964912281 
