0.059467285743661405 0.04673449460837474 0.15099951651875693 0.11470517956343183 0.16209028899851294 0.12960812625786797 0.05842043700093393 0.06981274047656585 0.1000715103754817 0.10809042045640839 
0.06626713952887582 0.05035330814886816 0.033788189219209806 0.1500659070092282 0.0408779461873902 0.274940527897837 0.04283426201345419 0.05169630153385227 0.25538822924208027 0.033788189219209806 
0.03370927404671185 0.04376441361378762 0.39465680812086096 0.14864654324110516 0.0671014462926735 0.08417149304891461 0.03370927404671191 0.033709274046711965 0.1268221994958072 0.03370927404671175 
0.042950449163469115 0.06596338821537763 0.053474164680888656 0.09041318555329747 0.21362327297575337 0.07141073520718694 0.042950449163469094 0.04295044916346916 0.307314997334729 0.06894890854236828 
0.04668785072828311 0.15786035786434904 0.1768312625656025 0.03796015796648974 0.04628387486696203 0.06699623991351103 0.09964133908501326 0.08874594693688224 0.19097637038261275 0.0880165996902656 
0.07038551267617783 0.04135359446636711 0.09270097116307985 0.10843486126977667 0.11999710156603292 0.22215784479601566 0.041353594466367084 0.2027346467915713 0.050851076591040066 0.050030796213554926 
0.326059531834646 0.12452121044627484 0.06233602762394984 0.047832861365518835 0.06253016772589873 0.0565915383174755 0.055584079808165356 0.036842971242294305 0.03684297124229421 0.19085864039350742 
0.10106841167641563 0.25517475726838856 0.03869109576591314 0.04861257017139488 0.14333491020465197 0.06986731465524633 0.03869109576591292 0.03869109576591323 0.05617545965883768 0.20969328906734297 
0.04105548821119666 0.16896707721179752 0.018238041075393386 0.03678119631958536 0.022064919099585238 0.06839129526760901 0.4514628099217291 0.08708863393368496 0.07875590204814972 0.027194636911205352 
0.04736208272107675 0.05634656365923924 0.03606410152694062 0.06273502973810342 0.08724358017141001 0.34577019027892425 0.07013842302106413 0.05995661386653352 0.1898992901580353 0.044484124858675755 
0.05085423547849865 0.03811893625865504 0.038562112807403896 0.3501137126315185 0.030614758250505195 0.045841584422561615 0.04806987880020599 0.3365952648496382 0.030614758250505136 0.030614758250505206 
0.07276500044834096 0.07530670056095042 0.36345087884783767 0.09669358170966287 0.07210308700021405 0.046938443042844384 0.11000212772299242 0.05755522095788699 0.04693844304284422 0.05824651666638095 
0.14534311018225832 0.07171199176863623 0.0513307171114378 0.06586225245091461 0.06305805123248617 0.05133071711143814 0.17166956361143815 0.17467181452516656 0.06325272909054604 0.14176905291567185 
0.04180919614983266 0.02341469849096422 0.03998116772073562 0.2889316493549306 0.03752108576676879 0.0545620793761861 0.0344599752213773 0.39463677401538627 0.04575064460367734 0.03893272930011299 
0.0653712810364241 0.18531652797452813 0.07685110741872478 0.08265496161159078 0.18984212358956012 0.11861089978999044 0.09248189325663331 0.053965506925042366 0.06967206415986836 0.06523363423762642 
0.07386868139623906 0.17275981428030376 0.07386868139623907 0.10850437858989069 0.10174075915189983 0.10665863327261542 0.09458268707163188 0.09101902071501639 0.07386868139623907 0.10312866272992757 
0.14009750797545967 0.22142841792223283 0.06295973695517249 0.10190250702245539 0.151383898926188 0.06457944486529567 0.073183512951163 0.043451872471380895 0.06001971882519084 0.08099338208545902 
0.1435058116573112 0.3427933731658535 0.06133834392848222 0.043367853453580324 0.09483996790266286 0.051741259582473706 0.06785759298362926 0.034771618159587216 0.0653770056247009 0.0944071735417384 
0.37655898540008026 0.08830978775895557 0.05945726722239936 0.09483813135928687 0.05161818511781002 0.040104696865870565 0.07125234074364412 0.0401046968658706 0.040104696865870565 0.13765121180020126 
0.09245816116351666 0.2815050123509261 0.09856131126963169 0.07441702171696314 0.04135726329760215 0.07365512844843 0.19303181975477596 0.0413572632976021 0.04135726329760213 0.062299755402940846 
0.05891898891571207 0.07904706045300831 0.17746882922731566 0.2728788332014248 0.06517972069297014 0.06599644725368277 0.10039140557589188 0.08732576207788696 0.04639647630105602 0.046396476301056 
0.06595524124231715 0.445787548609912 0.027993342202451445 0.11537088660321904 0.08530680369000608 0.10074818196958314 0.050076759154905746 0.019422196320578577 0.019422196320578733 0.06991684388642933 
0.11879634872807873 0.0946004265265405 0.0718656178817225 0.09018423137440033 0.17764108761137684 0.07186561788172252 0.12312311885214734 0.0718656178817225 0.07186561788172252 0.10819231538056974 
0.463593792850942 0.06842340659747362 0.059154011951478264 0.043033889180495624 0.08134869345039551 0.026352935393883163 0.08135696479501264 0.033747494927478326 0.116635875458985 0.026352935393883375 
0.039026945001129375 0.2752693245163739 0.05311591206375749 0.13856423071543902 0.14099373166586385 0.05853806789789644 0.0744101040768943 0.061879962243058736 0.084111574624953 0.07409014719466027 
0.10139201380153143 0.17388007560644403 0.061917103681190896 0.12804984296939123 0.12052727569921601 0.16361705289662043 0.07476485351665381 0.05013982130498118 0.06138295711610851 0.06432900340786232 
0.03696095423756987 0.05637129349500061 0.12874156607456294 0.2882210029164301 0.19283725662439707 0.0723025493325579 0.04689723654538457 0.036960954237570294 0.08736101186772814 0.05334617466880859 
0.05286586488594722 0.06511601290689868 0.06513990990796646 0.052865864885947376 0.1787142139683707 0.09180800543065226 0.23323399098584646 0.13953285481280175 0.06785741732962364 0.052865864885947245 
0.032216646223723396 0.02156667492157706 0.1719729471818971 0.0607656211632231 0.35615046311212095 0.1825921864435817 0.0470065942989001 0.03765253124897295 0.06850966048435995 0.021566674921577118 
0.3633170340981743 0.08139021096299842 0.03522983396594105 0.07776066436246049 0.059836600201604195 0.035229833965940684 0.1594012986378046 0.046779124138602225 0.05909238687030675 0.08196301279617126 
0.07106807418571083 0.062002070776937084 0.04873286809972717 0.0985032912235244 0.20431498057621295 0.06170093437682164 0.04873286809972722 0.06417747539434603 0.25055184479766407 0.09021559246932179 
0.06295448027937497 0.07722585886619122 0.12948906582060526 0.1721996086358403 0.18053164483019957 0.12578142045028756 0.06295448027937488 0.0629544802793749 0.06295448027937495 0.0629544802793749 
0.04814690755367061 0.058399091824410165 0.26092277311456313 0.19149556491900363 0.07643369749078435 0.0656803910958278 0.07810276281129615 0.038714774364310235 0.03871477436431032 0.14338926246183453 
0.04839224322812502 0.03922628866103154 0.145126406562982 0.1448997267087307 0.051538302181515165 0.05852576424954386 0.028879451270927236 0.043042042940158884 0.042401559011385155 0.39796821518557335 
0.0594662904849315 0.1285775544821511 0.04839374089779816 0.14117659722273904 0.250261120939472 0.12685492913014113 0.05924534322028924 0.04839374089779799 0.048393740897798035 0.08923694182686592 
0.10897302739975509 0.07150317275223651 0.1295249289456948 0.05511231579191532 0.046984028648335875 0.056789511483565 0.31308796545474704 0.04862049065525767 0.045860456271859 0.12354410259663216 
0.05177144704454052 0.02340581579689123 0.10785950065032117 0.0399231124169551 0.0291082065670007 0.023405815796891535 0.03533091001430489 0.427246037635234 0.023405815796891303 0.23854333828101226 
0.0867062828706695 0.06386781337097484 0.03478499852355225 0.07739012075094377 0.3165209010396254 0.045489141173886444 0.05064070016181233 0.0367200432497576 0.07256381957107746 0.2153161792876978 
0.054514914087934054 0.2270469873544988 0.10853701532714569 0.12644744921234305 0.12698248981219168 0.07609014425660002 0.08288831813416314 0.07018727527101173 0.07354730781205364 0.05375809873207247 
0.06479110444637122 0.09765755475601401 0.06471325885540485 0.06510687761047924 0.23138679149384464 0.1740759189425834 0.11701080972845522 0.06527287890271376 0.06672602982662418 0.05325877543749848 
0.07420137431553483 0.06032309760251943 0.04781593658389541 0.07617863237371335 0.31164188093936007 0.05801001911397561 0.083956420513187 0.04781593658389537 0.08573115111691991 0.15432555085699526 
0.09209436630527813 0.04384513332163882 0.03624075569310274 0.3687172959133486 0.04609458295465401 0.03624075569310283 0.036240755693102325 0.2680448430395485 0.036240755693102825 0.036240755693102596 
0.04541084204286662 0.06560587191434011 0.0833382554767117 0.17126815516900007 0.09167845875297635 0.08235602365071695 0.0454108420428667 0.05592242034595123 0.3135982885616956 0.04541084204286683 
0.03988416831191753 0.05875187016223351 0.07836450105891715 0.10331123343680831 0.08200535246241829 0.2352398060310219 0.04106131956596621 0.06522287001054525 0.2539505314334165 0.04220834752677558 
0.12163403836905524 0.2437930850812495 0.12343801805087472 0.08098279867734318 0.12700440772990143 0.04861812914173347 0.07472683110044652 0.048618129141733336 0.04861812914173336 0.08256643356593608 
0.3913421626789013 0.1838089658252413 0.10891427296094516 0.08231382195259282 0.03506834550783054 0.05629872686913362 0.048802342135972065 0.028747848326559695 0.028747848326559737 0.035955665416275755 
0.0704297898525543 0.05813160667739871 0.07889534134402268 0.048579647715854435 0.047674588455612454 0.09013186945418326 0.05761869681403244 0.4352548895157099 0.06465375392240785 0.04862981624824624 
0.0527564927298027 0.03675362496569327 0.13639452199018473 0.047220710133957094 0.04446561766870181 0.03675362496569332 0.07091093875813595 0.48209433769667487 0.04664969636232625 0.046000434728820046 
0.09703693988973182 0.2299034590331738 0.1990866697368031 0.06551626077190348 0.06537265474759771 0.06861880656594371 0.14270079820975193 0.04392147034836091 0.043921470348361025 0.04392147034836087 
0.06791734202811074 0.036360605237271054 0.17604488309428662 0.028198410360981727 0.022312322218051045 0.057847446628751235 0.022312322218051215 0.45832811046075517 0.022312322218051055 0.10836623553568903 
0.10357359310482411 0.07605200331766222 0.05493792538182875 0.13951008873453358 0.05719282067044715 0.060620844631961504 0.04540964483887496 0.3337432351571151 0.07402191878091137 0.05493792538182869 
0.07089994092127631 0.041253169483960885 0.06470438673299027 0.09970353555941801 0.05083105609641872 0.13693705794218325 0.04125316948396087 0.04125316948396107 0.4119113448119016 0.041253169483960885 
0.06485756011210957 0.08885431066937095 0.08685960240669874 0.11390574797996678 0.2001666733678037 0.09713488363997662 0.10025448920074022 0.05511622091571302 0.08370912408729993 0.10914138762032968 
0.09174349376946803 0.08672464053530347 0.05860992978045396 0.04676431039672504 0.06079055967584631 0.046764310396725 0.046764310396724934 0.04676431039672491 0.07587731804529205 0.4391968166067798 
0.03968488476453187 0.08695434899588951 0.06003193743003586 0.1717010944959702 0.25819535185503656 0.0396848847645318 0.03968488476453198 0.04830632716229597 0.06757970369037668 0.18817658207680035 
0.3671893090842775 0.043755490512711624 0.04759250673215495 0.1779044838011939 0.034395016662388214 0.0712090871732109 0.03439501666238815 0.10105679445008346 0.07263086130928416 0.04987143361232105 
0.14478624943098664 0.11220727464402254 0.03701497745363532 0.056613459932757994 0.2526702722438665 0.03701497745363535 0.10734791931507025 0.03701497745363504 0.1689801068783297 0.04634978519406176 
0.07351563406064206 0.04808439278912068 0.03974476982287301 0.04920775210237201 0.08385711369190141 0.1049439099037688 0.050446219820717494 0.42457521329228853 0.0767865707099422 0.04883842380639894 
0.0766686329773087 0.06476424474935338 0.09256438150796903 0.3161269603910711 0.04917471120515575 0.08904101530151098 0.13320108849581255 0.052016637898887254 0.04064598645399494 0.08579634101893524 
0.056170759845004775 0.0644263263050868 0.13324659666586014 0.3149851388596474 0.03987356361412176 0.06596782542000826 0.07879022650036153 0.0322891937048436 0.16100676322000815 0.05324360586506096 
0.14305610912194502 0.026497661544435818 0.03948556316744501 0.3534691700626564 0.08169720863367175 0.051911665077268986 0.04074187728392849 0.0842446670093839 0.061112292542622175 0.11778378555661026 
0.032574873990799474 0.04110104947231679 0.03257487399079937 0.04654146612800448 0.03257487399079944 0.03257487399079944 0.43614085279219833 0.1855259866370064 0.1209811073084316 0.039410041698827086 
0.029586847696529944 0.049880538839392835 0.30182077959551773 0.05379376449951246 0.20700179272053987 0.02958684769652985 0.02958684769652999 0.05933885040238053 0.15600895739930812 0.08339477345377372 
0.055757264989365875 0.06810037578710894 0.215066825369139 0.12071041073154982 0.1183497252041194 0.051542557428837336 0.2258798436800286 0.042016887274719146 0.04201688727471914 0.06055922226040022 
0.0717215393294975 0.0658020937774595 0.2750268488652478 0.05335376992820415 0.05255819189172594 0.05100647258239381 0.18538511495115956 0.07804845717242095 0.09741071645334164 0.0696867950485556 
0.022365187433281853 0.044699205694059455 0.4457740997022067 0.07522105664008494 0.05036345549978046 0.19045820737462457 0.07480369133956515 0.023693908957671837 0.04221508484266923 0.03040610251605926 
0.06091727488849232 0.0883461526958969 0.04578839698073 0.04714100839100118 0.39745814410679364 0.07889757245675834 0.05355532223012186 0.031195779867583144 0.14791626671954144 0.048784081663047894 
0.15486033564988805 0.17638899485529427 0.09671824704266721 0.08268890792636771 0.06486339555995789 0.06606484195476532 0.05204551877401745 0.062966201057307 0.16295258596822534 0.0804509712115003 
0.09727244483478131 0.29083098600282464 0.03238647743894678 0.038041604783962374 0.1285044221197765 0.07552427003985825 0.05637092437298872 0.02359296673053576 0.1344150376820754 0.12306086599426805 
0.06127061463752186 0.035997386823217556 0.056428692632665284 0.05198925018260739 0.035997386823217556 0.17065351204310694 0.41334087476981557 0.05511317438811969 0.06720161382902697 0.052007493870724106 
0.04485623715483655 0.03190657599238534 0.47216674538262177 0.05832398452081061 0.0810576739886646 0.05977946009296572 0.1405652131302476 0.02601869906712663 0.029685650445622873 0.05563976022474297 
0.056848777179078686 0.16450302686316814 0.03819277566226053 0.08765098223529336 0.0905178289349001 0.05723348816103392 0.28909085238612847 0.03819277566225879 0.13074709466041595 0.04702239825546315 
0.07188149206107748 0.04889424978880529 0.048894249788805404 0.09696454206463095 0.23818622151933838 0.18756581286180113 0.07260405343832411 0.1268757841480913 0.05923934454032997 0.04889424978880531 
0.03617311832553354 0.04947411153685229 0.13067726382830752 0.12011995037842732 0.4207198900920216 0.03512766366630062 0.10119708798112459 0.034592167307772835 0.0440306242483344 0.027888122635291834 
0.08011593957477325 0.04011731688597739 0.11359126294775072 0.11722749065489801 0.10248710764829956 0.06957212374357481 0.04011731688597734 0.07960513031724178 0.301047461038643 0.05611885030286413 
0.23316000660899505 0.06472686401553837 0.05608612112716914 0.1293960079384748 0.07724844705369373 0.05819880765529373 0.03696122867873626 0.07718922130336156 0.18825581099231992 0.07877748462640125 
0.039040580462062775 0.03115518169651996 0.0246071048287056 0.042637535160735845 0.26361537282927633 0.16982707639562927 0.09081886745121973 0.047504619438694225 0.2522840233624291 0.038509638374711455 
0.0739226048843209 0.05238188147273189 0.07348919246256881 0.07588697245858694 0.053174120627461595 0.07300572860067953 0.043296914055941826 0.4276806110919625 0.07422417430971155 0.0529378000360569 
0.04043634297538605 0.04186918244263948 0.0682494467389874 0.06412294800469856 0.0325961887075731 0.1707637068085186 0.05789998242700859 0.3864512137148981 0.049215275181908776 0.08839571299836772 
0.052178579384836096 0.07337749996024907 0.07304091276746161 0.08044269692363272 0.0638475530449307 0.0721630852788749 0.0423467845073281 0.051663731759278735 0.042346784507328046 0.4485923718661061 
0.035918828554206333 0.05503179208682737 0.12108030441868764 0.04543952325615944 0.030349693386674193 0.04929980719370166 0.061015565090018264 0.0218164659304925 0.21411282624435815 0.3659351938388955 
0.08926313195227363 0.025366969499316137 0.05054511025438637 0.11825340594080146 0.18124948881358013 0.09079169654045 0.02536696949931619 0.044619631896830804 0.3491766261037501 0.02536696949931606 
0.021808619812101082 0.032331999723418506 0.027569428948268762 0.031979420358452505 0.042719341178829535 0.6283459384171497 0.03928856213540154 0.03485862588862299 0.07738112925649099 0.06371693428120481 
0.06055314402662035 0.05104266439478996 0.06637879103435752 0.07612775947586227 0.37936745456705306 0.05215887903892063 0.04138581686690828 0.0764616031040103 0.13694928501846448 0.05957460247306435 
0.12401965212565914 0.1317947416508107 0.07127355470257767 0.02711996098530151 0.059316565002433395 0.16323313583028437 0.0607628611669283 0.030991418048499773 0.24076693653195655 0.0907211739555479 
0.0834637439509041 0.0493291914036679 0.19354586855679748 0.2179453760160235 0.07003062504486622 0.06276711877290217 0.08562295197635009 0.07283245826793697 0.10395086198298305 0.06051180402756995 
0.07764846394411667 0.33256296632518273 0.13996293831719678 0.06176644653723601 0.10678012949834208 0.09762576381590038 0.06439593818742093 0.03946159724200489 0.04713693307513087 0.03265882305744819 
0.04992168150439433 0.36870819131324745 0.0754213362921457 0.3227006729911381 0.026853928446305474 0.053865845413258506 0.02512456997150257 0.02873823383906529 0.02006450271848467 0.028601037510422558 
0.04427802941777327 0.044278029417773215 0.04427802941777335 0.08306894452029895 0.41801433342535277 0.06906912234947654 0.044278029417773236 0.05401298964673416 0.12087565882888818 0.07784683355818289 
0.03423944818103102 0.0459267403447553 0.05100557888562113 0.18236371367776877 0.06041656485016866 0.0419764291833415 0.03423944818103163 0.47256190768785516 0.03423944818103105 0.04303072082741296 
0.05952907368675822 0.12593760775826138 0.0689653214289935 0.09409439722556258 0.06864523820278 0.09584185938479398 0.21654634423422994 0.04753996833265708 0.13439942043321557 0.08850076931273458 
0.06017116500694082 0.07611895706033123 0.0325389162254176 0.09405254013388839 0.2890440126652785 0.07106056391401654 0.03956030899678773 0.07215794568386857 0.2103811245697337 0.05491446574375183 
0.07878467005584068 0.33536569186155435 0.08941649671818436 0.025725409642281486 0.059406132482198684 0.1592901220358893 0.03866800891848342 0.03112335805222397 0.025725409642281576 0.1564947005910312 
0.07307145165755136 0.40645139666301094 0.08489035589459193 0.08460541225826375 0.08407336280628544 0.13436730010766304 0.026049075054979387 0.022406235994724112 0.025694686911099558 0.058390722651773856 
0.07523875741536691 0.07571513703500234 0.08052633572784161 0.2440267927998992 0.12029933424501404 0.028024017338055176 0.27568206210935925 0.03017092172630793 0.0412707672180246 0.02904587438511918 
0.41981342250299736 0.07490620119043483 0.027056091645632545 0.14081120798226002 0.10898760603129386 0.036900373391646646 0.03483637234480935 0.016123691283125192 0.10216732540949786 0.03839770821826697 
0.05889986731804061 0.0904250227991995 0.13658298624856383 0.40493718016919455 0.02636670379931616 0.1063020010571769 0.02179373623552957 0.05863009641089273 0.053984960815470356 0.042077445146623066 
0.08178207195819805 0.11492847821039193 0.03930469266744523 0.0540909635297264 0.03132607426537894 0.06220854451455083 0.17139530025268354 0.24461198589843922 0.16902581443781284 0.03132607426537898 
0.10021752851583779 0.07840289865406015 0.0708295271428194 0.07111909127994874 0.09340195450231753 0.048317734172134745 0.12632134367276598 0.30195643498512714 0.061115752902836044 0.04831773417213466 
0.07348786820526734 0.037160888807885775 0.08004640049511694 0.11532107459951413 0.05929375172037837 0.4574915850656197 0.03593712011391685 0.042346843757771827 0.04033894766078462 0.058575519573752524 
0.06714800203925221 0.0671480020392522 0.06714800203925222 0.15207013799554178 0.06714800203925221 0.06714800203925221 0.11300711913636675 0.24197745366332804 0.0900572769692451 0.0671480020392522 
0.06648272656252634 0.06648272656252648 0.19232954983073391 0.14317082665419828 0.06648272656252628 0.1991205375773774 0.06648272656252635 0.0664827265625264 0.06648272656252638 0.06648272656252635 
0.06719477644399613 0.04490548834931208 0.04833741991468008 0.08547949486798871 0.05414356370686225 0.12162835486780643 0.055757688169988454 0.06519776179427926 0.18676247651386793 0.2705929753712273 
0.5057067505828007 0.0922570487712907 0.04102120828893619 0.05047921371327647 0.05296286922999375 0.041021208288936045 0.04962866562921645 0.059642074939715704 0.041021208288936066 0.06625975226689688 
0.09129233241356674 0.04124647882234963 0.050738104017815984 0.1464106663916383 0.09954288067023438 0.21671353682486466 0.06415625901639595 0.07638314301653716 0.07051096856667916 0.14300563025991297 
0.041405879873786 0.04140587987378597 0.12380643351240475 0.3492667921008608 0.0733372421407092 0.1544374751009806 0.04140587987378599 0.05275132471375215 0.05178236440448538 0.07040072840545962 
0.10989305129073115 0.053723370876552524 0.031008656955826882 0.08550092307236233 0.03100865695582686 0.07079153785015618 0.34727275257267004 0.0814064507296447 0.09684374068593331 0.09255085901029983 
0.04470879426620505 0.0363873241718379 0.04027684817397225 0.04007063712988708 0.024191551957853018 0.08684244048558616 0.03577569813161265 0.4256256443390933 0.06696409122030687 0.1991569701236792 
0.08844228346973927 0.07459236246311778 0.08861570108495927 0.05291377247427195 0.04453515568028441 0.10614109615343657 0.20701881828441987 0.09975383808109257 0.20312702107695083 0.03485995123172256 
0.07333573606797888 0.17676547584385582 0.4075484126577705 0.028556804957179285 0.03570230618138015 0.054574100133872455 0.028556804957179376 0.028556804957179303 0.06884283161561688 0.09756072262800539 
0.07291328103753623 0.41298140685019225 0.03977516989467431 0.06732880475247069 0.13995747930936286 0.0419478366080793 0.06239684769011555 0.03287667537079154 0.07769493070803374 0.05212756777876101 
0.05267021819109929 0.06614742955687544 0.05267021819109931 0.11400785079909026 0.21337157244932675 0.052670218191099356 0.052670218191099315 0.06486217715617697 0.06644710821700771 0.2644829890571249 
0.06311901378489006 0.27162634935042385 0.092784698670769 0.0860092104424156 0.05582121134215441 0.07904404735727336 0.1517506451328414 0.02639763381717166 0.09255711808817844 0.08089007201386872 
0.07280785211271061 0.08533128173374527 0.26092882003528356 0.15664346372519955 0.13148348561478085 0.08060718110301295 0.04071023753036406 0.04755283334342195 0.030907705353344132 0.09302713944815433 
0.05956896157941211 0.06913768306463873 0.048012988539530364 0.0385894987801699 0.047469700663095256 0.13963401116604326 0.10114283607402923 0.05723356299399744 0.0723534090930399 0.3668573480460803 
0.07915752439644647 0.05945380164798875 0.05399777954956964 0.05237958094483454 0.3656345660462534 0.0487667398004899 0.03975462110921696 0.03975462110921692 0.19787937548746154 0.06322138990852405 
0.06709059424177731 0.10166127932049986 0.12154967617896528 0.3174952813292802 0.051915429995854245 0.05750787111456252 0.08393501678335095 0.0872087257107962 0.05686709354277294 0.05476903178213268 
0.07372355763138527 0.05656742419118655 0.05689832817527928 0.05627066228963707 0.3336667595117678 0.06692641225797298 0.10411740371077591 0.0729614289001948 0.07533882828848842 0.10352919504331116 
0.1679019136815234 0.1719116412046788 0.08538151053132961 0.07787270441438075 0.12077195108408571 0.13014768225065845 0.09369634681182061 0.03261107093299663 0.04113468870828575 0.07857049038025296 
0.18850370535106867 0.2415896818480484 0.11138040409113253 0.07110277183437325 0.0603711972013483 0.09402351997968894 0.04189169483456677 0.04189169483456685 0.058795295334780937 0.09045003469042515 
0.07050775472896535 0.02219678733990609 0.03433556899798349 0.0551938066023926 0.19545399995556761 0.04966321033299266 0.028434366617835254 0.032045960684587295 0.159801166887974 0.35236737785178246 
0.12055344044944911 0.29468244830669743 0.03360683369879451 0.055286645624288325 0.03360683369879463 0.06062237751932221 0.05755155651579378 0.041755701183574453 0.22727173485446678 0.0750624281488272 
0.10498285599366135 0.08068632101964876 0.0548402781649263 0.2538112045516277 0.07372822156028103 0.06800718930149187 0.18791598982030813 0.06634738325819646 0.05484027816492648 0.05484027816492644 
0.299817997957065 0.07734228302011514 0.031189665348304127 0.04698758521901242 0.24319184809654965 0.055624986322510596 0.05773978810397962 0.03118966534830412 0.08470096797883093 0.0722152126053329 
0.034476416650154905 0.027844252918130193 0.03464377197189647 0.033925543555024106 0.046936108594871746 0.027844252918129985 0.052862766362930635 0.5205432605703807 0.027844252918130145 0.19307937354044635 
0.018061033021838736 0.055697066569615775 0.04389816379326564 0.022577187378742498 0.0350082577832914 0.0501557474970173 0.6339287528275548 0.018061033021838705 0.03836822513022791 0.08424453297670804 
0.08867188737284473 0.20592818009360012 0.058702609431963516 0.08488963548099303 0.12249028798759513 0.03868899207457463 0.12572688981706348 0.02884285946853131 0.21011659232113059 0.03594206595169363 
0.09885927181965845 0.0871300087596813 0.3458870817874112 0.09522724688659696 0.12195332977888759 0.044927101747200604 0.055873675188630664 0.06028808053757516 0.04492710174720074 0.044927101747200764 
0.13393386327695977 0.3783270101605601 0.06405440289358678 0.09078171558967142 0.04096336191898928 0.04341301880743059 0.11603104574985203 0.029967285559481627 0.029967285559481596 0.07256101048395808 
0.05436406235202389 0.0518439648422789 0.0889686995282513 0.21423086926082927 0.07080178243651954 0.09813865922210858 0.18170447676378718 0.1219716292426276 0.07576086795984269 0.042214988391720526 
0.05988109079045765 0.04046958306283939 0.04046958306283943 0.06919573513577162 0.09780120854177055 0.049526839513020025 0.3585175802744633 0.04046958306283941 0.15987287673473685 0.08379591982125509 
0.03567301782160252 0.03567301782160256 0.08845337420845892 0.04493965345371257 0.035673017821602544 0.03567301782160229 0.06308435123892896 0.05416904629154902 0.03567301782160247 0.5709884856993721 
0.06696838624328345 0.10972696589604074 0.051467100042344366 0.17103643174694136 0.09306071468534155 0.13588687699908528 0.07873504181492667 0.15931702205757806 0.08233436047210654 0.051467100042344394 
0.09750785863448853 0.34933070162198093 0.05402104230412252 0.05402104230412251 0.09368937036510804 0.05402104230412248 0.05402104230412248 0.054021042304122566 0.0742749669491725 0.11509189090862834 
0.07605606698013377 0.09137528907872573 0.09862952683455277 0.15447138027813734 0.14473914277822958 0.12101723374894027 0.06392380689298344 0.05099866776302243 0.05099866776302242 0.1477902178822491 
0.05295074179813167 0.4760979734560671 0.08857891292199307 0.05608570709234352 0.07685384751625271 0.08359702830213199 0.04993359264959768 0.031117454216434904 0.04606351416125535 0.038721227885776845 
0.04257018386156567 0.33398801796798416 0.1422681161493733 0.037038072994335876 0.032266711103486515 0.10691141030841425 0.06403195317169953 0.03281209761289465 0.07142614098334334 0.1366872958469376 
0.0498139631546343 0.12208446596004255 0.02451810560801033 0.05940402366923152 0.04701992540480783 0.435401532173054 0.030558514817681914 0.024518105608010276 0.13538835762460064 0.07129300597992211 
0.012160625387828021 0.010002287160480777 0.012671875614612943 0.052316092681040476 0.08169077986235622 0.030304963662015516 0.02071128686648394 0.24497120040690107 0.522819175985884 0.012351712372436718 
0.03779235301667471 0.10361605212205235 0.03645298337315237 0.03600862018756496 0.05534657609548251 0.3659596996559461 0.08229764696450628 0.04050573062700552 0.07817321814206822 0.16384711981554456 
0.05989890303478254 0.3163901641712605 0.1723643512898018 0.05647313074848307 0.0577510069311451 0.10231537952719048 0.046288864873387355 0.04628886487338733 0.057468615191793394 0.08476071935876275 
0.0659686352436106 0.06011693816903273 0.07630303646245817 0.14113867390638501 0.12869112033868188 0.04613394817889787 0.07834271775373794 0.26408886547097715 0.08206092826459783 0.057155136211617934 
0.03934429323233514 0.06300246471386242 0.07589665848506723 0.3300349655609031 0.05260558762098658 0.2708459490106993 0.037624938473653315 0.04806115961059382 0.04571612910309841 0.03686785418877591 
0.0912805474232708 0.08970391003231042 0.15458025991024074 0.0652178005284372 0.06521780052843719 0.10061710975243476 0.06521780052843727 0.12923703126120628 0.06521780052843719 0.17370993950678734 
0.07433824411436958 0.047426893331325194 0.06473681738527007 0.04742689333132525 0.047426893331325215 0.047426893331325236 0.21310522437152923 0.24247875214925102 0.11533512502925342 0.10029826362502044 
0.04530976313970499 0.04530976313970504 0.045309763139705014 0.04530976313970504 0.04530976313970506 0.05644388286693177 0.07067239560454493 0.45255469063445075 0.07431001976523498 0.11947019543027088 
0.061211496846578936 0.05339682978798243 0.575621120698872 0.11077961818041043 0.03368077356778315 0.04343174243001512 0.046795162194410544 0.025027752097966073 0.0250277520979665 0.025027752097966472 
0.06251636548256577 0.45478357323362556 0.05960953649274838 0.047259179550200384 0.1105787761512196 0.053478203805949885 0.09763491367976829 0.03130747319902764 0.04495527550168888 0.037876702903197064 
0.10387973704930549 0.3089992641268115 0.04097918209796075 0.06054928242406226 0.05806842487760028 0.0597998142627097 0.040979182097960705 0.06757585920016534 0.19767483656986484 0.061494417293573446 
0.04572601147895167 0.08100429210164695 0.05739252652128303 0.07733103778427965 0.0571017205528652 0.3283825322288032 0.07926880386792905 0.1442970638148817 0.08377000017041278 0.04572601147895168 
0.11665579495494116 0.31183305071158307 0.1458608462543101 0.05466962934969242 0.0579584080370372 0.07994172952994286 0.03996430763390665 0.059020850907940244 0.03996430763390663 0.09413107498674778 
0.10046067063896981 0.05901367471296758 0.040210754150217 0.05388285601667757 0.12539981995184624 0.08312240935890249 0.05831196952089925 0.06188963495605062 0.25754040063179373 0.1601678100616787 
0.058661091065128526 0.05118276621419016 0.04128807328836353 0.08480849133300093 0.04995152676318005 0.041288073288363494 0.05939829054628871 0.4461680722657415 0.041288073288363425 0.12596554194738135 
0.07959759629219228 0.054228843546237596 0.05860324247416803 0.040556587566548626 0.07116874191981086 0.09652156519500309 0.08757316815497337 0.09977191955263852 0.38058120273610196 0.03139713256231761 
0.03648666737396515 0.06521114257942867 0.03621959564594947 0.02126630866569063 0.025133052451538955 0.1382577622674113 0.021218135885972357 0.44587252153621726 0.14942453659551316 0.06091027699833813 
0.015988194060523774 0.19612391096930118 0.521560069268716 0.048011845618048776 0.04600053489816167 0.026896601884659005 0.0311372961154596 0.05641470459385811 0.0286199136459103 0.029246928945328373 
0.052993491834916265 0.04474488524846493 0.04524066558739339 0.030031432246711696 0.05004603072100948 0.03003143224671167 0.04508471184419498 0.5685150995468943 0.06987582286626963 0.0634364278574768 
0.06568649152849267 0.15026189577717314 0.0769711521510102 0.07328132575335336 0.07171816792780361 0.2688071186475766 0.06060190886193911 0.06014938348020898 0.07701670690815607 0.09550584896429058 
0.05020178285711536 0.09570310957730585 0.11288404729101408 0.0830607135018889 0.023249140454763652 0.07868067767782948 0.039717382279133656 0.23268593589483097 0.05855917341798963 0.22525803704814973 
0.10779093499856819 0.04673528865681207 0.027810398205925187 0.10947825842860304 0.06444928093895928 0.035108577211011474 0.16457468161725655 0.035595085646699186 0.06718905194517871 0.34126844235101134 
0.10539010635722179 0.08715617117989258 0.09650720139805767 0.07366561957333295 0.06999144487493592 0.08727153721469182 0.048806909650605024 0.06489067047298779 0.15520439976205205 0.21111593951622562 
0.08226716796719014 0.03105362141685428 0.05816890250336831 0.03105362141685441 0.02566776793443802 0.070472328742096 0.036926854074542464 0.04368305135120195 0.025667767934438 0.5950389166590639 
0.20203009965921337 0.18688584083697962 0.08431500809553161 0.059870342134237815 0.08437438301605522 0.11958732106701134 0.059870342134237815 0.059870342134237836 0.05987034213423782 0.08332597878826431 
0.09861611247889765 0.027510269632741925 0.20943388337555863 0.1536414985421882 0.02751026963274196 0.03328273422265802 0.22187898410932191 0.14676699184092784 0.033282734222657734 0.048076521942286635 
0.10652368673117556 0.10144932362343095 0.11538540882709372 0.09899643182835857 0.13373576916318763 0.19483372059895318 0.05206585954290998 0.03421218747990776 0.042684777325203295 0.12011283487978758 
0.04198387853313098 0.29593079940343175 0.03752260748671247 0.12767466682803058 0.03842408205006492 0.29542162177336995 0.03904838908082078 0.03101479110391973 0.03882578856439607 0.05415337517612979 
0.06602219600205654 0.14174401653069674 0.10243258308081415 0.0660221960020565 0.08062091118875012 0.13664618404055295 0.0660221960020565 0.0660221960020565 0.19386587260261362 0.08060164854834817 
0.09517573221947134 0.25007342712340835 0.03063271538815289 0.2713698954503898 0.08085285542461165 0.04594462990733419 0.10815186576386542 0.023667754303972253 0.03505343709151114 0.05907768732726638 
0.15809874041174665 0.0528197443282544 0.18611041081176558 0.05077028542783785 0.026190283223414226 0.026190283223414268 0.02619028322341439 0.20562496038904582 0.20529206034284803 0.06271294861824038 
0.061180659763531306 0.10963273966614125 0.04848791396933067 0.04836704705883301 0.05552064235921977 0.16619136076775973 0.12902487065322205 0.08130595899180922 0.08045278454478881 0.21983602222535414 
0.08334338867009079 0.10395364002639071 0.20630654583149455 0.13893891899095842 0.2193578602018819 0.053015813203718176 0.04992320218129068 0.03774193033505612 0.07859391567606631 0.028824784883073353 
0.064597166495236 0.07084036801445107 0.08582456542960587 0.12588241687276852 0.07319795416033512 0.04994524430346584 0.11045651960590215 0.31936527651130037 0.04994524430346574 0.04994524430346587 
0.07411554390648373 0.04737212199826282 0.10488405540708017 0.07610051894567156 0.058370666322652066 0.04737212199826281 0.057594290206288125 0.4231399458215687 0.06367861339546729 0.04737212199826282 
0.048401372876934724 0.06993623301847962 0.027996071462150364 0.09248096658956435 0.07752209181056213 0.04857834675897099 0.027693955409983158 0.041731813602892125 0.5410546606704931 0.02460448779996984 
0.17684061219173922 0.20042098634464836 0.0725844750229303 0.05791875318190415 0.05791875318190407 0.07213330928022345 0.05791875318190411 0.11986381554333923 0.057918753181904134 0.12648178888949574 
0.0868060401568818 0.054378794920503654 0.05437879492050338 0.06611289432705944 0.06696625058350657 0.06918270599559008 0.3605659864625871 0.08361546696839486 0.10361427074445057 0.05437879492050361 
0.0786785530422019 0.04190872528519104 0.03618719741313784 0.18661384854357413 0.25903166820389434 0.12343811143465659 0.06310693346549727 0.04596545698598366 0.13477053245759263 0.030298973168267303 
0.06427079015678389 0.02929124151066519 0.08174544816919387 0.126403555225044 0.05367294770513348 0.05931589332668203 0.05189021312831764 0.027539465997454465 0.0598382171313196 0.44603222764941375 
0.06553846340860824 0.19637178661225863 0.04593611284804076 0.09659582400822297 0.27721863870005603 0.06880739311475849 0.0459361128480405 0.056703670960148646 0.045936112848040556 0.1009558846518195 
0.0998337428336354 0.047828029273316607 0.07035777104388113 0.09810037745404529 0.2948154740999419 0.09542645111572819 0.0853292172675085 0.07115693380765573 0.05786375807828178 0.0792882450259994 
0.05193555384627207 0.0836875133324653 0.15073493352626574 0.062833162249879 0.05193555384627204 0.10232195628652385 0.06523916338927584 0.10929021837922516 0.17157862536245366 0.15044331978137207 
0.10049484641713559 0.045906098063633716 0.07022854764383163 0.057074393219672385 0.19379574661003324 0.06253282463004704 0.07470143517883003 0.05691449037857984 0.23862341846733642 0.0997281993909178 
0.06371800574303783 0.05128505461845869 0.04965737885796198 0.09561211346230253 0.04948886163069099 0.05007530901292691 0.2856372476975526 0.043100974120322794 0.2842279631042574 0.027197091752504825 
0.06790493565199894 0.10521811205724575 0.31664140406194374 0.08686443696406096 0.06840179154564067 0.07358551467476909 0.05569209607906112 0.05777021182731438 0.05089844973078199 0.11702304740716857 
0.14495484100912104 0.11090887219160533 0.03334905923113053 0.04034667379793164 0.20680395488947542 0.0618763931276923 0.0629595527283708 0.05913914880205261 0.237847862895993 0.04181364132662749 
0.06370575668265843 0.05932454439929815 0.1004198217980285 0.17337857049240887 0.2932724877400484 0.050283039486268874 0.06698794270742722 0.038575813183324925 0.07093740174739346 0.08311462176316693 
0.031000658516569753 0.04880291303763545 0.0212740006858018 0.05801024220716368 0.033920691355978146 0.6062967141714174 0.027287739175739723 0.10478816695311755 0.04153338841450015 0.027085485482071157 
0.19917695399860005 0.13433677712969141 0.22021399430969313 0.03858583025780683 0.05476630308678047 0.03989086760487239 0.04378438782040037 0.05073891213889497 0.06489320039042373 0.1536127732628527 
0.057957539053283234 0.08632313994413034 0.10527515943487958 0.26745892962247436 0.07200952077354271 0.057957539053283415 0.08023254581462629 0.07011873726653309 0.08423273918078955 0.11843414985645757 
0.02219475577491618 0.02774454591549705 0.02219475577491609 0.05510264481546939 0.030332911673063935 0.0361462686061284 0.04971405498297006 0.23786612611878052 0.027587145149778655 0.49111679118849333 
0.05700333425117867 0.04937796870366593 0.03999655569859151 0.03999655569859152 0.050458410010175425 0.0887196717256781 0.07552643218123174 0.16707284949040171 0.3806456355049058 0.05120258673556077 
0.2449506590940117 0.12392746707293471 0.16878057987355455 0.05110046202672728 0.05020217950133275 0.06057805167458273 0.07603280980459762 0.05206391878976012 0.051044126654899526 0.12131974550760352 
0.03131291920693136 0.025049341103446643 0.03160146922168502 0.0384409857176201 0.1503233564186399 0.06151745854665692 0.08340448427813751 0.08759533786756085 0.2880673368183079 0.20268731082099256 
0.05877756534664101 0.08683775651587723 0.13030065834372168 0.08768803536723438 0.12991719310962596 0.058777565346641705 0.10207584821915494 0.058777565346641206 0.07230343800537714 0.21454437439908275 
0.07069300709188406 0.05689961586893336 0.18706070930135166 0.09925467555628388 0.12331683731081775 0.19632468239385825 0.05689961586893338 0.06883883064828622 0.05689961586893329 0.08381241009070993 
0.1297519763263711 0.23429519992403383 0.03622092626068495 0.05499353313787114 0.053539583018014085 0.06036349360445598 0.10105098616823681 0.02979222647879669 0.0819596512393584 0.21803242384217314 
0.04337324355070047 0.028920146451917678 0.05943181901240776 0.07619344279723791 0.03868026758821329 0.03120289958173402 0.022344572199551663 0.46872920658117534 0.059158867404218995 0.171965534832806 
0.07863567860903771 0.03790278974086886 0.17334174619649365 0.06511974678265614 0.0305916309936652 0.03059163099366524 0.0376313663553307 0.3822961805843367 0.09229938682952343 0.0715898429144025 
0.04262389435396853 0.20466158808024787 0.042623894353968586 0.07748446238600927 0.060174552218507635 0.06508892926241017 0.14442656798788647 0.08886833635734534 0.22248013257899374 0.05156764242068161 
