0.011164854050378193 0.022700045850752214 0.011164854050378113 0.011164854050378172 0.01116485405037821 0.011164854050378193 0.011164854050378134 0.03018628992284054 0.011164854050378193 0.011164854050378247 0.050144954822238484 0.011164854050378143 0.011164854050378193 0.011164854050378193 0.011164854050378197 0.011164854050378193 0.11612943348531257 0.01116485405037819 0.011164854050378294 0.387111240054533 0.028274078746729214 0.011164854050378197 0.011164854050378193 0.011164854050378197 0.01116485405037819 0.011164854050378193 0.011164854050378198 0.10866231395889939 0.01116485405037819 0.011164854050378184 
0.007502888626240814 0.00750288862624081 0.031854536490105764 0.007502888626240602 0.0196458130175897 0.007502888626240814 0.007502888626236936 0.00750288862624081 0.007502888626240814 0.007502888626240814 0.007502888626240832 0.42507265050936827 0.007502888626240814 0.007502888626240818 0.007502888626240818 0.007502888626240812 0.020716966098975376 0.007502888626240814 0.050101577349348364 0.03229369573104413 0.007502888626240822 0.007502888626240816 0.007502888626240816 0.007502888626240816 0.007502888626240812 0.00750288862624082 0.007502888626240778 0.007502888626240804 0.007502888626240814 0.24774832240000613 
0.008283565270662383 0.008283565270662381 0.008283565270662423 0.00828356527066239 0.02094809471448917 0.008283565270662381 0.08767131213149684 0.008283565270662386 0.008283565270662383 0.008283565270662402 0.355403061232005 0.13786840438592615 0.008283565270662376 0.008283565270662385 0.008283565270662381 0.02094809471448916 0.019907837761754896 0.008283565270662378 0.008283565270662367 0.16673119383458368 0.00828356527066224 0.008283565270662409 0.008283565270662381 0.008283565270662378 0.008283565270662385 0.008283565270662381 0.008283565270662376 0.008283565270662468 0.008283565270662381 0.008283565270662393 
0.00964019555861084 0.009640195558610851 0.009640195558610861 0.00964019555861084 0.009640195558610985 0.009640195558610846 0.08404463053493555 0.009640195558610846 0.009640195558610835 0.023861453033994267 0.009640195558610825 0.39349820002737024 0.00964019555861084 0.00964019555861084 0.00964019555861084 0.00964019555861083 0.009640195558610851 0.00964019555861084 0.024587473841077876 0.11593179553367805 0.02805117101233832 0.009640195558610799 0.00964019555861084 0.00964019555861084 0.00964019555861083 0.00964019555861084 0.009640195558610887 0.009640195558610894 0.009640195558610837 0.10830077816856606 
0.006672516218327835 0.006672516218327831 0.00667251621832679 0.006672516218327838 0.048534777485971764 0.006672516218327833 0.05517255104833903 0.006672516218327833 0.006672516218327835 0.006672516218327757 0.10561328284974975 0.18006541753104965 0.006672516218327826 0.006672516218327833 0.006672516218327837 0.00667251621832783 0.2357133936662821 0.006672516218327835 0.1070647956639291 0.033339176616145154 0.006672516218327869 0.006672516218327828 0.006672516218327833 0.006672516218327828 0.006672516218327844 0.006672516218327835 0.006672516218327828 0.02888206722720006 0.006672516218327828 0.06549169732644311 
0.009957677884589997 0.025416788950213334 0.024226805500813155 0.009957677884589984 0.10549011653591364 0.009957677884589988 0.05237263355675098 0.009957677884589991 0.009957677884589991 0.009957677884589951 0.02667701747135472 0.009957677884591275 0.009957677884589988 0.009957677884589991 0.00995767788458998 0.09337954537313518 0.03802336730480186 0.009957677884589991 0.10937909319196394 0.10959109600311479 0.06292964133750248 0.009957677884589991 0.009957677884589984 0.009957677884589991 0.009957677884589988 0.009957677884589991 0.009957677884589991 0.009957677884590295 0.009957677884589988 0.1633180149672153 
0.008426011173070222 0.008426011173070227 0.0339932213549424 0.008426011173070227 0.008426011173070218 0.008426011173070227 0.008426011173070229 0.008426011173070227 0.00842601117307022 0.0084260111730702 0.008426011173070236 0.008426011173070232 0.008426011173070227 0.008426011173070227 0.008426011173070227 0.008426011173070227 0.4686947402157121 0.008426011173070229 0.1442204951066884 0.01818788618918511 0.008426011173070229 0.008426011173070227 0.008426011173070227 0.008426011173070229 0.00842601117307019 0.008426011173070227 0.008426011173070245 0.12425337780667302 0.008426011173070227 0.008426011173070238 
0.009040584403306464 0.009040584403306462 0.1689394851409107 0.00904058440330652 0.009040584403306452 0.009040584403306462 0.021482274114047996 0.009040584403306464 0.009040584403306464 0.021877100412830194 0.1358100939373834 0.009040584403306436 0.009040584403306462 0.009040584403306462 0.009040584403306467 0.009040584403306476 0.06509496111913288 0.020665354735781943 0.13952423294260063 0.09384558489036385 0.10864579161186902 0.009040584403306476 0.009040584403306462 0.009040584403306457 0.009040584403306419 0.009040584403306462 0.009040584403306472 0.04330343302894603 0.009040584403306462 0.009040584403306413 
0.0035985711062069678 0.003598571106206966 0.3805537535067456 0.0035985711062069283 0.022196011014102488 0.003598571106206964 0.037557532415316584 0.003598571106206964 0.0035985711062069678 0.0035985711062069044 0.011455392418704418 0.1213900937402117 0.0035985711062069717 0.0035985711062069725 0.0035985711062069734 0.008268450915132893 0.163973987597507 0.0035985711062069773 0.09269482152387075 0.014437946261367794 0.047864318602274226 0.00912186313199601 0.003598571106206967 0.003598571106206964 0.0035985711062069257 0.0035985711062069678 0.0035985711062069842 0.008724359508300446 0.003598571106206962 0.020585760558930504 
0.00780630817155639 0.007806308171556394 0.018726150427257924 0.007806308171556396 0.007806308171556411 0.00780630817155639 0.018686888520765818 0.00780630817155639 0.00780630817155639 0.00780630817155639 0.007806308171556322 0.411081913170464 0.00780630817155639 0.007806308171556394 0.007806308171556386 0.007806308171556394 0.018424193003627107 0.00780630817155639 0.27745452706623636 0.06827493169427515 0.007806308171556383 0.00780630817155639 0.00780630817155639 0.007806308171556392 0.007806308171556394 0.00780630817155639 0.00780630817155639 0.007806308171556429 0.007806308171556394 0.007806308171556377 
0.005988076680791135 0.041747012576841255 0.005988076680791163 0.005988076680791135 0.24671976407103208 0.0059880766807911285 0.027384997294962084 0.005988076680791135 0.005988076680791135 0.005988076680791148 0.3294681736473961 0.01489970352025925 0.005988076680791135 0.005988076680791163 0.005988076680791135 0.10887050776924216 0.005988076680791144 0.005988076680791135 0.0059880766807911415 0.005988076680791163 0.013959525869486894 0.013946969248926413 0.005988076680791133 0.005988076680791132 0.005988076680791138 0.005988076680791144 0.005988076680791154 0.005988076680791095 0.005988076680791133 0.07725373570523161 
0.012059254559615108 0.03260475296280961 0.4934118882625298 0.01205925455961507 0.012059254559615122 0.012059254559615122 0.03301295917359392 0.012059254559615111 0.012059254559615115 0.01205925455961407 0.07031320811680904 0.012059254559615096 0.012059254559615115 0.012059254559615115 0.012059254559615118 0.0292509261711025 0.012059254559615111 0.012059254559615115 0.012059254559615108 0.03507626576608922 0.012059254559615134 0.012059254559615115 0.012059254559615115 0.012059254559615115 0.012059254559615115 0.012059254559615115 0.012059254559615172 0.012059254559615156 0.012059254559615108 0.028967144675918686 
0.034611155657842306 0.012610143602348167 0.012610143602348124 0.012610143602348202 0.10876028940562027 0.012610143602348153 0.09830227282623487 0.01261014360234816 0.01261014360234816 0.08542008742224369 0.012610143602348188 0.032060224337900435 0.01261014360234816 0.012610143602348163 0.01261014360234816 0.07791170952360524 0.1194218390927964 0.01261014360234816 0.01261014360234816 0.012610143602348184 0.09124193845822581 0.029641230347023217 0.01261014360234816 0.01261014360234816 0.01261014360234816 0.012610143602348163 0.012610143602348134 0.051332827890727954 0.01261014360234816 0.03170369659315981 
0.003899010824464863 0.003899010824464863 0.009558955623516495 0.003899010824464863 0.32496478878193624 0.0038990108244648766 0.0038990108244634676 0.003899010824464861 0.0038990108244648714 0.003899010824464859 0.1404475254859238 0.0038990108244646065 0.003899010824464862 0.0038990108244648567 0.003899010824464864 0.1663622628954293 0.0038990108244649504 0.003899010824464863 0.022281982884361114 0.0038990108244648246 0.003899010824464781 0.0038990108244648684 0.003899010824464867 0.003899010824464863 0.0038990108244648684 0.003899010824464861 0.003899010824464861 0.003899010824464885 0.003899010824464864 0.24280822454167056 
0.004334735348659819 0.5548944592453884 0.028962584735104883 0.004334735348659819 0.018185661793163315 0.004334735348659813 0.004334735348661909 0.004334735348659882 0.004334735348659819 0.018306928451364144 0.00433473534865981 0.012371267856153126 0.004334735348659823 0.004334735348659817 0.0043347353486598164 0.010483374669331825 0.024860729973054097 0.004334735348659819 0.11735588521551393 0.08396715038498188 0.004334735348659792 0.004334735348659819 0.00433473534865982 0.004334735348659819 0.004334735348659816 0.004334735348659823 0.004334735348659819 0.014786416656639363 0.004334735348659819 0.03346556939476778 
0.02128748981083522 0.021287489810835218 0.12374655198350609 0.02128748981083522 0.02128748981083528 0.02128748981083522 0.08182562772664013 0.02128748981083523 0.02128748981083522 0.02128748981083523 0.06458497720392128 0.02128748981083522 0.02128748981083522 0.02128748981083522 0.02128748981083522 0.02128748981083523 0.021287489810835218 0.021287489810835218 0.021287489810835218 0.02128748981083522 0.02128748981083524 0.021287489810835218 0.02128748981083522 0.02128748981083522 0.02128748981083522 0.02128748981083522 0.021287489810835204 0.04454896167852945 0.02128748981083522 0.15310663613652284 
0.009901407147068674 0.024944386530115027 0.009901407147068188 0.009901407147068685 0.009901407147068721 0.00990140714706867 0.023627881238441117 0.009901407147068674 0.009901407147068674 0.00990140714706863 0.025866515996194106 0.025789875770053115 0.009901407147068674 0.009901407147068662 0.009901407147068674 0.009901407147068667 0.2593880183572806 0.009901407147068674 0.116485567451446 0.15102464741122085 0.009901407147068645 0.017264986975702494 0.009901407147068674 0.009901407147068674 0.009901407147068667 0.009901407147068674 0.009901407147068695 0.009901407147068652 0.009901407147068674 0.14767857018110087 
0.00719194982999835 0.007191949829998347 0.27143134779731787 0.007191949829998361 0.007191949829998361 0.007191949829998355 0.04210980722639735 0.007191949829998344 0.007191949829998347 0.0071919498299982555 0.027966001554193213 0.01820988495047545 0.007191949829998346 0.00719194982999835 0.007191949829998347 0.019008802677018197 0.14084892598525625 0.007191949829998347 0.13191707055289725 0.09025007665834626 0.0071919498299983 0.00719194982999835 0.007191949829998347 0.007191949829998347 0.0071919498299983 0.007191949829998344 0.0071919498299983595 0.016822155026573467 0.007191949829998347 0.09759693097156048 
0.006046554565179727 0.006046554565179727 0.31681014003592745 0.006046554565179729 0.006046554565179894 0.006046554565179727 0.016046488796708575 0.006046554565179714 0.006046554565179727 0.006046554565179736 0.05128471776575867 0.024591731490736783 0.0060465545651797285 0.006046554565179729 0.006046554565179727 0.0060465545651797285 0.3053577852308161 0.006046554565179727 0.034641139811204376 0.006046554565179701 0.02557297509472325 0.006046554565179729 0.006046554565179727 0.00604655456517943 0.00604655456517972 0.006046554565179727 0.006046554565179733 0.023294333720073418 0.006046554565179727 0.0754230421852737 
0.007258956388211696 0.0072589563882117 0.007258956388211785 0.007258956388211696 0.018382712717361364 0.007258956388211696 0.24852178098230482 0.007258956388211696 0.007258956388211696 0.007258956388211658 0.007258956388211696 0.007258956388211727 0.007258956388211696 0.007258956388211702 0.007258956388211696 0.027631664555284548 0.10868999792633378 0.007258956388211696 0.24392645194165355 0.01566875119546589 0.10067737933096475 0.007258956388211704 0.007258956388211696 0.007258956388211765 0.007258956388211696 0.007258956388211698 0.0072589563882117115 0.03093560570344511 0.007258956388211692 0.05312757149474865 
0.004867408420855482 0.004867408420855482 0.0048674084208554895 0.004867408420855479 0.023714611267726286 0.004867408420855482 0.11285466480523955 0.004867408420855482 0.004867408420855482 0.7172101570563797 0.012520860792510375 0.0048674084208554826 0.004867408420855482 0.00486740842085548 0.004867408420855482 0.0048674084208554826 0.004867408420855485 0.004867408420855482 0.0048674084208554895 0.004867408420855474 0.0048674084208554765 0.004867408420855482 0.004867408420855482 0.0048674084208554505 0.004867408420855482 0.004867408420855482 0.004867408420855487 0.004867408420855373 0.004867408420855482 0.012014495556761585 
0.0037918600090606773 0.003791860009060676 0.0037918600090620412 0.0037918600090606895 0.003791860009060676 0.003791860009060682 0.02257846477597274 0.0037918600090606903 0.0037918600090606812 0.003791860009060651 0.0037918600090606864 0.0037918600090606773 0.0037918600090606804 0.0037918600090606773 0.003791860009060679 0.0037918600090606066 0.10896225140231211 0.0037918600090606773 0.4312628408274883 0.011029229772711797 0.008540258431648285 0.003791860009060663 0.0037918600090606773 0.0037918600090606804 0.0037918600090606743 0.003791860009060679 0.003791860009060672 0.037828500256164216 0.0037918600090606812 0.2925856743253245 
0.019847238324412333 0.019847238324412333 0.019847238324412333 0.019847238324412344 0.019847238324412333 0.019847238324412333 0.06560862902030111 0.019847238324412333 0.019847238324412333 0.01984723832441219 0.052882257410430414 0.046825112757642846 0.019847238324412333 0.019847238324412333 0.019847238324412333 0.019847238324412344 0.05067285001235056 0.019847238324412333 0.050998530098213805 0.1907100110461226 0.019847238324412358 0.019847238324412337 0.019847238324412333 0.019847238324412333 0.019847238324412323 0.019847238324412333 0.019847238324412333 0.019847238324412337 0.019847238324412333 0.0858161281934544 
0.005859818255846977 0.0058598182558469904 0.005859818255846977 0.005859818255846999 0.014111764628069305 0.005859818255846995 0.225785816435225 0.0058598182558469904 0.005859818255846993 0.005859818255847049 0.005859818255846993 0.08905896361189145 0.005859818255846993 0.0058598182558469965 0.005859818255846999 0.005859818255846985 0.4624256322644367 0.0058598182558469904 0.0058598182558469904 0.025668250947367768 0.0058598182558469184 0.005859818255846991 0.005859818255846991 0.0058598182558469904 0.005859818255846825 0.005859818255846989 0.005859818255846999 0.005859818255846971 0.0058598182558469904 0.04231393397258683 
0.006940781539195057 0.006940781539195027 0.006940781539193929 0.01812843111011254 0.020002629883063068 0.00694078153919506 0.038837328715680054 0.00694078153919506 0.0069407815391950515 0.03276092986215191 0.0069407815391950055 0.06025524723234612 0.006940781539195057 0.006940781539195055 0.0069407815391950125 0.006940781539195057 0.01777761580515505 0.006940781539195058 0.21599844242090147 0.0069407815391953065 0.039385468639744174 0.006940781539195029 0.006940781539195057 0.006940781539195063 0.00694078153919506 0.00694078153919505 0.006940781539195088 0.017290131565402156 0.006940781539195057 0.40074814398154607 
0.01014094371945844 0.010140943719458444 0.010140943719458489 0.010140943719458378 0.010140943719458421 0.010140943719458438 0.010140943719458432 0.010140943719458438 0.010140943719458435 0.01014094371945847 0.01014094371945844 0.01014094371945862 0.010140943719458438 0.010140943719458438 0.010140943719458438 0.0256209185954813 0.16882342135681674 0.010140943719458438 0.010140943719458383 0.3344681769182019 0.01014094371945844 0.010140943719458438 0.010140943719458438 0.010140943719458438 0.010140943719458438 0.010140943719458438 0.010140943719458438 0.04217974809603248 0.01014094371945844 0.17538414204702082 
0.007966890845682514 0.007966890845682518 0.032406603463455204 0.007966890845682497 0.04231782071300627 0.007966890845682518 0.07605441534834015 0.007966890845682523 0.007966890845682514 0.007966890845682542 0.0079668908456825 0.061443481329071 0.007966890845682516 0.007966890845682492 0.007966890845682535 0.007966890845682492 0.007966890845682419 0.007966890845682516 0.007966890845682492 0.18210971338775925 0.007966890845682495 0.007966890845682506 0.007966890845682516 0.007966890845682514 0.007966890845682544 0.007966890845682504 0.007966890845682506 0.020939540471490492 0.007966890845682514 0.4014899358361514 
0.012254924317944104 0.012254924317944107 0.09523933963560136 0.012254924317944128 0.012254924317944147 0.012254924317944102 0.012254924317944147 0.012254924317944107 0.01225492431794411 0.1847727268981841 0.012254924317944107 0.03497536506837282 0.012254924317944107 0.012254924317944107 0.012254924317944107 0.10202961140175863 0.012254924317943762 0.012254924317944107 0.012254924317944154 0.012254924317942926 0.07632032744745242 0.012254924317944104 0.012254924317944107 0.012254924317944107 0.012254924317944102 0.012254924317944107 0.012254924317944107 0.012254924317944102 0.012254924317944104 0.2125444459179589 
0.004857174135332045 0.004857174135332041 0.06503799557460171 0.0048571741353320465 0.013150815930082065 0.004857174135332042 0.020333558996300717 0.004857174135332032 0.004857174135332049 0.004857174135332126 0.012688920938380177 0.08577953381754913 0.0048571741353320395 0.004857174135332044 0.004857174135332047 0.004857174135332045 0.004857174135332173 0.004857174135332049 0.10584367659983958 0.3334806777134204 0.027146014807762124 0.004857174135332034 0.004857174135332037 0.004857174135332049 0.004857174135332036 0.004857174135332044 0.004857174135332018 0.004857174135332039 0.004857174135332042 0.2345381487801258 
0.007804574923454381 0.01945619986335301 0.007804574923454496 0.007804574923454383 0.01890056283669687 0.007804574923454383 0.0078045749234547145 0.007804574923454386 0.007804574923454386 0.007804574923454359 0.007804574923454414 0.007804574923454408 0.007804574923454383 0.00780457492345438 0.007804574923454383 0.007804574923454375 0.6414227435725856 0.007804574923454383 0.020191229800518608 0.041447269161256024 0.007804574923454375 0.0078045749234543875 0.007804574923454383 0.007804574923454381 0.007804574923454386 0.007804574923454383 0.007804574923454394 0.018921376132942883 0.007804574923454383 0.06015539539325249 
0.012308590312602957 0.012308590312602976 0.012308590312603002 0.012308590312602972 0.012308590312602969 0.012308590312602966 0.012308590312602983 0.012308590312602976 0.012308590312602976 0.01230859031260299 0.012308590312602995 0.38173321553633827 0.012308590312602976 0.012308590312602983 0.012308590312602972 0.012308590312602943 0.03110384613765157 0.012308590312602976 0.012308590312602986 0.25483099988573116 0.01230859031260299 0.012308590312602972 0.012308590312602972 0.012308590312602976 0.012308590312602976 0.012308590312602976 0.01230859031260298 0.012308590312602966 0.012308590312602976 0.012308590312602986 
0.016319055798217966 0.01631905579821797 0.04199257323328112 0.016319055798217966 0.016319055798217966 0.016319055798217966 0.13182732142578807 0.016319055798217966 0.016319055798217966 0.016319055798217925 0.016319055798218 0.08975380737639979 0.044491671895524755 0.016319055798217966 0.01631905579821796 0.016319055798217966 0.016319055798217984 0.016319055798217953 0.041078188053715534 0.12877489076520807 0.016319055798217984 0.016319055798217966 0.016319055798217966 0.016319055798217966 0.016319055798217987 0.016319055798217966 0.016319055798217966 0.016319055798218005 0.016319055798217966 0.14674326389106893 
0.008883769645472007 0.008883769645472002 0.3688084482495485 0.008883769645472014 0.00888376964547207 0.008883769645472005 0.021888411189673204 0.008883769645471995 0.008883769645472002 0.03355259873289888 0.03554207125588745 0.03600827859668925 0.008883769645472007 0.008883769645472005 0.008883769645472007 0.008883769645472012 0.12094494011509559 0.008883769645472005 0.025093756854175604 0.12182008733575653 0.008883769645472118 0.008883769645472005 0.008883769645472012 0.008883769645472005 0.008883769645472018 0.008883769645472007 0.008883769645471934 0.04978224511537706 0.008883769645472005 0.00888376964547201 
0.006108315961441388 0.006108315961441382 0.054219620108606516 0.006108315961440888 0.006108315961441319 0.006108315961441388 0.017720391830839965 0.006108315961441388 0.006108315961441384 0.00610831596144139 0.506695071763262 0.02547819305656527 0.006108315961441391 0.006108315961441388 0.006108315961441386 0.01546881004663438 0.006108315961441377 0.006108315961441388 0.006108315961441417 0.02303248477200028 0.07119852824829896 0.017447246237416697 0.006108315961441388 0.006108315961441388 0.0061083159614414104 0.00610831596144141 0.006108315961441388 0.03800680748154021 0.006108315961441393 0.10856652722600296 
0.012367265301312167 0.012367265301312167 0.01236726530131214 0.012367265301312158 0.01236726530131218 0.012367265301312167 0.1406900475648111 0.01236726530131217 0.012367265301312163 0.012367265301312155 0.012367265301312122 0.012367265301312184 0.012367265301312167 0.012367265301312163 0.012367265301312155 0.012367265301312167 0.012367265301312484 0.012367265301312167 0.02799464507667392 0.24405209588712984 0.012367265301312338 0.012367265301312167 0.012367265301312167 0.012367265301312167 0.012367265301312174 0.012367265301312167 0.012367265301312167 0.0653675811123049 0.012367265301312167 0.2127139978262793 
0.008623647851637323 0.008623647851637339 0.04359000657267877 0.008623647851637318 0.36797848980002584 0.008623647851637332 0.02182310120964275 0.008623647851637333 0.008623647851637327 0.008623647851637268 0.07986250130984873 0.02275218909211266 0.008623647851637325 0.008623647851637327 0.008623647851637327 0.008623647851637335 0.1123250241668051 0.00862364785163733 0.03909608523483156 0.008623647851637316 0.008623647851637342 0.008623647851637304 0.008623647851637325 0.008623647851637327 0.008623647851637327 0.008623647851637327 0.008623647851637373 0.0986266785781725 0.008623647851637333 0.03284931915150798 
0.005102266956160481 0.005102266956160473 0.005102266956160485 0.005102266956160459 0.3466064309271976 0.0051022669561604835 0.014230575527249767 0.005102266956160478 0.005102266956160479 0.005102266956160467 0.12560206177070002 0.012540038316878338 0.005102266956160476 0.005102266956160481 0.005102266956160478 0.03712157282284039 0.05802638982679026 0.005102266956160476 0.005102266956160531 0.005102266956160471 0.005102266956160476 0.005102266956160476 0.005102266956160478 0.005102266956160478 0.005102266956160495 0.005102266956160478 0.005102266956160459 0.28060451013237997 0.005102266956160478 0.013018547640441774 
0.0031609161818892907 0.0031609161818892976 0.025009921431309163 0.003160916181889289 0.01950729725677244 0.0031609161818893033 0.026456400523860172 0.0031609161818892885 0.003160916181889289 0.013310711642259774 0.05997383880039272 0.06050906014428338 0.003160916181889289 0.003160916181889295 0.0031609161818892876 0.0031609161818893163 0.16532254904043947 0.0031609161818892907 0.03158857206334571 0.28662843573401875 0.017988102769913503 0.008286597293895581 0.0031609161818892833 0.003160916181889289 0.003160916181889304 0.0031609161818892876 0.0031609161818893245 0.17669516787351197 0.003160916181889289 0.05498777033386401 
0.010924909580202306 0.010924909580202306 0.08173743652287217 0.010924909580202318 0.02772776067605461 0.010924909580202303 0.1985651961416432 0.010924909580202294 0.010924909580202306 0.027601594758905248 0.07867450601383848 0.12130560963772102 0.010924909580202306 0.010924909580202303 0.010924909580202336 0.010924909580202667 0.010924909580202294 0.010924909580202306 0.052129370849327776 0.010924909580202907 0.029295474285416668 0.01092490958020231 0.010924909580202306 0.010924909580202303 0.010924909580202315 0.010924909580202306 0.01092490958020225 0.02371487782527426 0.010924909580202303 0.14074998168490843 
0.013351644247961392 0.013351644247961392 0.07505428277969822 0.013351644247961392 0.013351644247961402 0.013351644247961399 0.013351644247961364 0.013351644247961396 0.013351644247961399 0.013351644247961364 0.013351644247961399 0.035861658984537 0.013351644247961399 0.013351644247961396 0.013351644247961402 0.013351644247961392 0.11776443509008035 0.013351644247961399 0.0582888949233553 0.2730235622705207 0.013351644247961399 0.013351644247961399 0.013351644247961399 0.013351644247961399 0.013351644247961399 0.013351644247961399 0.013351644247961399 0.05719082388560521 0.013351644247961399 0.07572852436308791 
0.011199324831685578 0.011199324831685578 0.011199324831685632 0.01119932483168557 0.030119514414246602 0.011199324831685575 0.011199324831685554 0.011199324831685578 0.011199324831685575 0.02690081397368521 0.07201950754080574 0.030576331961895926 0.011199324831685578 0.011199324831685582 0.011199324831685582 0.011199324831685582 0.1816469761243167 0.011199324831685585 0.011199324831685627 0.16553005914514488 0.06383762486441777 0.011199324831685585 0.011199324831685578 0.011199324831685578 0.011199324831685582 0.011199324831685578 0.011199324831685573 0.03308497986479795 0.011199324831685582 0.16109837064527907 
0.007459994671587679 0.007459994671587679 0.052092683425526684 0.007459994671587679 0.11513092274091524 0.007459994671587679 0.007459994671587257 0.007459994671587679 0.007459994671587682 0.007459994671587682 0.38615826211923987 0.007459994671587603 0.007459994671587679 0.007459994671587679 0.007459994671587679 0.13720537025772997 0.00745999467158721 0.007459994671587682 0.0074599946715876945 0.007459994671587688 0.007459994671587682 0.007459994671587685 0.007459994671587682 0.007459994671587688 0.007459994671587679 0.007459994671587677 0.007459994671587687 0.007459994671587577 0.007459994671587679 0.12291289466688948 
0.010912766270183422 0.01091276627018343 0.2722400008899271 0.010912766270183423 0.08982750094473925 0.010912766270183435 0.025030753570538557 0.010912766270183427 0.01091276627018343 0.010912766270183422 0.010912766270184789 0.19215699704478875 0.010912766270183427 0.010912766270183427 0.010912766270183444 0.010912766270183439 0.044286668362493856 0.010912766270183427 0.027242158743726028 0.09822229622956279 0.01091276627018347 0.01091276627018343 0.010912766270183427 0.010912766270183427 0.010912766270183427 0.010912766270183427 0.010912766270183423 0.010912766270183423 0.010912766270183427 0.010912766270183732 
0.006489599928451306 0.006489599928451294 0.016829288581310144 0.00648959992845129 0.039581999609906375 0.006489599928451294 0.006489599928451283 0.00648959992845129 0.006489599928451294 0.006489599928451258 0.11237943238869418 0.4966351701091192 0.006489599928451299 0.0064895999284512885 0.00648959992845129 0.01631721939522952 0.006489599928451253 0.00648959992845129 0.04297554003589039 0.056468253880838266 0.006489599928451283 0.0064895999284512885 0.006489599928451287 0.00648959992845129 0.006489599928451304 0.006489599928451287 0.006489599928451246 0.006489599928451273 0.006489599928451283 0.07604189757313716 
6.271213058616183E-5 6.271213058616182E-5 6.271213058616161E-5 6.271213058616183E-5 6.271213058612512E-5 6.271213058602193E-5 5.589708834894252E-4 6.271213058616183E-5 0.9967917582248011 6.271213058616186E-5 6.271213058616179E-5 6.271213058616183E-5 6.271213058616183E-5 6.271213058616182E-5 6.271213058616179E-5 6.271213058616182E-5 1.7783624000825032E-4 6.271213058616186E-5 6.271213058616186E-5 4.349294552093385E-4 6.271213058616183E-5 6.271213058616183E-5 6.271213058616183E-5 6.271213058616183E-5 6.271213058616183E-5 6.271213058616183E-5 6.271213058616183E-5 2.803014100671966E-4 6.271213058616183E-5 2.5111265235676117E-4 
0.005662793340788286 0.005662793340788294 0.059635713130923716 0.005662793340788263 0.005662793340789495 0.005662793340788295 0.30566687314475527 0.005662793340788297 0.0056627933407882814 0.005662793340788226 0.043436892624210285 0.005662793340788261 0.005662793340788291 0.005662793340788297 0.01339632226016941 0.005662793340788294 0.19105197632125642 0.005662793340788296 0.0729994669939186 0.02492821197042712 0.005662793340788297 0.005662793340788292 0.005662793340788298 0.005662793340788309 0.005662793340788301 0.0056627933407882875 0.005662793340788294 0.005662793340788334 0.005662793340788292 0.16430309005701452 
0.008914331409156158 0.008914331409156158 0.035024223219931365 0.008914331409156144 0.4502747554157573 0.008914331409156161 0.008914331409156139 0.008914331409156158 0.008914331409156158 0.008914331409156092 0.0089143314091492 0.12928589536012278 0.00891433140915615 0.008914331409156158 0.008914331409156158 0.008914331409156177 0.1062731902657047 0.008914331409156151 0.008914331409156232 0.028013356193872473 0.022851141239193642 0.008914331409156163 0.008914331409156158 0.008914331409156168 0.008914331409156161 0.008914331409156158 0.008914331409156312 0.008914331409156009 0.008914331409156161 0.023247815894804826 
0.00884852298081173 0.00884852298081174 0.00884852298081173 0.008848522980811726 0.6371329961731096 0.00884852298081173 0.00884852298081173 0.008848522980811735 0.008848522980811728 0.024321269970838548 0.09963561337417669 0.008848522980812281 0.00884852298081173 0.008848522980811733 0.00884852298081173 0.008848522980811733 0.008848522980811756 0.00884852298081173 0.008848522980811674 0.00884852298081172 0.00884852298081169 0.00884852298081173 0.00884852298081173 0.00884852298081173 0.008848522980811754 0.00884852298081173 0.008848522980811721 0.008848522980812179 0.00884852298081173 0.00884852298081174 
0.010312384854570339 0.010312384854570334 0.22011058629865926 0.010312384854570316 0.029832881464646438 0.010312384854570339 0.10019097321391068 0.010312384854570356 0.010312384854570339 0.11117812193294331 0.031032717191035113 0.010312384854570296 0.010312384854570334 0.010312384854570339 0.01031238485457033 0.010312384854570358 0.06029728888118912 0.010312384854570342 0.12065563395571453 0.030510888180231472 0.010312384854570547 0.01031238485457033 0.010312384854570339 0.010312384854570335 0.010312384854570342 0.010312384854570339 0.010312384854570306 0.010312384854570268 0.010312384854570342 0.07963082693569147 
0.003768328348049261 0.0037683283480492505 0.0037683283480492427 0.0037683283480492496 0.30190500338250076 0.0037683283480492596 0.024349746648887338 0.0037683283480492618 0.0037683283480492596 0.2649727512170811 0.21567132276438117 0.0037683283480492457 0.0037683283480492587 0.0037683283480492635 0.003768328348049252 0.01768664877995365 0.0849746468540213 0.0037683283480492717 0.0037683283480492405 0.003768328348049258 0.0037683283480492154 0.0037683283480492566 0.0037683283480492618 0.0037683283480492596 0.0037683283480492076 0.0037683283480492596 0.0037683283480492596 0.0037683283480492106 0.003768328348049261 0.0037683283480492618 
0.010436048917103022 0.010436048917103024 0.010436048917103079 0.010436048917103022 0.23927213523071933 0.010436048917103018 0.010436048917102257 0.010436048917103013 0.010436048917103018 0.010436048917103041 0.19065311819095404 0.010436048917103044 0.010436048917103018 0.010436048917103017 0.010436048917103022 0.06180017026441955 0.04227952247350352 0.010436048917103024 0.010436048917103055 0.010436048917103088 0.010436048917103102 0.010436048917103024 0.010436048917103022 0.010436048917103018 0.010436048917103036 0.010436048917103024 0.010436048917103027 0.0393771996322802 0.010436048917103018 0.1761526801976508 
0.01021924328715093 0.010219243287150924 0.010219243287150943 0.01021924328715093 0.01021924328715093 0.028049040475579566 0.11421950791453522 0.010219243287150957 0.01021924328715093 0.01021924328715093 0.027687734707584347 0.46675998015488446 0.01021924328715093 0.01021924328715093 0.010219243287150922 0.01021924328715093 0.010219243287150933 0.01021924328715093 0.010219243287150934 0.07023257232420294 0.028421173560696792 0.01021924328715093 0.01021924328715093 0.01021924328715093 0.01021924328715093 0.01021924328715093 0.010219243287150934 0.029587395258033864 0.01021924328715093 0.010219243287150957 
0.009674189777427816 0.009674189777427816 0.04180350583158062 0.025297659917532682 0.009674189777427874 0.009674189777427811 0.009674189777424506 0.00967418977742781 0.009674189777427816 0.038554024799798046 0.009674189777427572 0.009674189777427832 0.009674189777427816 0.009674189777427816 0.009674189777427816 0.021897531930319625 0.00967418977742786 0.009674189777427863 0.009674189777427886 0.31998171910232787 0.009674189777427573 0.009674189777427811 0.009674189777427816 0.009674189777427816 0.009674189777427821 0.0096741897774278 0.009674189777427827 0.04092245765053617 0.009674189777427821 0.2890367358870623 
0.010706693803474297 0.010706693803474302 0.01070669380347424 0.010706693803474302 0.01070669380347431 0.010706693803474302 0.09369083497460749 0.010706693803474292 0.010706693803474297 0.010706693803474275 0.010706693803474355 0.029603641488684617 0.010706693803474297 0.010706693803474297 0.01070669380347431 0.025739332959084905 0.12082800418151196 0.010706693803474297 0.010706693803474294 0.010706693803474531 0.025766609112786793 0.010706693803474292 0.010706693803474297 0.010706693803474302 0.010706693803474294 0.010706693803474302 0.01070669380347428 0.43249806511994654 0.01070669380347431 0.02561955468347015 
0.008973475398973297 0.00897347539897329 0.008973475398973295 0.008973475398973295 0.0089734753989733 0.008973475398973297 0.008973475398973346 0.008973475398973293 0.008973475398973297 0.00897347539897339 0.02493361772419345 0.008973475398973528 0.008973475398973297 0.008973475398973302 0.008973475398973283 0.008973475398973295 0.008973475398973396 0.008973475398973295 0.008973475398974971 0.2870988601783792 0.008973475398973309 0.008973475398973243 0.008973475398973297 0.008973475398973297 0.008973475398973293 0.008973475398973302 0.00897347539897329 0.19260697969405752 0.008973475398973297 0.2620501820300621 
0.0074789346156115466 0.0074789346156115405 0.007478934615611568 0.007478934615611582 0.15105046177827858 0.007478934615611545 0.007478934615611551 0.0074789346156115405 0.007478934615611542 0.007478934615611527 0.007478934615611533 0.12193492133902145 0.007478934615611545 0.007478934615611542 0.007478934615611551 0.007478934615611542 0.4552300476604206 0.007478934615611548 0.007478934615611574 0.042137528567936997 0.007478934615611536 0.007478934615611539 0.007478934615611542 0.007478934615611545 0.007478934615611534 0.007478934615611539 0.007478934615611531 0.007478934615611539 0.007478934615611542 0.04267367526407222 
0.007488477714311381 0.007488477714311372 0.042389671102397324 0.0074884777143113795 0.007488477714311352 0.007488477714311369 0.38929921250305777 0.0074884777143113795 0.0074884777143113795 0.059571360168451964 0.007488477714311381 0.17210517877483872 0.0074884777143113795 0.007488477714311375 0.007488477714311364 0.007488477714311372 0.05444047695389884 0.0074884777143113795 0.00748847771431132 0.07045040790667761 0.03950870516150672 0.0074884777143113795 0.007488477714311378 0.0074884777143113795 0.0074884777143114116 0.0074884777143113795 0.007488477714311387 0.007488477714311395 0.0074884777143113795 0.007488477714311394 
0.00924205490331968 0.009242054903319686 0.05232839991086932 0.009242054903319558 0.3948369064684201 0.00924205490331968 0.024321866986476204 0.009242054903319679 0.009242054903319682 0.05669024921142475 0.009242054903319594 0.17043293595850975 0.00924205490331968 0.00924205490331968 0.009242054903319679 0.009242054903319622 0.009242054903319434 0.009242054903319676 0.009242054903319656 0.009242054903319676 0.009242054903319682 0.009242054903319686 0.009242054903319682 0.009242054903319682 0.009242054903319705 0.00924205490331968 0.009242054903319682 0.009242054903319696 0.009242054903319679 0.07958032378462147 
0.006329354657019195 0.006329354657019201 0.4112476338074134 0.006329354657019198 0.019582089465763303 0.006329354657019191 0.16710587688146433 0.006329354657019195 0.006329354657019198 0.09302378438100525 0.006329354657019181 0.014940554488135967 0.006329354657019151 0.006329354657019195 0.006329354657019195 0.006329354657019193 0.01654718176206365 0.006329354657019195 0.01601713679039298 0.006329354657019203 0.01753082031299109 0.00632935465701919 0.006329354657019191 0.006329354657019195 0.006329354657019198 0.006329354657019195 0.00632935465701919 0.02385813746708779 0.006329354657019193 0.09355969150327413 
0.003847583634445127 0.5778747629683778 0.003847583634444845 0.003847583634445126 0.010161055464119507 0.003847583634445127 0.10398727128977829 0.003847583634445129 0.003847583634445128 0.036795571540977796 0.008883083249571372 0.10004526355539638 0.003847583634445128 0.003847583634445128 0.00384758363444513 0.009305218788950617 0.01609343002486557 0.003847583634445128 0.0038475836344452684 0.003847583634445126 0.015326535435862376 0.003847583634445126 0.003847583634445128 0.003847583634445127 0.003847583634445127 0.003847583634445128 0.003847583634445126 0.016825352889618075 0.003847583634445128 0.03159836573802173 
0.0037717991370181335 0.003771799137018193 0.027341718856647473 0.0037717991370181344 0.045914985284138704 0.010766734650781108 0.009302413720760088 0.009059873559874648 0.0037717991370181327 0.0037717991370180694 0.6083538750878696 0.0037717991370181344 0.0037717991370181283 0.0037717991370181327 0.0037717991370181205 0.00377179913701809 0.15392839659775454 0.0037717991370181327 0.007788820893278872 0.00898368722029906 0.0037717991370181253 0.0037717991370181266 0.0037717991370181335 0.0037717991370181327 0.0037717991370181327 0.0037717991370181327 0.0037717991370181327 0.02881858707146832 0.0037717991370181353 0.01807672345378514 
0.007540258147838185 0.007540258147838191 0.007540258147838165 0.007540258147838171 0.19491924346762707 0.007540258147838186 0.007540258147838197 0.007540258147838185 0.007540258147838186 0.3532350850535262 0.007540258147838185 0.12281102400954842 0.007540258147838186 0.007540258147838188 0.007540258147838186 0.09730868078551141 0.007540258147838134 0.007540258147838186 0.007540258147838185 0.007540258147838186 0.032161511483608005 0.007540258147838185 0.007540258147838185 0.007540258147838185 0.0075402581478381785 0.007540258147838188 0.007540258147838188 0.018598259652040094 0.00754025814783818 0.007540258147838166 
0.006976446234702353 0.006976446234702355 0.016720071246966586 0.006976446234702381 0.006976446234702358 0.006976446234702356 0.018825470326370258 0.006976446234702355 0.006976446234702356 0.006976446234702256 0.29413722699713646 0.24045835118708853 0.006976446234702353 0.006976446234702362 0.006976446234702358 0.006976446234702388 0.006976446234702421 0.006976446234702358 0.018048776582631647 0.158597590691525 0.006976446234702265 0.006976446234702355 0.006976446234702355 0.006976446234702355 0.00697644623470233 0.006976446234702355 0.006976446234702355 0.03582462704866134 0.006976446234702368 0.06390606875616865 
0.0012211876073537039 0.47115614372639797 0.004480805215611886 0.0012211876073537039 0.0012211876073537039 0.0012211876073537039 0.0012211876073537032 0.0012211876073537013 0.0012211876073537037 0.489755784146594 0.0012211876073537045 0.0012211876073537039 0.0012211876073537039 0.0012211876073537039 0.0012211876073537063 0.0012211876073537032 0.0012211876073537043 0.0012211876073537039 0.0012211876073537045 0.0012211876073537045 0.001221187607353704 0.0012211876073537006 0.0012211876073537043 0.0012211876073537039 0.001221187607353711 0.0012211876073537078 0.0012211876073537039 0.0028563891202003982 0.0012211876073537039 0.0012211876073537006 
