0.04031608603226714 0.04867056274478636 0.037705409115402086 0.06546525433091213 0.05174473380797875 0.02798765461353169 0.049401388960494105 0.04782879685853809 0.08076818007527153 0.04616631412311796 0.041751684490217995 0.06158928801185747 0.04509663136303267 0.054844387686289575 0.03539008752574136 0.0482269479325752 0.05826641993029243 0.06961032815720496 0.05534756856319618 0.03382227567729226 
0.0549297429936611 0.09642857364804243 0.012276240343339176 0.006749300121114362 0.010077009206053741 0.006749300121114361 0.006749300121114367 0.07184771366916651 0.5402979552634649 0.006749300121114488 0.006749300121114354 0.00674930012111438 0.006749300121114071 0.006749300121114381 0.006749300121114368 0.006749300121114355 0.006749300121114374 0.1264018633018188 0.006749300121114391 0.006749300121114406 
0.028404138942796617 0.028404138942796624 0.028404138942796624 0.028404138942796628 0.028404138942796624 0.028404138942796624 0.028404138942796624 0.3977474722197642 0.028404138942796493 0.09097802680988595 0.028404138942796628 0.028404138942796614 0.028404138942796506 0.02840413894279663 0.02840413894279664 0.028404138942796614 0.028404138942796624 0.028404138942796617 0.028404138942796624 0.028404138942796614 
0.12246812102317485 0.015129125047963222 0.01281068014412739 0.008433780807679042 0.008433780807679028 0.008433780807679038 0.008433780807679004 0.02061826038810359 0.5915311055321921 0.008433780807679014 0.008433780807679031 0.008433780807679035 0.06268539460112807 0.01672674538465977 0.02168159040118608 0.008433780807679031 0.00843378080767905 0.04357738859299596 0.008433780807679047 0.008433780807679021 
0.01346662287006944 0.013466622870069472 0.013466622870069465 0.013466622870069465 0.08904940414036462 0.024811264681645084 0.013466622870069446 0.29212786581846584 0.36172958912597314 0.020472428554239887 0.013466622870069419 0.01346662287006947 0.01346662287007195 0.023276727498353515 0.013466622870069403 0.01346662287006944 0.013466622870069443 0.013466622870069434 0.013466622870069438 0.01346662287006944 
0.024309024406805456 0.04888166216669191 0.02430902440680575 0.024309024406805452 0.03986759572007461 0.024309024406805456 0.024309024406805452 0.3695019592822451 0.12018795073915003 0.02430902440680547 0.024309024406805442 0.024309024406805452 0.04136689467650986 0.03986759572007514 0.024309024406805456 0.024309024406805452 0.024309024406805435 0.024309024406805452 0.02430902440680546 0.024309024406805456 
0.006924575157006163 0.010177585432542971 0.01028620720127217 0.00692457515700597 0.006924575157005988 0.013773281306220693 0.00692457515700599 0.2186177624443612 0.11006464044197635 0.20108202585248772 0.006924575157006023 0.006924575157005967 0.01332224702563155 0.26287305614332557 0.07877382813478807 0.006924575157006008 0.006924575157005981 0.011783614447285198 0.006924575157005992 0.006924575157005941 
0.021934634971818585 0.021934634971818554 0.05774070414905449 0.021934634971818592 0.06222540675693156 0.19199084605705116 0.021934634971818582 0.09671482874144267 0.05653652273169183 0.06428594354757174 0.02193463497181862 0.02193463497181856 0.04117917024897803 0.05560283890520391 0.10856338475138246 0.021934634971818592 0.021934634971818575 0.021934634971818565 0.0458140043925117 0.02193463497181859 
0.040879423886090865 0.0923050668605775 0.1746874257032923 0.02862071265927644 0.028620712659276428 0.058741899770905354 0.02862071265927644 0.06392516286375315 0.08733369552519656 0.057481063538896315 0.0406316491255037 0.028620712659276418 0.028620712659276418 0.028620712659276425 0.028620712659276428 0.028620712659276428 0.028620712659276428 0.06918677347373219 0.028620712659276428 0.028620712659276428 
0.015497516865251323 0.01549751686525131 0.015497516865251304 0.015497516865251297 0.015497516865251297 0.07540101162477757 0.015497516865251304 0.04455587997070956 0.015497516865251281 0.029197408425443314 0.015497516865251297 0.015497516865251314 0.015497516865251276 0.6028854301350658 0.015497516865251287 0.015497516865251318 0.015497516865251314 0.015497516865251337 0.015497516865251281 0.0154975168652513 
0.00817421532640794 0.008174215326407946 0.008174215326407943 0.008174215326407932 0.008174215326407441 0.008174215326407941 0.00817421532640789 0.03519646394932352 0.7801680084902843 0.00817421532640751 0.008174215326407915 0.008174215326407925 0.014174415922805203 0.012412119961270113 0.01187309528476039 0.008174215326407936 0.008174215326407917 0.024815506303184937 0.01509559084511046 0.008174215326407929 
0.010232795629425473 0.015962035213547315 0.027457646384861468 0.010232795629425435 0.01592680803601891 0.01023279562942541 0.010232795629425412 0.6381460393350965 0.09447092453103106 0.029531171822836346 0.01483717763411762 0.010232795629425416 0.014984360539132735 0.025040618559320157 0.016197848431069396 0.010232795629425416 0.010232795629425424 0.015350208848177366 0.01023279562942545 0.010232795629425435 
0.03462183474545866 0.03462183474545866 0.03462183474545866 0.03462183474545866 0.04915119543687185 0.03462183474545866 0.03462183474545866 0.2832271537261613 0.052751844176610926 0.034621834745458664 0.03462183474545865 0.03462183474545866 0.03462183474545863 0.060920450733019396 0.03462183474545869 0.03462183474545866 0.03462183474545866 0.03462183474545866 0.03462183474545866 0.03462183474545867 
0.11985771423869271 0.3783195253863062 0.014749479550882462 0.014749479550882467 0.01474947955088245 0.1683017395613469 0.014749479550882473 0.04709900498773368 0.051016705163450776 0.014749479550882473 0.014749479550882462 0.014749479550882494 0.02119216430565527 0.022469912195337803 0.01474947955088247 0.01474947955088247 0.014749479550882474 0.014749479550882435 0.014749479550882478 0.01474947955088248 
0.06973593589562718 0.029833289128062553 0.04407453860470856 0.02983328912806257 0.02983328912806257 0.04567987746207276 0.02983328912806257 0.029833289128062535 0.35030190106084186 0.029833289128062573 0.029833289128062563 0.02983328912806257 0.029833289128062563 0.029833289128062303 0.02983328912806257 0.02983328912806257 0.02983328912806257 0.042708410055805474 0.02983328912806257 0.02983328912806257 
0.026562357159811784 0.012091371818530048 0.018383018098871176 0.008262598276536082 0.014326628439262797 0.008262598276536123 0.00826259827653607 0.10397410490655971 0.17043129787748637 0.022969717539998505 0.008262598276536061 0.008262598276536082 0.3823943243107675 0.06664849178615899 0.015540147290528536 0.008262598276536087 0.008262598276536056 0.08800095561171875 0.012576798947991682 0.008262598276536104 
0.019786627337626074 0.02581753684344535 0.013627775662019465 0.013627775662019444 0.013627775662019474 0.40218370802279185 0.013627775662019457 0.040537598230168365 0.12915394761389634 0.013627775662019354 0.013627775662019465 0.013627775662019486 0.08146960902378245 0.0240338727839617 0.07061082213279155 0.013627775662019476 0.013627775662019488 0.04950174445413904 0.020626776937145735 0.013627775662019476 
0.013208617895336911 0.02789204821259373 0.021931877344778784 0.00902872735417448 0.1649378464084331 0.00902872735417451 0.009028727354174445 0.03440802855478397 0.06550958219968914 0.00902872735417442 0.009028727354174506 0.00902872735417445 0.0720676008540247 0.00902872735417447 0.041635016178752086 0.009028727354174478 0.009028727354174489 0.4590933814556652 0.009028727354174483 0.009028727354174489 
0.009211519763455802 0.014871337416875168 0.00921151976345583 0.009211519763455831 0.017316719284358358 0.022978221512291213 0.009211519763455816 0.5530663631554799 0.019529304596131097 0.2169433019967407 0.009211519763455796 0.009211519763455805 0.014851351266951331 0.02990516360970423 0.009211519763455814 0.009211519763455776 0.00921151976345581 0.009211519763455838 0.009211519763455807 0.009211519763455836 
0.047273588103427945 0.03205632385801545 0.05143346966190982 0.006065330145739511 0.03154215390844272 0.008952591401408166 0.006065330145739524 0.5266216201604471 0.14749846089285065 0.006065330145739537 0.006065330145739516 0.006065330145739513 0.043912909438246425 0.019805482241965742 0.019223665324323024 0.00606533014573952 0.006065330145739489 0.01709176369731466 0.006065330145739468 0.006065330145739548 
0.15937925760880084 0.01314481355660367 0.22534161973579311 0.007288120340567627 0.007288120340567582 0.027208335939535276 0.007288120340567625 0.06593427721478609 0.09018343553165695 0.017851071543845458 0.010856170364191706 0.007288120340567626 0.04503689416452221 0.010346644822850333 0.21750875710720935 0.0072881203405676005 0.007288120340567586 0.04854037592816385 0.01765150409798863 0.007288120340567617 
0.037235307140903694 0.014691986646404646 0.01469198664640432 0.0146919866464043 0.10287756230238189 0.014691986646404444 0.014691986646404294 0.03551051895216103 0.2757973391705336 0.014691986646404295 0.01469198664640429 0.0146919866464043 0.2690839648283294 0.014691986646404306 0.033864281737175886 0.014691986646404295 0.01469198664640429 0.023085407525643416 0.04624177858601716 0.014691986646404299 
0.01816132518606507 0.011522501363763605 0.0065053466915785075 0.006505346691578448 0.046133721795114845 0.006505346691578451 0.00650534669157847 0.11147071674925585 0.1325304071612014 0.014314054723433778 0.0065053466915784685 0.006505346691578484 0.056721270639084394 0.49094790232869656 0.043909259883315836 0.006505346691578473 0.006505346691578466 0.009235373254282003 0.0065053466915784425 0.006505346691578459 
0.027405031416893308 0.01048742058527631 0.016303894903034497 0.010487420585275955 0.010487420585276257 0.01955659093477952 0.010487420585276273 0.11014497187371834 0.6082785923502478 0.032385225235911724 0.01799028873559589 0.010487420585276224 0.010487420585276158 0.022559944882219195 0.03001383322960758 0.010487420585276264 0.010487420585276255 0.010487420585276255 0.010487420585276287 0.010487420585276295 
0.019445968835431197 0.42536249880406934 0.01414185573350595 0.014609768952144029 0.009961446264891108 0.016018843339371848 0.009961446264891127 0.15215698129500785 0.01945754283249752 0.11020137934715055 0.02015134431117611 0.009961446264891097 0.014943157875279642 0.009961446264891144 0.09970773955980203 0.009961446264891115 0.009961446264891108 0.0099614462648911 0.014111348995460916 0.0099614462648911 
0.02175018661379693 0.03157984672557494 0.1252752268039544 0.010930712230404961 0.0249653895987528 0.025100643319558916 0.010930712230404944 0.04049212574956691 0.01607987526611099 0.03697472547364668 0.016320045900748606 0.010930712230404925 0.016417633351611838 0.516091067011411 0.02422853749751948 0.010930712230404923 0.010930712230404939 0.02238128829677578 0.016759135008552594 0.010930712230404902 
0.15471010216151238 0.033696078101228634 0.007640344027415842 0.0076403440274158 0.010846682310668416 0.1609126153649167 0.007640344027415812 0.023277225732614405 0.29991416590003644 0.02887700294862568 0.007640344027415851 0.007640344027415822 0.012392388138030938 0.056666312670316084 0.02080978384697403 0.007640344027415791 0.007640344027415778 0.011092569327551607 0.12568232127817747 0.007640344027415801 
0.04387688509392756 0.03090663922545922 0.09220745474587716 0.030906639225459203 0.030906639225459203 0.030906639225459203 0.0309066392254592 0.03090663922545924 0.2728313243935981 0.0566947862346123 0.03090663922545919 0.030906639225459182 0.030906639225459352 0.03090663922545923 0.03090663922545919 0.0309066392254592 0.05591449883272944 0.03090663922545922 0.04578210154283281 0.030906639225459172 
0.012190364090193929 0.017512428829793553 0.012934841418705063 0.006917474521841522 0.014803498518765069 0.03576746238120775 0.006917474521841522 0.5066256991350575 0.010243267284706658 0.2741323004424118 0.014762190866840393 0.006917474521841522 0.013508585002210345 0.006917474521841532 0.014687700467913619 0.0069174745218415195 0.0069174745218415256 0.017491865387471654 0.0069174745218415845 0.00691747452184151 
0.024975355222543183 0.024975355222543166 0.024975355222543103 0.024975355222543138 0.024975355222543214 0.045123803406435015 0.02497535522254318 0.0462147008673459 0.40763227993583306 0.024975355222543183 0.024975355222543218 0.024975355222543197 0.02497535522254257 0.03698304030860371 0.05246538253522401 0.0249753552225432 0.024975355222543173 0.0619258198309515 0.024975355222543204 0.024975355222543183 
0.02603174934477659 0.02603174934477655 0.026031749344776617 0.0260317493447766 0.02603174934477659 0.026031749344776565 0.0260317493447766 0.370224025442164 0.026031749344776662 0.038531967863771346 0.026031749344776627 0.026031749344776586 0.03695620434375177 0.11065186271775898 0.03954150837598155 0.02603174934477658 0.026031749344776606 0.026031749344776586 0.039649940429681105 0.026031749344776617 
0.027669764278934566 0.0321251824222074 0.021693348302772572 0.01353234529067975 0.019797206312770748 0.019211314275846384 0.013532345290679587 0.04574183269721798 0.6354581442352875 0.013532345290679575 0.013532345290679591 0.013532345290679607 0.013532345290679499 0.02262170062684104 0.013532345290679561 0.013532345290679605 0.013532345290679594 0.026825708650617567 0.013532345290679601 0.013532345290679591 
0.007909737159435562 0.005571575836150423 0.008121143138853502 0.005571575836150643 0.17436188402675584 0.014181788700733604 0.005571575836150569 0.013451726154801766 0.5146135387978448 0.014308131388454246 0.005571575836150588 0.005571575836150632 0.01984542949941006 0.008851050776055174 0.030035902779100253 0.005571575836150564 0.005571575836150636 0.13699667352872347 0.012750387360656083 0.005571575836150607 
0.03067702957219631 0.07687448425508255 0.03067702957219631 0.030677029572196313 0.030677029572196313 0.18417632274795576 0.030677029572196302 0.07309986278768815 0.0757419763585559 0.030677029572196358 0.03067702957219629 0.030677029572196327 0.062326662354400195 0.07205343413855048 0.0306770295721963 0.03067702957219631 0.0306770295721963 0.05692587291921398 0.030677029572196327 0.0306770295721963 
0.029668298437640718 0.060362448151018995 0.01122493560919048 0.011224935609190521 0.019268203632056388 0.04623677794207188 0.01122493560919055 0.09859430280264667 0.034144637032338485 0.011224935609190412 0.011224935609190556 0.011224935609190526 0.036117547843294635 0.2754316138896719 0.011224935609190582 0.011224935609190531 0.011224935609190526 0.2671469010173773 0.020779913159963415 0.011224935609190542 
0.03354214819618978 0.0920091375634602 0.37230831925069013 0.007436073012626531 0.010794575484705134 0.007436073012626645 0.007436073012626608 0.10918819519134447 0.07817767364238165 0.07711040581471576 0.020648209119882136 0.007436073012626641 0.05362755760870048 0.031071747232672687 0.023181535055405315 0.00743607301262661 0.007436073012626613 0.027806880776443815 0.018481103975000125 0.007436073012626634 
0.0249698028579096 0.012092852055088602 0.01209285205508868 0.012092852055088598 0.04431218999480196 0.03984155333744132 0.012092852055088628 0.032455524288558794 0.04137190169464175 0.11425697490809081 0.017311751382689585 0.012092852055088631 0.11191781317965883 0.030035298223311285 0.024149795967347145 0.012092852055088645 0.012092852055088633 0.029700314401193806 0.3929342633236469 0.012092852055088617 
0.03236954611984972 0.015835008672891913 0.02413223492161159 0.007977312976970208 0.07762813076770764 0.024659150148275924 0.007977312976970222 0.022111896038578778 0.24264242009744144 0.007977312976970168 0.007977312976970246 0.00797731297697027 0.4006771889451576 0.007977312976970222 0.059200720362133016 0.007977312976970217 0.007977312976970224 0.01724061535560805 0.011707271777983919 0.007977312976970225 
0.021204695585419285 0.010137671402242466 0.010137671402242572 0.016929808144845 0.02672092187621574 0.02174250335107708 0.01013767140224254 0.6153910422217888 0.02283805602949581 0.010137671402242459 0.010137671402242516 0.01013767140224251 0.025509763750786965 0.1229413105474686 0.010137671402242532 0.01013767140224256 0.01013767140224252 0.010137671402242534 0.015207513068191361 0.010137671402242586 
0.01789718294862959 0.004487935272454464 0.0044879352724545175 0.004487935272454515 0.3425976870716447 0.03069703007900433 0.004487935272454511 0.024572986616435692 0.4406700157760297 0.004487935272454453 0.006424788735064558 0.004487935272454515 0.01832720430913879 0.01541862185213275 0.029832506546749304 0.004487935272454519 0.004487935272454534 0.024353474236099622 0.008817084376894553 0.004487935272454541 
0.019594534608452074 0.03702262860247135 0.02827958967426268 0.019594534608452098 0.01959453460845208 0.019594534608452098 0.019594534608452115 0.019594534608452067 0.49309513262825927 0.029300054168824693 0.0745597040244368 0.019594534608452095 0.041785214009975216 0.019594534608452088 0.02969614393602291 0.019594534608452084 0.019594534608452098 0.019594534608452095 0.031127117654371317 0.019594534608451685 
0.05191927671421722 0.02738340541605411 0.013665131834805829 0.013665131834805824 0.013665131834805836 0.3930893535777554 0.01366513183480585 0.04842708421830849 0.028082513364911462 0.10686990190365754 0.04868737749709777 0.013665131834805841 0.03930733945588834 0.013665131834805829 0.09338780538559138 0.01366513183480585 0.013665131834805848 0.013665131834805876 0.026194624118450242 0.013665131834805843 
0.019328812246298864 0.01305827583483313 0.013058275834833112 0.013058275834833166 0.01305827583483318 0.029961221069272827 0.013058275834833101 0.030901036830942967 0.6450048622428196 0.035143045529145905 0.013058275834833091 0.013058275834833082 0.043186981043586904 0.020965707100390234 0.018809023919494385 0.013058275834833103 0.013058275834833105 0.0130582758348332 0.013058275834833035 0.013058275834833077 
0.030632338316186506 0.045976300024654866 0.030632338316186513 0.030632338316186523 0.07016591249919633 0.030632338316186506 0.03063233831618649 0.030632338316186485 0.22681530483796347 0.03063233831618649 0.0306323383161865 0.0306323383161865 0.08922403775513292 0.07559781593524453 0.030632338316186513 0.0306323383161865 0.0306323383161865 0.06336789252119188 0.0306323383161865 0.030632338316186496 
0.03437153883431951 0.5410064676049453 0.012675274548990296 0.012675274548990256 0.012675274548990307 0.01267527454899028 0.012675274548990294 0.012675274548990286 0.12740242234796983 0.012675274548990239 0.012675274548990308 0.012675274548990293 0.0309879335628859 0.0126752745489904 0.012675274548990182 0.01267527454899028 0.01267527454899013 0.03265670265847769 0.05612109130551269 0.01267527454899028 
0.010489962530799299 0.007091165019994455 0.014391505528195115 0.0070911650199945095 0.017248693435465007 0.017759020801663115 0.007091165019994501 0.43596832126839624 0.021300011328313252 0.3175779569849708 0.007091165019994493 0.00709116501999446 0.033287381781101515 0.03801188394114988 0.011265781986846742 0.007091165019994487 0.00709116501999456 0.014752799126663146 0.01121736112646855 0.00709116501999448 
0.03046693478262809 0.03046693478262808 0.20162059674416083 0.03046693478262809 0.055764261790555845 0.030466934782628078 0.030466934782628078 0.059850646126018446 0.04388430083177608 0.03046693478262812 0.030466934782628078 0.030466934782628078 0.04811111560398588 0.03046693478262809 0.1356283105011025 0.03046693478262807 0.030466934782628078 0.04325265477329466 0.0462848962375717 0.03046693478262804 
0.05196994186942876 0.03870509959187755 0.03423549520236692 0.011085848269670361 0.01108584826967035 0.0641038697765848 0.011085848269670334 0.11780127200189906 0.4187467837433133 0.026579902492635695 0.035356906966671216 0.011085848269670349 0.04827640633652868 0.034827367080163284 0.017526481775192778 0.011085848269670344 0.011085848269670339 0.02318368700594134 0.01108584826967036 0.011085848269670365 
0.029890018661717966 0.042433630674254146 0.029890018661717914 0.029890018661717983 0.05765209721639244 0.029890018661717997 0.029890018661717966 0.07566002393508707 0.1052019411677283 0.061173138511085544 0.029890018661717966 0.029890018661717966 0.04243363067425396 0.029890018661717966 0.05004563006178593 0.029890018661717966 0.029890018661717963 0.20671968381879327 0.029890018661717976 0.029890018661717973 
0.04630727964760184 0.6708837971198347 0.008415455407979852 0.008415455407979801 0.008415455407979859 0.01316032309101268 0.008415455407979852 0.01348022767791574 0.012368847824810705 0.008415455407979716 0.008415455407979847 0.008415455407979836 0.02579929125257502 0.011921303901050664 0.012368847824810585 0.008415455407979893 0.008415455407979828 0.10114007217265751 0.008415455407979857 0.008415455407979817 
0.02542753057742247 0.18941798740477991 0.02542753057742232 0.025427530577422326 0.025427530577422326 0.02542753057742235 0.025427530577422332 0.07577471965068107 0.0254275305774224 0.040061807432860135 0.025427530577422326 0.02542753057742232 0.025427530577422162 0.08409894457600131 0.19073594351716272 0.025427530577422326 0.025427530577422332 0.03624322263731897 0.05310947727470514 0.025427530577422336 
0.008404793612984874 0.019627536355849667 0.0084047936129853 0.008404793612984969 0.01341592442859925 0.2163386519116172 0.008404793612985021 0.028015914400197156 0.04512001098946132 0.03183356749597246 0.017234659695665226 0.00840479361298503 0.011931939959726835 0.3672917475193813 0.1472925877981471 0.008404793612984976 0.008404793612985023 0.021881850911055364 0.012777259630355994 0.008404793612984997 
0.007368711732675933 0.007368711732675893 0.03863355981508189 0.007368711732675972 0.04933687734184529 0.057915517255339735 0.007368711732675954 0.31169608633400675 0.007368711732675761 0.1073157101249708 0.007368711732675942 0.007368711732675918 0.26002447001152984 0.007368711732675905 0.04518052732902205 0.007368711732675933 0.007368711732675934 0.011355643348758028 0.03748577937997883 0.007368711732675941 
0.045441930168688464 0.1045198176091133 0.02816261118158257 0.01883413058488413 0.10311458934859401 0.018834130584884128 0.018834130584884156 0.04813293219436264 0.028211116707902478 0.01883413058488407 0.053277645297947374 0.018834130584884125 0.06564237178798335 0.30819332352172507 0.018834130584884135 0.018834130584884135 0.018834130584884125 0.02696235633325409 0.018834130584884128 0.018834130584884142 
0.01628516142224945 0.03119569230528148 0.025592026714835618 0.016285161422249495 0.027607550717165655 0.02393556541732456 0.01628516142224949 0.26012567301169237 0.02449907164758601 0.026872907183614916 0.016285161422249506 0.016285161422249502 0.04214378444754997 0.025812127288362508 0.3252918520458783 0.016285161422249474 0.016285161422249478 0.03138769678956748 0.016285161422249526 0.025254761053144396 
0.026140489749355986 0.0422528945425671 0.07717221347228496 0.02614048974935596 0.1077555790684294 0.07163107862385486 0.02614048974935596 0.08816994920086318 0.052552275338078075 0.026140489749355972 0.02614048974935596 0.02614048974935596 0.03927885643155972 0.053939871320017416 0.1297655032871797 0.02614048974935596 0.02614048974935596 0.06471896860774937 0.03749840236322027 0.02614048974935596 
0.01467314349041331 0.017423952707702518 0.02628563810913235 0.00978144858247065 0.0618639864109082 0.009781448582470592 0.00978144858247064 0.015054884987673874 0.6461635156613963 0.00978144858247062 0.014257464383445209 0.009781448582470651 0.033912945928062106 0.02128642945990998 0.017463846868605387 0.00978144858247062 0.00978144858247064 0.03793746485196583 0.009781448582470646 0.01542513848110783 
0.09778274520349595 0.032253096778935265 0.16304505533878685 0.03225309677893527 0.03225309677893527 0.047158370240188596 0.03225309677893527 0.05534105059800223 0.0716847739095735 0.08028426796868275 0.04578839552787517 0.03225309677893528 0.032253096778935265 0.05187817986616769 0.03225309677893532 0.03225309677893527 0.03225309677893527 0.03225309677893525 0.03225309677893527 0.032253096778935265 
0.03001030665384465 0.03001030665384464 0.058467242285362646 0.03001030665384465 0.03001030665384464 0.03001030665384467 0.03001030665384465 0.2606588771401442 0.04564908813621348 0.06324087090669869 0.04726715709127093 0.03001030665384465 0.06160736628544266 0.03001030665384464 0.04558482705876545 0.03001030665384465 0.030010306653844653 0.057400891249967285 0.03001030665384463 0.03001030665384465 
0.11169355407884617 0.08846604742163598 0.030133890629322205 0.030133890629322195 0.030133890629322185 0.044260833393003345 0.030133890629322185 0.07250953386499491 0.07986861319456258 0.030133890629322195 0.030133890629322185 0.030133890629322185 0.030133890629322178 0.030133890629322205 0.18132694923644313 0.030133890629322195 0.030133890629322185 0.030133890629322167 0.030133890629322185 0.030133890629322178 
0.008255764178735732 0.043445928375893776 0.012586305917881993 0.0082557641787357 0.22340481091986816 0.008255764178735756 0.008255764178735721 0.008255764178735652 0.4962156354090005 0.06123604473931744 0.008255764178735704 0.008255764178735709 0.01637938905450593 0.018282097080957255 0.016578055221812115 0.00825576417873569 0.008255764178735704 0.008255764178735718 0.02105832731461578 0.00825576417873572 
0.06256148365547531 0.02866131157492711 0.08587611591238557 0.011982617216086955 0.011982617216086969 0.03767202438606993 0.011982617216086955 0.04947624586960245 0.40279809295083047 0.011982617216086776 0.01930291980006782 0.011982617216086918 0.017519034825100924 0.08912839543450744 0.011982617216086951 0.011982617216086962 0.011982617216086962 0.07085078226561979 0.028310038380611444 0.011982617216086832 
0.027146199303634978 0.6379967345558348 0.01677893596339613 0.010434115962081297 0.017526918616972892 0.015969449539784995 0.01043411596208131 0.010434115962081278 0.08528951791888811 0.014937156314394327 0.01043411596208133 0.010434115962081332 0.03888164950979866 0.01552531898989405 0.0104341159620813 0.010434115962081313 0.010434115962081181 0.019249565971870407 0.010434115962081329 0.016791509656792294 
0.07470750394709272 0.03330728305664212 0.014071478463969733 0.007100523886905198 0.012683560091567713 0.019590334621963943 0.007100523886905198 0.0883013534212025 0.007100523886905283 0.13181861038529866 0.007100523886905188 0.007100523886905207 0.0398326081176859 0.44434293004104136 0.04606021894161468 0.0071005238869052 0.007100523886905185 0.03137940392975725 0.007100523886905168 0.007100523886905187 
0.012218601713729113 0.030322924604908465 0.04632083713283787 0.012218601713729006 0.012218601713729035 0.029964246737916724 0.012218601713728997 0.16051608038021112 0.044693452766939354 0.012218601713728919 0.023859846068292605 0.012218601713729 0.1816542643615693 0.2568108762896813 0.058552015925840806 0.012218601713729 0.01221860171372901 0.012218601713728988 0.04511943859450481 0.01221860171372898 
0.041145526533545286 0.024787414959742522 0.048405998245824144 0.02517688697439007 0.04968442213222087 0.017314859444896132 0.017314859444896157 0.13044907801795705 0.03882706473729894 0.041972781712387074 0.027899717032459682 0.01731485944489616 0.03627411748722919 0.1160645426254595 0.036862189643394064 0.017314859444896157 0.01731485944489615 0.017314859444896157 0.2509204058657294 0.02764069736298766 
0.020218158832972625 0.03229159113365781 0.020167863667317716 0.0036388648396230077 0.0736887991453725 0.008773742338749623 0.0036388648396230142 0.6335939590093946 0.10811165781743982 0.01174970105693492 0.0055152260647983 0.0036388648396230234 0.020093700521286315 0.0036388648396230546 0.005209285876631184 0.0036388648396230273 0.0036388648396230194 0.029432783188221207 0.00568147746982357 0.0036388648396230142 
0.05876468221677133 0.16814405666565735 0.0053609393582100566 0.005360939358210061 0.04803506321397869 0.1878912649548917 0.005360939358210059 0.027925426181977867 0.016102614106096095 0.010156425614052354 0.0053609393582100835 0.005360939358210049 0.26321116293166114 0.1124235168351614 0.031315360146095296 0.005360939358210081 0.0053609393582100375 0.02102951791908128 0.012113394348874611 0.005360939358210035 
0.014379051185418785 0.01202310835616332 0.039659873076479724 0.008469012135594159 0.30517397025802284 0.008469012135594353 0.008469012135594148 0.014531442742487691 0.4620808479648161 0.008469012135594171 0.008469012135594213 0.00846901213559417 0.04205454865386125 0.008469012135594148 0.008469012135594138 0.008469012135594187 0.00846901213559414 0.0084690121355941 0.008469012135594173 0.00846901213559416 
0.017514324735874522 0.03459825095564115 0.5682210288570931 0.01751432473587453 0.0329727033719325 0.017514324735874515 0.017514324735874488 0.04683113787079622 0.017514324735874408 0.02689476360626025 0.017514324735874488 0.017514324735874522 0.017514324735874526 0.028379655063996537 0.02706619665421458 0.017514324735874526 0.017514324735874526 0.024864366789536626 0.01751432473587451 0.017514324735874505 
0.09901255303440196 0.07595747806021803 0.051686931453523 0.02629482909651907 0.02629482909651911 0.04977027503076899 0.026294829096519073 0.07777356336968944 0.06581271872854196 0.02629482909651913 0.02629482909651907 0.026294829096519083 0.026294829096519073 0.09458318304553756 0.13968362004203988 0.026294829096519066 0.026294829096519094 0.04183429182706709 0.04093709444302125 0.026294829096519073 
0.02661244227055572 0.02661244227055572 0.05172949116772088 0.026612442270555703 0.08507068792345326 0.04111353709870639 0.026612442270555703 0.054432115493566045 0.0410240002416499 0.10795828503690422 0.04190045411403633 0.026612442270555717 0.02661244227055566 0.02661244227055572 0.055604360624102844 0.026612442270555703 0.04044414901686854 0.18468685197135662 0.05652408687663442 0.026612442270555713 
0.027671013502147335 0.04504928556423588 0.11497624785905457 0.027671013502147353 0.027671013502147356 0.027671013502147356 0.027671013502147356 0.02767101350214732 0.060513264227125566 0.027671013502147356 0.02767101350214737 0.027671013502147356 0.02767101350214737 0.04012195274054168 0.2023649447586308 0.027671013502147356 0.027671013502147356 0.02767101350214737 0.14958011582034997 0.02767101350214737 
0.0068970407083613905 0.04898002082035875 0.014800226735322865 0.006897040708361355 0.018553170557922032 0.009893770548197765 0.006897040708361357 0.7437039739084923 0.01518305311636321 0.024628373657565403 0.010391146294960806 0.006897040708361361 0.02024636976256779 0.0068970407083613315 0.006897040708361358 0.006897040708361337 0.006897040708361357 0.021185610615084727 0.0103609176079571 0.006897040708361363 
0.017586494502109615 0.011603758089921304 0.013342005305328704 0.007814472710488688 0.029945735365086136 0.007814472710488685 0.007814472710488681 0.10720053272017266 0.007814472710488773 0.09031636374690032 0.016339014074802982 0.007814472710488546 0.02331877064688719 0.49848266831329746 0.095102732955819 0.007814472710488695 0.007814472710488745 0.026431669885223146 0.007814472710488699 0.007814472710488704 
0.14942388460495937 0.051927817772365485 0.018955347585457333 0.006720894805759973 0.04485010525553655 0.03911783604661596 0.006720894805759996 0.04998211646478322 0.01578069511294397 0.006720894805759927 0.009621424244379622 0.006720894805759925 0.3102250858015827 0.02324171577926485 0.017129624021311803 0.006720894805759886 0.006720894805759972 0.024059829330896 0.19399995045121646 0.011359198694113976 
0.02531148309744811 0.025311483097448094 0.025311483097448108 0.025311483097448094 0.05416991400203166 0.11088592898990297 0.025311483097448094 0.03844744383677341 0.025311483097448087 0.025311483097448132 0.025311483097448097 0.025311483097448156 0.3915129836121219 0.025311483097448108 0.025311483097447914 0.025311483097448094 0.025311483097448097 0.025311483097448087 0.025311483097448077 0.025311483097448094 
0.10672694151990533 0.4455130499546715 0.009065410329424943 0.00906541032942496 0.02722522363521376 0.02640815151041496 0.00906541032942496 0.013580663603993634 0.06103207307869693 0.009065410329424943 0.00906541032942495 0.009065410329424983 0.014194857173198768 0.019512911658062137 0.015177328974647207 0.009065410329424964 0.009065410329424949 0.009065410329424949 0.17997469559691165 0.009065410329424952 
0.13797757475246683 0.008911319399788847 0.008911319399788826 0.008911319399788793 0.06121833775201889 0.00891131939978881 0.008911319399788776 0.2512496209824011 0.086715228454267 0.008911319399788628 0.06859404953016293 0.00891131939978874 0.01326357738503404 0.04538064742849644 0.2241799275959583 0.008911319399788805 0.008911319399788814 0.013396522721475564 0.008911319399788824 0.008911319399788849 
0.031511043086632995 0.021539317658306443 0.021539317658306443 0.021539317658306495 0.2406999191388775 0.06481848909682628 0.021539317658306495 0.045557768526019934 0.021539317658306485 0.021539317658306464 0.021539317658306512 0.02153931765830651 0.16760243759476132 0.04633937446057775 0.11020712262484338 0.021539317658306495 0.021539317658306495 0.0347920335717811 0.021539317658306502 0.0215393176583065 
0.012708552545849898 0.028525374630481326 0.023638542654020676 0.012708552545849898 0.019430117311959413 0.01906408989307512 0.012708552545849868 0.02525751962353406 0.6534606955536655 0.026155074249789183 0.012708552545849888 0.012708552545849882 0.028435475624969578 0.01919346188506309 0.018193169080822524 0.012708552545849888 0.0127085525458499 0.024269506579944866 0.012708552545849936 0.012708552545849884 
0.013099180477806996 0.01309918047780701 0.02048601564402403 0.01309918047780698 0.05534345045758823 0.018670964251838416 0.013099180477806987 0.04500487782433691 0.013099180477806968 0.013099180477807046 0.013099180477806987 0.013099180477806954 0.5728512948539634 0.05237367441154133 0.042187991292829505 0.013099180477806987 0.01309918047780698 0.029307685213109155 0.019683060794854157 0.01309918047780697 
0.054218143893150994 0.05500630970502911 0.032366317264876515 0.032366317264876515 0.032366317264876515 0.032366317264876494 0.032366317264876515 0.05921143936270465 0.03236631726487657 0.03236631726487651 0.032366317264876536 0.03236631726487653 0.07325656615605089 0.09967018498321879 0.08337950478442092 0.032366317264876515 0.049702001969392264 0.05567620669594131 0.1138501525364497 0.032366317264876515 
0.03769604453015704 0.03769604453015705 0.037696044530157034 0.037696044530157055 0.09696719805204138 0.03769604453015708 0.03769604453015704 0.037696044530157 0.17395696679495928 0.037696044530157034 0.05396448646225423 0.037696044530157034 0.03769604453015701 0.037696044530157034 0.07197463620823319 0.03769604453015704 0.037696044530157034 0.03769604453015704 0.03769604453015705 0.03769604453015704 
0.02201803125150573 0.010814860854855859 0.023859124097845286 0.02202393192041471 0.06554854179475461 0.016059052707096153 0.010814860854855465 0.045862994544838144 0.5059561564228217 0.025300900736141912 0.058643747286814846 0.010814860854855467 0.04119168535684865 0.06023623657344813 0.01081486085485546 0.010814860854855463 0.010814860854855458 0.015320293037979058 0.015353413341830548 0.017736725798404792 
0.04892935731522045 0.04746802276756863 0.0454755090888521 0.030315000613529295 0.03031500061352927 0.03031500061352928 0.03031500061352928 0.1764992264859329 0.06557697241577785 0.03031500061352927 0.030315000613529295 0.03031500061352928 0.13568287747568164 0.086273026475083 0.030315000613529305 0.03031500061352928 0.030315000613529267 0.03031500061352928 0.030315000613529278 0.03031500061352926 
0.07991593871549167 0.03386076974023115 0.15250325229291015 0.03386076974023116 0.07068347437300815 0.033860769740231195 0.03386076974023117 0.048070742737379595 0.09289823087244885 0.03386076974023117 0.033860769740231174 0.033860769740231174 0.03386076974023136 0.06620158673333208 0.04953676765241024 0.03386076974023115 0.03386076974023117 0.03386076974023116 0.03386076974023117 0.03386076974023117 
0.03166341600630252 0.01971921835042313 0.020004160432187574 0.010689929608036561 0.010689929608036521 0.01636097318448249 0.010689929608036554 0.40374788452337096 0.042151472812137714 0.025816965185163503 0.06248958025379684 0.010689929608036532 0.02330595923065788 0.17024297858052903 0.026444975928865862 0.010689929608036577 0.010689929608036539 0.05646529729125726 0.021793777399184363 0.015653763173393967 
0.048070281019711454 0.01733688404946664 0.01879597046442099 0.01155317319618478 0.12262104287325107 0.2435823932341762 0.011553173196184778 0.07775361704823182 0.033998958477240125 0.11076646893548286 0.040872293275069055 0.011553173196184803 0.02713574596119799 0.029064877433404787 0.09956143060068294 0.011553173196184813 0.011553173196184785 0.043807430289677755 0.017313567160865736 0.011553173196184756 
0.025609193434293485 0.017798574657416057 0.3978909978714706 0.017798574657416064 0.017798574657416074 0.03404174548474661 0.01779857465741611 0.07983126617639329 0.025714694059508724 0.06674121518295598 0.058877803287940816 0.017798574657416074 0.017798574657416136 0.08945530225403446 0.017798574657416053 0.01779857465741605 0.017798574657416043 0.02605346101704602 0.01779857465741605 0.017798574657416057 
0.037738004475532716 0.03773800447553271 0.053575093492633445 0.053575093492633445 0.06741083547145046 0.03773800447553271 0.037738004475532716 0.03773800447553269 0.03773800447553272 0.03773800447553271 0.0548189006374255 0.03773800447553271 0.1424096759389057 0.037738004475532695 0.09987833830949454 0.03773800447553271 0.03773800447553271 0.03773800447553266 0.03773800447553271 0.0377380044755327 
0.040238496984900146 0.04023849698490014 0.057124939909495374 0.04023849698490014 0.04023849698490013 0.0859563709556794 0.04023849698490014 0.05711211807631981 0.04023849698490017 0.0760152392363588 0.08466305701865488 0.04023849698490014 0.04023849698490013 0.04023849698490011 0.058423631575134506 0.04023849698490014 0.04023849698490014 0.040238496984900125 0.05760418242465542 0.040238496984900146 
0.01551776694222109 0.015517766942221097 0.015517766942221121 0.015517766942221069 0.23849453995356454 0.05255323800437977 0.015517766942221085 0.031884279362210693 0.07906624331846006 0.024769815677070248 0.022955437269700046 0.015517766942221057 0.022029935771124227 0.015517766942221038 0.07360801808654616 0.01551776694222108 0.015517766942221093 0.28394305619251364 0.015517766942221145 0.015517766942221069 
0.026234419388920044 0.05137122579493336 0.07930895803722422 0.026234419388920047 0.16037701788014896 0.026234419388920065 0.026234419388920058 0.07716628415173832 0.1475142390540437 0.052540817619048594 0.07400558826322952 0.026234419388920047 0.02623441938892002 0.042902836532589174 0.026234419388920058 0.026234419388920068 0.0262344193889201 0.02623441938892022 0.026234419388920013 0.026234419388920033 
0.009232918702173257 0.009232918702173205 0.009232918702173187 0.009232918702173163 0.014171403590203207 0.04501549719878193 0.009232918702173158 0.32218725312492047 0.04046417796978339 0.33829212150089405 0.009232918702173154 0.009232918702173182 0.009232918702173205 0.01837997307351854 0.015611691785866055 0.00923291870217318 0.00923291870217316 0.08782539476857168 0.016490381263571073 0.009232918702173175 
0.023647994840095218 0.0451494509632765 0.02364799484009522 0.08139022304930309 0.023647994840095245 0.03579471654303399 0.023647994840095263 0.03619333556272537 0.28381551006843914 0.0971472196056994 0.053972759267040545 0.023647994840095263 0.02364799484009527 0.048242200107507203 0.023647994840095252 0.023647994840095263 0.023647994840095263 0.05816664159191611 0.023647994840095245 0.023647994840095263 
0.011412076128671024 0.04865612852456584 0.0161663060495569 0.011412076128671015 0.016945861302084305 0.032914475080806395 0.011412076128671006 0.03448386405914579 0.0170938292104544 0.0971909769762269 0.011412076128670982 0.011412076128671015 0.011412076128671057 0.011412076128671 0.016586165666733526 0.011412076128671025 0.011412076128671017 0.571259038011103 0.034582593832568134 0.011412076128671012 
