0.02968221642923637 0.06853238441292916 0.016747281075567288 0.03241484710109526 0.03720236269621262 0.04163936507123744 0.016747281075567288 0.016747281075567288 0.08516303433882623 0.06595367007272385 0.049013054629030564 0.06966300105163377 0.06545661654693377 0.0714840499130678 0.08724719957670057 0.09966938479666843 0.06477570674495939 0.03241484710109526 0.016747281075567288 0.03269913521538036 
0.011254332939361227 0.011254332939361223 0.011254332939361221 0.011254332939361223 0.011254332939361232 0.011254332939361225 0.6023175297498008 0.011254332939361221 0.025239552491549116 0.011254332939361221 0.1698408947616096 0.0112543329393612 0.011254332939361216 0.011254332939361214 0.011254332939361218 0.01125433293936121 0.022532695967244738 0.011254332939361218 0.011254332939361214 0.011254332939361225 
0.012425347905993584 0.01242534790599357 0.012425347905993797 0.01242534790599357 0.012425347905993565 0.01242534790599357 0.7639183897861569 0.012425347905993575 0.012425347905993618 0.01242534790599357 0.012425347905993067 0.012425347905993572 0.01242534790599356 0.012425347905993575 0.012425347905993572 0.012425347905993575 0.012425347905993537 0.01242534790599357 0.01242534790599358 0.012425347905993575 
0.014460293337916265 0.01446029333791626 0.014460293337916276 0.01446029333791626 0.02043762293232362 0.014460293337916262 0.5407006516152378 0.014460293337916257 0.02858298272988104 0.01446029333791626 0.1489822530673153 0.01446029333791626 0.014460293337916251 0.01446029333791626 0.03006830221132051 0.014460293337916265 0.028784080713078117 0.01446029333791626 0.014460293337916257 0.01446029333791626 
0.010008774327491747 0.010008774327491747 0.07210008995835267 0.010008774327491738 0.010008774327491742 0.010008774327491752 0.45053286961960787 0.010008774327491749 0.058667171508148694 0.010008774327491756 0.2585594796739616 0.010008774327491754 0.01000877432749177 0.010008774327491766 0.01000877432749176 0.010008774327491761 0.010008774327491757 0.010008774327491754 0.010008774327491754 0.010008774327491757 
0.014936516826885012 0.014936516826884984 0.014936516826885002 0.01493651682688498 0.02788503881711908 0.014936516826884983 0.5021694313745751 0.014936516826884988 0.18426462151440948 0.01493651682688499 0.04669663906373077 0.014936516826884984 0.014936516826884983 0.014936516826884984 0.014936516826884984 0.014936516826884984 0.014936516826884984 0.014936516826884988 0.014936516826885002 0.014936516826884988 
0.012639016759605345 0.012639016759605331 0.5628344268461412 0.012639016759605342 0.02479911705914958 0.012639016759605338 0.09789128969250736 0.012639016759605347 0.026187323960867148 0.012639016759605335 0.06253143041101861 0.012639016759605338 0.012639016759605335 0.04881017739578963 0.01263901675960534 0.01263901675960534 0.012639016759605335 0.01263901675960534 0.012639016759605354 0.012639016759605349 
0.013560876604959705 0.013560876604959693 0.1779844328617192 0.013560876604959693 0.0135608766049597 0.013560876604959693 0.29534751113381147 0.013560876604959695 0.013560876604959677 0.013560876604959693 0.29613315372011756 0.013560876604959693 0.01356087660495969 0.013560876604959676 0.013560876604959698 0.013560876604959693 0.013560876604959693 0.013560876604959693 0.013560876604959705 0.013560876604959702 
0.00539785665931044 0.005397856659310453 0.005397856659310416 0.005397856659310455 0.01872303693449958 0.005397856659310457 0.22147680199941527 0.0053978566593104555 0.07551081750927643 0.005397856659310458 0.5979236370077813 0.005397856659310449 0.005397856659310461 0.005397856659310412 0.005397856659310458 0.00539785665931045 0.005397856659310437 0.005397856659310451 0.0053978566593104295 0.005397856659310453 
0.011709462257334583 0.011709462257334583 0.060956481498195665 0.011709462257334581 0.15562630297388336 0.011709462257334585 0.4803046920098635 0.011709462257334576 0.08069385228296976 0.011709462257334567 0.046776737375061744 0.011709462257334585 0.011709462257334597 0.011709462257334586 0.011709462257334586 0.011709462257334581 0.011709462257334583 0.011709462257334588 0.011709462257334581 0.011709462257334585 
0.017846978030650124 0.008982115021186699 0.008982115021186702 0.008982115021186694 0.008982115021186697 0.008982115021186706 0.008982115021186688 0.008982115021186704 0.3307199695072905 0.008982115021186699 0.4987370971018838 0.008982115021186704 0.008982115021186707 0.008982115021186687 0.008982115021186699 0.008982115021186699 0.008982115021186702 0.008982115021186704 0.008982115021186496 0.008982115021186714 
0.018088881839422685 0.01808888183942268 0.08115089688351704 0.018088881839422664 0.01808888183942266 0.01808888183942267 0.018088881839422734 0.018088881839422668 0.09911552109736141 0.01808888183942267 0.49447992284251985 0.018088881839422675 0.01808888183942267 0.03583154974587777 0.018088881839422668 0.018088881839422668 0.018088881839422664 0.01808888183942267 0.018088881839422682 0.018088881839422668 
0.018915215403522246 0.01891521540352225 0.04696357014145525 0.018915215403522243 0.03816438111704763 0.01891521540352224 0.17457495636226295 0.018915215403522236 0.2509581744618268 0.01891521540352226 0.16709922958517895 0.018915215403522232 0.01891521540352224 0.05742667268292711 0.01891521540352224 0.018915215403522236 0.01891521540352224 0.01891521540352224 0.01891521540352221 0.018915215403522215 
0.005848516236697269 0.005848516236697294 0.0058485162366972805 0.005848516236697294 0.011078175076784252 0.0058485162366973 0.024271000875698827 0.005848516236697322 0.5165286507248243 0.005848516236697294 0.3545459135354885 0.005848516236697298 0.005848516236697311 0.005848516236697308 0.005848516236697309 0.005848516236697294 0.005848516236697262 0.005848516236697293 0.005848516236697298 0.005848516236697295 
0.006502103022989733 0.006502103022989728 0.006502103022989871 0.0065021030229897294 0.012723652483923495 0.006502103022989728 0.7954351340646374 0.006502103022989728 0.006502103022989714 0.0065021030229897225 0.08130546206061456 0.006502103022989728 0.006502103022989727 0.006502103022989723 0.006502103022989724 0.006502103022989731 0.006502103022989762 0.006502103022989728 0.006502103022989727 0.006502103022989728 
0.09629198125446228 0.03193123471625283 0.03193123471625318 0.03193123471625283 0.03193123471625286 0.03193123471625283 0.13243665820225192 0.03193123471625283 0.06068182606377798 0.03193123471625283 0.1764283071517675 0.03193123471625283 0.03193123471625283 0.055192706583947045 0.03193123471625283 0.03193123471625283 0.03193123471625283 0.03193123471625283 0.031931234716252824 0.03193123471625283 
0.014852110720603015 0.014852110720603004 0.11465087861442225 0.014852110720603029 0.031635004930205726 0.01485211072060301 0.265893182922859 0.014852110720603004 0.04405075697785709 0.014852110720602996 0.30414463606826503 0.01485211072060301 0.01485211072060301 0.01485211072060301 0.01485211072060302 0.01485211072060301 0.03169599039793543 0.01485211072060301 0.014852110720603 0.01485211072060301 
0.010787924744997507 0.010787924744997518 0.13869193806726637 0.01078792474499752 0.05771643048779198 0.01078792474499752 0.38735344244390557 0.01078792474499752 0.022854853413082788 0.010787924744997525 0.17793012640248035 0.010787924744997514 0.010787924744997516 0.04174218238032851 0.010787924744997509 0.010787924744997514 0.010787924744997537 0.021651152273156293 0.022604777592017317 0.010787924744997521 
0.00906983184776956 0.009069831847769593 0.1494493175217082 0.00906983184776959 0.018639957187130157 0.009069831847769591 0.025167964830477972 0.009069831847769603 0.03822199904668009 0.009069831847769591 0.632473283697371 0.009069831847769584 0.009069831847769586 0.009069831847769735 0.00906983184776959 0.009069831847769595 0.009069831847769593 0.009069831847769593 0.009069831847769593 0.009069831847769591 
0.010888434582317542 0.010888434582317542 0.11620877894948332 0.010888434582317544 0.024951011800367885 0.010888434582317547 0.06936258355271746 0.01088843458231754 0.010888434582317499 0.01088843458231755 0.6152626723803308 0.010888434582317544 0.010888434582317544 0.010888434582317629 0.010888434582317546 0.010888434582317547 0.010888434582317552 0.010888434582317556 0.010888434582317544 0.010888434582317561 
0.024572459448407767 0.00730111263128322 0.030423922205824395 0.007301112631283221 0.023197325243502532 0.007301112631283219 0.011285615844207451 0.00730111263128322 0.04522746476747967 0.007301112631283219 0.07963117083416146 0.007301112631283224 0.007301112631283221 0.007301112631283223 0.007301112631283221 0.007301112631283178 0.6907475774497348 0.007301112631283221 0.007301112631283232 0.007301112631283221 
0.010902658882301677 0.005687790013591023 0.532618382138817 0.005687790013591016 0.0056877900135910205 0.0056877900135910205 0.005687790013591084 0.005687790013591029 0.015062363413145851 0.005687790013591009 0.3247847765575406 0.005687790013591019 0.0056877900135910275 0.031314968804339205 0.005687790013591039 0.00568779001359102 0.005687790013591019 0.005687790013591021 0.005687790013591046 0.0056877900135910275 
0.029770857486618497 0.029770857486618497 0.02977085748661846 0.029770857486618497 0.12755672981898453 0.029770857486618497 0.029770857486618684 0.029770857486618493 0.0936059766933208 0.029770857486618497 0.27273271621517636 0.029770857486618493 0.029770857486618497 0.029770857486618545 0.029770857486618504 0.029770857486618504 0.029770857486618504 0.029770857486618497 0.029770857486618514 0.029770857486618493 
0.017041673755992758 0.008789727383770495 0.21056560818663161 0.008789727383770481 0.008789727383770367 0.008789727383770485 0.2337417259985635 0.008789727383770471 0.05299186900580017 0.008789727383770487 0.3538132122963326 0.008789727383770474 0.00878972738377049 0.00878972738377048 0.008789727383770485 0.008789727383770481 0.008789727383770493 0.008789727383770478 0.00878972738377049 0.00878972738377049 
0.023473020652660534 0.010411172308792578 0.04496423589509292 0.010411172308792587 0.010411172308792578 0.010411172308792592 0.23296175004542238 0.010411172308792585 0.010411172308792701 0.010411172308792564 0.48997775096197155 0.010411172308792566 0.010411172308792589 0.052455657812963755 0.010411172308792583 0.010411172308792587 0.010411172308792592 0.010411172308792585 0.010411172308792578 0.010411172308792582 
0.030944447509002992 0.015211415579187655 0.03776760492883323 0.015211415579187655 0.08782347359679375 0.015211415579187655 0.2088250454072591 0.015211415579187655 0.01521141557918777 0.015211415579187664 0.4064681948703018 0.015211415579187653 0.015211415579187655 0.015211415579187655 0.015211415579187653 0.015211415579187655 0.015211415579187653 0.015211415579187655 0.01521141557918761 0.015211415579187655 
0.04347362239842451 0.01195033626852377 0.08485851456536216 0.01195033626852377 0.21979661952250784 0.01195033626852377 0.05351174526824423 0.01195033626852377 0.023135708181587892 0.011950336268523773 0.39494643267871016 0.01195033626852377 0.011950336268523773 0.024922985894331773 0.01195033626852377 0.011950336268523768 0.011950336268523789 0.01195033626852377 0.011950336268523761 0.01195033626852377 
0.018382386476916243 0.01838238647691616 0.04330817321243432 0.018382386476916156 0.018382386476916084 0.018382386476916146 0.05876694502035645 0.018382386476916156 0.37857810481382237 0.01838238647691615 0.14119842278515204 0.01838238647691616 0.01838238647691617 0.01838238647691616 0.01838238647691616 0.10241255701450931 0.018382386476916136 0.01838238647691616 0.01838238647691615 0.018382386476916136 
0.03217509230753344 0.007285761202998062 0.01516600931575324 0.007285761202998053 0.10767023437080735 0.00728576120299803 0.3125986302661804 0.0072857612029980515 0.023596947527791862 0.0072857612029980584 0.40679242936991866 0.007285761202998066 0.007285761202998054 0.007285761202998054 0.007285761202998067 0.0072857612029980584 0.0072857612029980715 0.007285761202998064 0.0072857612029980645 0.0072857612029980515 
0.011706862385181566 0.011706862385181574 0.2489258825770725 0.011706862385181574 0.01170686238518158 0.01170686238518157 0.036305355769938895 0.011706862385181573 0.033919651507912416 0.011706862385181503 0.49353931198217726 0.011706862385181566 0.011706862385181573 0.011706862385181576 0.01170686238518158 0.011706862385181576 0.011706862385181628 0.011706862385181585 0.011706862385181576 0.011706862385181574 
0.01846288546890446 0.018462885468904462 0.018462885468904507 0.018462885468904462 0.3647163129893109 0.01846288546890446 0.2107952777669176 0.01846288546890446 0.05338131821775121 0.018462885468904476 0.054023050630427887 0.018462885468904462 0.01846288546890446 0.04014075836202479 0.018462885468904462 0.018462885468904462 0.018462885468904466 0.018462885468904462 0.018462885468904466 0.018462885468904462 
0.050152101132390096 0.024478583697326948 0.18570845607084546 0.02447858369732695 0.04580484978552932 0.024478583697326944 0.1890429041542992 0.024478583697326944 0.052651199794633737 0.024478583697326944 0.13394031729972722 0.024478583697326948 0.024478583697326944 0.024478583697326948 0.024478583697326948 0.024478583697326948 0.024478583697326962 0.024478583697326944 0.024478583697326944 0.024478583697326948 
0.3072195439621816 0.013325654468208017 0.025412181423359135 0.01332565446820803 0.26673937217233207 0.01332565446820801 0.13588983529948384 0.01332565446820801 0.037067140684272276 0.013325654468208022 0.041112763903465986 0.013325654468208012 0.013325654468208015 0.013325654468207953 0.01332565446820801 0.013325654468208006 0.013325654468208003 0.01332565446820801 0.013325654468208017 0.013325654468208006 
0.07647737645447295 0.009162473942162082 0.00916247394216207 0.00916247394216208 0.0168809930320064 0.009162473942162084 0.054658218696286516 0.00916247394216208 0.032981597665611685 0.009162473942162075 0.5837416841695147 0.009162473942162075 0.009162473942162082 0.020320975883271024 0.009162473942162073 0.009162473942162092 0.009162473942162085 0.009162473942162082 0.09582699285072808 0.009162473942162084 
0.018550897951968234 0.018550897951968248 0.03577669242127614 0.018550897951968258 0.23033824389778296 0.01855089795196825 0.13024151303861073 0.018550897951968254 0.08188893158122772 0.01855089795196825 0.11784662481996537 0.018550897951968248 0.01855089795196826 0.12322859717088756 0.018550897951968258 0.03951772369465475 0.01855089795196826 0.018550897951968254 0.01855089795196824 0.01855089795196825 
0.036900015110573205 0.012935471777455985 0.07044675686256402 0.012935471777455992 0.028314683164227465 0.012935471777455989 0.012935471777456057 0.012935471777455987 0.5787073285924593 0.012935471777455985 0.03822474374272722 0.012935471777455992 0.01293547177745598 0.056658010182014065 0.012935471777455985 0.022587329238509757 0.012935471777456008 0.012935471777455992 0.012935471777455989 0.012935471777455992 
0.016781709005329968 0.007653400434240717 0.06151345698485264 0.007653400434240716 0.025270149020950667 0.007653400434240706 0.04275279906748683 0.007653400434240723 0.5539014337283779 0.007653400434240709 0.007653400434240951 0.007653400434240717 0.007653400434240738 0.1926328461136372 0.007653400434240723 0.007653400434240716 0.007653400434240706 0.007653400434240717 0.007653400434240716 0.007653400434240738 
0.004741374272833946 0.004741374272833911 0.1331469491961638 0.004741374272833912 0.237398555572038 0.004741374272833934 0.22201338441993546 0.004741374272833938 0.06967706439584151 0.0047413742728339365 0.09719366696420363 0.004741374272833927 0.004741374272833908 0.1636797738051518 0.004741374272833951 0.0047413742728339425 0.004741374272833944 0.00474137427283394 0.015252740099836624 0.004741374272833946 
0.016387364370303463 0.01638736437030346 0.27987585574828033 0.01638736437030346 0.2163562260101308 0.01638736437030346 0.04250878288845309 0.01638736437030346 0.11909566530435105 0.016387364370303463 0.07783729413678028 0.01638736437030346 0.01638736437030345 0.03490307472776019 0.01638736437030346 0.016387364370303456 0.01638736437030348 0.016387364370303456 0.01638736437030342 0.01638736437030346 
0.0200274663719421 0.0200274663719421 0.08144695189048115 0.020027466371942103 0.49689512658237617 0.0200274663719421 0.02002746637194246 0.02002746637194209 0.020027466371942124 0.0200274663719421 0.020027466371940566 0.0200274663719421 0.0200274663719421 0.0811909932041215 0.0200274663719421 0.0200274663719421 0.0200274663719421 0.0200274663719421 0.020027466371942096 0.020027466371942106 
0.034348529548108284 0.016798987247528367 0.08162092371473212 0.016798987247528374 0.18709422302980333 0.016798987247528367 0.05327739835117623 0.016798987247528367 0.016798987247528322 0.016798987247528367 0.3506294650214921 0.016798987247528367 0.016798987247528367 0.016798987247528395 0.016798987247528367 0.037924620839720084 0.036718005277100806 0.01679898724752836 0.016798987247528357 0.01679898724752837 
0.14437495660447866 0.01118999200738152 0.011189992007381511 0.011189992007381515 0.025371587921972152 0.011189992007381522 0.011189992007381546 0.011189992007381511 0.41909017202605403 0.01118999200738152 0.196893125403259 0.011189992007381515 0.011189992007381515 0.020396719902775973 0.011189992007381522 0.03721355003809197 0.011189992007381524 0.011189992007381515 0.011189992007381551 0.011189992007381506 
0.2524385679760771 0.01636914940527514 0.03577849696462968 0.01636914940527514 0.28200837838569476 0.01636914940527514 0.09969138983978829 0.01636914940527514 0.03310296908597563 0.01636914940527514 0.03577849696462974 0.01636914940527515 0.016369149405275132 0.032986131299752856 0.016369149405275136 0.016369149405275136 0.03178577662014491 0.016369149405275146 0.01636914940527514 0.01636914940527514 
0.030552935224462542 0.009734399892676932 0.0346720613567644 0.009734399892676934 0.08247185039485136 0.009734399892676937 0.5673834888586673 0.009734399892676935 0.07040215627959952 0.009734399892676973 0.0662037815867223 0.009734399892676937 0.009734399892676956 0.009734399892676925 0.009734399892676939 0.021766527694145027 0.009734399892676871 0.009734399892676935 0.009734399892676913 0.009734399892676935 
1.9787419306248715E-4 9.406819587924274E-5 9.696396722496588E-4 9.406819587924274E-5 9.40681958792426E-5 9.406819587924274E-5 5.352576201085857E-4 0.9963615774080664 2.221325287262095E-4 9.40681958792427E-5 3.0921499594867296E-4 9.406819587924274E-5 9.406819587924274E-5 1.814170354076595E-4 9.406819587940195E-5 9.406819587924267E-5 9.406819587924274E-5 9.406819587924274E-5 9.406819587924267E-5 9.406819587924274E-5 
0.025281071948624955 0.008494190011182444 0.14000514653082177 0.008494190011182443 0.008494190011182462 0.008494190011182436 0.02894232231310766 0.008494190011182463 0.008494190011182432 0.008494190011182432 0.6177621378481035 0.0084941900111825 0.008494190011182455 0.02461342553157289 0.008494190011182434 0.044477235671230644 0.008494190011182434 0.008494190011182443 0.00849419001118244 0.008494190011182443 
0.013371497113734216 0.013371497113734233 0.06889992566484437 0.013371497113734242 0.023910936740417155 0.013371497113734233 0.2518731856173535 0.013371497113734287 0.4413719981576336 0.013371497113734235 0.01337149711373343 0.013371497113734242 0.01337149711373421 0.01337149711373424 0.013371497113734218 0.013371497113734237 0.013371497113734237 0.013371497113734237 0.013371497113734242 0.013371497113734228 
0.038046737581632385 0.013272784471217595 0.01327278447121743 0.013272784471217604 0.013272784471217571 0.013272784471217595 0.055066213988798254 0.013272784471217595 0.6476623698674843 0.013272784471217595 0.035481146616333406 0.013272784471217595 0.013272784471217585 0.02465176487751732 0.013272784471217595 0.013272784471217604 0.013272784471217599 0.013272784471217597 0.013272784471217595 0.013272784471217604 
0.015468577281855533 0.01546857728185551 0.4552074928078556 0.015468577281855508 0.04504193146879937 0.015468577281855519 0.07240264386375264 0.015468577281855508 0.10730957596662431 0.015468577281855503 0.015468577281855137 0.015468577281855508 0.015468577281855503 0.05133052360877217 0.015468577281855515 0.03371906742488023 0.03389726019522354 0.015468577281855505 0.01546857728185553 0.015468577281855503 
0.0056524925220736615 0.005652492522073885 0.017302496200953723 0.0056524925220738905 0.01143091070795778 0.005652492522073871 0.0194736124467613 0.0056524925220738965 0.4799190028326181 0.0056524925220738705 0.03160925015586191 0.005652492522073893 0.005652492522073891 0.09233030062162266 0.005652492522073887 0.005652492522073891 0.27445202424723875 0.00565249252207389 0.005652492522073892 0.005652492522073891 
0.10343453591111554 0.015654073375654536 0.10993537723191449 0.015654073375654522 0.04644380086278729 0.015654073375654533 0.15033019247553567 0.015654073375654533 0.3381549443628238 0.015654073375654536 0.03254412189664552 0.015654073375654533 0.015654073375654463 0.015654073375654522 0.015654073375654533 0.015654073375654536 0.01565407337565452 0.015654073375654526 0.015654073375654536 0.01565407337565453 
0.05062715353958863 0.015328864930726395 0.015328864930726419 0.015328864930726395 0.45559035622331373 0.015328864930726396 0.21382363444386784 0.0153288649307264 0.015328864930726443 0.015328864930726395 0.03469701690160827 0.015328864930726415 0.015328864930726395 0.015328864930726395 0.015328864930726395 0.015328864930726395 0.015328864930726395 0.015328864930726367 0.0153288649307264 0.0153288649307264 
0.01451128466614171 0.014511284666141731 0.014511284666142142 0.01451128466614173 0.1334653241990688 0.014511284666141724 0.4421174905126551 0.014511284666141652 0.04575689640988387 0.014511284666141702 0.12034213274731795 0.014511284666141724 0.01451128466614171 0.04064888613894934 0.014511284666141721 0.014511284666141724 0.014511284666141726 0.014511284666141724 0.014511284666141726 0.014511284666141726 
0.016060040705211474 0.016060040705211446 0.045440469506272244 0.016060040705211446 0.15312125967574045 0.016060040705211446 0.03495698839042142 0.016060040705211442 0.11224017100007483 0.016060040705211446 0.04981398833188455 0.01606004070521145 0.016060040705211446 0.37958655322264934 0.016060040705211446 0.016060040705211446 0.016060040705211432 0.016060040705211446 0.01606004070521147 0.016060040705211446 
0.02515813885401533 0.013460213098459945 0.14913487571039422 0.013460213098459945 0.07547335409908558 0.013460213098459945 0.07614029607607362 0.013460213098459945 0.021001044755616403 0.013460213098459937 0.3554412821167042 0.013460213098459945 0.013460213098459945 0.10961413130601996 0.013460213098459945 0.026514319900592477 0.013460213098459937 0.013460213098459945 0.013460213098459945 0.013460213098459945 
0.15717885569716672 0.011218401923417316 0.34901044265064496 0.011218401923417285 0.12493999960543696 0.011218401923417299 0.02453945149319409 0.011218401923417318 0.152655411206358 0.011218401923417312 0.03461821241935189 0.011218401923417309 0.011218401923417312 0.011218401923417312 0.011218401923417312 0.011218401923417302 0.01121840192341731 0.011218401923417321 0.011218401923417335 0.011218401923417328 
0.011232716571467061 0.011232716571467072 0.05001033166345045 0.011232716571467068 0.3753319019250108 0.011232716571467068 0.011232716571466626 0.011232716571467065 0.025929898272138555 0.011232716571467068 0.30002954285533606 0.011232716571467056 0.011232716571467068 0.011232716571467082 0.011232716571467077 0.08020757671203459 0.011232716571467067 0.011232716571467063 0.01123271657146705 0.011232716571467056 
0.013863082354979513 0.013863082354979525 0.030528287172519295 0.01386308235497952 0.07301921852558745 0.013863082354979524 0.21203778933527626 0.01386308235497952 0.41259807503675316 0.013863082354979519 0.013863082354979172 0.01386308235497951 0.013863082354979513 0.013863082354979515 0.013863082354979527 0.04879946703705437 0.02893400992309567 0.013863082354979498 0.013863082354979524 0.013863082354979536 
0.018828435578514324 0.009494031985528792 0.07742333633444724 0.009494031985528787 0.04717815938613017 0.009494031985528782 0.020531659416191134 0.009494031985528787 0.041825977303017486 0.009494031985528794 0.6340829883424364 0.009494031985528792 0.009494031985528787 0.0270228147955978 0.009494031985528794 0.019178245017320742 0.009494031985528333 0.009494031985528782 0.009494031985528806 0.009494031985528792 
0.005771375451667694 0.0057713754516676916 0.018034127529199837 0.005771375451667685 0.005771375451667713 0.005771375451667694 0.8354006269056365 0.0057713754516676916 0.005771375451667685 0.005771375451667696 0.011932073293284598 0.0057713754516676916 0.005771375451667689 0.010923388575582858 0.0057713754516676916 0.01798483446458758 0.012462609786622286 0.005771375451667691 0.018234458573405766 0.005771375451667694 
0.6308378066048189 0.005657698705527172 0.1686961496723288 0.0056576987055272 0.023059342855384076 0.0056576987055272044 0.023619995914596733 0.0056576987055272 0.03910818313154339 0.0056576987055271975 0.01230058633067985 0.005657698705527194 0.0056576987055271645 0.022711694040544798 0.005657698705527198 0.005657698705527198 0.0056576987055272 0.011773856983776173 0.005657698705527199 0.00565769870552719 
0.011310387221757283 0.01131038722175728 0.02176907105819459 0.01131038722175727 0.14913755051644761 0.011310387221757277 0.011310387221757492 0.01131038722175727 0.6368167956554609 0.01131038722175727 0.011310387221757147 0.011310387221757277 0.011310387221757296 0.011310387221757283 0.011310387221757277 0.011310387221757283 0.011310387221757277 0.01131038722175728 0.011310387221757293 0.011310387221757279 
0.010464669352053497 0.010464669352053528 0.1133390829509531 0.010464669352053532 0.29384823107418845 0.010464669352053535 0.29068076075767296 0.010464669352053521 0.09835807743854595 0.010464669352053505 0.03439556321343251 0.010464669352053542 0.01046466935205352 0.022872913636406856 0.01046466935205353 0.010464669352053532 0.01046466935205353 0.010464669352053532 0.010464669352053544 0.010464669352053535 
0.005522712840188872 0.0018317814110305577 0.0018317814110305525 0.001831781411030551 0.004172435609362484 0.0018317814110305538 0.4861436828093838 0.0018317814110305974 0.0018317814110305674 0.001831781411030557 0.0018317814110304803 0.0018317814110305557 0.0018317814110305557 0.0018317814110305596 0.0018317814110305557 0.0018317814110305557 0.474852666164576 0.0018317814110305557 0.0018317814110305557 0.0018317814110305603 
0.018170239875475315 0.009124897907311611 0.009124897907311514 0.009124897907311589 0.0858075986970054 0.009124897907311316 0.06069799316277867 0.009124897907311623 0.02170943323079895 0.009124897907311594 0.6767412664242872 0.00912489790731161 0.00912489790731161 0.009124897907311547 0.009124897907311604 0.009124897907311606 0.009124897907311585 0.00912489790731161 0.009124897907311611 0.009124897907311608 
0.0638524147163016 0.0053751020099139304 0.03717435377487376 0.005375102009913938 0.10477772988466731 0.00537510200991394 0.22964950401559525 0.005375102009913932 0.05628627183237563 0.005375102009913929 0.4245124533865151 0.005375102009913938 0.005375102009913921 0.010390697454519614 0.005375102009913935 0.00885535081627718 0.005375102009913936 0.0053751020099139435 0.005375102009913937 0.005375102009913922 
0.01798160168225395 0.008879566842429921 0.09707877015681532 0.008879566842429932 0.1265359832919544 0.008879566842429926 0.5986881202825062 0.008879566842429892 0.017634145432796983 0.008879566842429926 0.01776744335992364 0.008879566842429926 0.00887956684242993 0.008879566842429932 0.008879566842429925 0.008879566842429907 0.008879566842429932 0.008879566842429926 0.008879566842429907 0.008879566842429926 
0.019432735240458927 0.01943273524045893 0.3940595571334242 0.019432735240458923 0.21243584788983105 0.01943273524045893 0.03967127963771344 0.019432735240458927 0.019432735240458906 0.019432735240458934 0.019432735240459645 0.019432735240458934 0.01943273524045893 0.04290955149168983 0.019432735240458947 0.019432735240458975 0.019432735240458927 0.019432735240458927 0.019432735240458937 0.019432735240458927 
0.008085821835072917 0.00417124963215208 0.3625388408098403 0.004171249632152073 0.2595636813902601 0.0041712496321520635 0.004171249632148951 0.004171249632152076 0.007088877742400196 0.004171249632152079 0.25983294829445264 0.004171249632152072 0.004171249632152081 0.0276848714182492 0.004171249632152071 0.012763870006577029 0.004171249632152074 0.004171249632152073 0.012386092917287919 0.004171249632152059 
0.01190538372745675 0.01190538372745657 0.11316919937841383 0.011905383727456555 0.323073168170445 0.011905383727456566 0.025106269850425602 0.011905383727456571 0.34179003560440424 0.01190538372745659 0.01190538372745667 0.011905383727456566 0.011905383727456567 0.018280571084464046 0.011905383727456564 0.011905383727456564 0.01190538372745657 0.011905383727456566 0.011905383727456583 0.011905383727456567 
0.011154959614245548 0.001651218035359552 0.0418678853577298 0.0016512180353595713 0.027933230641325756 0.0016512180353595596 0.0036119213021611083 0.0016512180353595533 0.013277714101314451 0.001651218035359575 0.012503495386802907 0.0016512180353595528 0.0016512180353595526 0.001651218035359555 0.001651218035359552 0.001651218035359545 0.8681849591367429 0.0016512180353595559 0.0016512180353595533 0.0016512180353595513 
0.013046647066854999 0.013046647066854997 0.1983398789004289 0.013046647066854976 0.24826788803996558 0.013046647066854999 0.17740920417630235 0.013046647066855002 0.1374010922408653 0.013046647066855002 0.042882230639597986 0.013046647066854997 0.013046647066854997 0.013046647066854992 0.013046647066854997 0.013046647066854999 0.013046647066855002 0.013046647066854997 0.013046647066855016 0.013046647066854997 
0.017589049147568675 0.017589049147568692 0.04693636724595349 0.017589049147568685 0.5577754580434584 0.01758904914756869 0.0175890491475686 0.017589049147568685 0.09627433920188892 0.01758904914756869 0.01758904914756422 0.017589049147568682 0.017589049147568696 0.017589049147568626 0.01758904914756869 0.01758904914756869 0.01758904914756869 0.017589049147568685 0.017589049147568685 0.017589049147568682 
0.02589860245367913 0.005315191834475049 0.029724165997792432 0.0053151918344750545 0.2052950895860779 0.005315191834475049 0.005315191834475026 0.005315191834475049 0.005315191834475086 0.005315191834475051 0.07340002106723718 0.00531519183447505 0.005315191834475051 0.01700299351446684 0.005315191834475053 0.01038831263797751 0.5691933208945896 0.0053151918344750415 0.005315191834475043 0.005315191834475048 
0.012511661765980512 0.0125116617659805 0.03945569196628313 0.012511661765980519 0.3873597935299269 0.0125116617659805 0.012511661765979575 0.012511661765980505 0.14288703744309034 0.012511661765980496 0.2301108888049921 0.0125116617659805 0.012511661765980496 0.012511661765980498 0.012511661765980498 0.0125116617659805 0.012511661765980524 0.012511661765980491 0.012511661765980515 0.012511661765980503 
0.10108068291599753 0.011913588915693288 0.1687073737907609 0.011913588915693291 0.3956697015487509 0.011913588915693291 0.05884345534890103 0.011913588915693293 0.05943536145920635 0.011913588915693288 0.02629015774048371 0.011913588915693288 0.01191358891569327 0.035096611291921744 0.011913588915693291 0.0119135889156933 0.011913588915693274 0.01191358891569329 0.01191358891569329 0.011913588915693288 
0.007713614209385787 0.007713614209385776 0.09970601070605913 0.0077136142093857645 0.6254378034671022 0.007713614209385774 0.1141127222782754 0.007713614209385773 0.022905955996434753 0.00771361420938578 0.014923288695691084 0.007713614209385771 0.007713614209385792 0.0077136142093857715 0.007713614209385783 0.014923619925029889 0.007713614209385773 0.007713614209385776 0.007713614209385771 0.0077136142093857715 
0.06760207490298797 0.01656579373296182 0.08989424193556832 0.016565793732961825 0.12515228845410342 0.016565793732961815 0.051731060951341806 0.016565793732961815 0.40453039715220523 0.016565793732961815 0.01656579373296163 0.016565793732961815 0.016565793732961815 0.016565793732961825 0.016565793732961815 0.01656579373296182 0.016565793732961815 0.016565793732961808 0.02916882434229914 0.01656579373296181 
0.38507822920415524 0.010799188339911198 0.021483171702554787 0.010799188339911222 0.19371249162588444 0.010799188339911189 0.010799188339910263 0.010799188339911189 0.20533518342374077 0.010799188339911203 0.010799188339911421 0.01079918833991124 0.01079918833991122 0.0223753041039962 0.010799188339911194 0.010799188339911189 0.010799188339911194 0.010799188339911215 0.020826983180911286 0.010799188339911177 
0.0267628619103595 0.014103793224511373 0.02877543978152788 0.014103793224511373 0.13876092359575795 0.01410379322451137 0.11989609007002683 0.014103793224511375 0.014103793224511602 0.014103793224511354 0.014103793224510879 0.01410379322451135 0.014103793224511376 0.43740995147507866 0.01410379322451138 0.014103793224511385 0.014103793224511373 0.014103793224511375 0.0509416280240778 0.014103793224511373 
0.004247840990603119 0.004247840990603123 0.24197123730804782 0.004247840990603115 0.13192507021972796 0.004247840990603119 0.5210480764624985 0.004247840990603141 0.008590314958501433 0.004247840990603093 0.019964079789995086 0.004247840990603117 0.004247840990603109 0.01703144739271279 0.004247840990603107 0.004247840990603115 0.004247840990603065 0.004247840990603121 0.004247840990603148 0.004247840990603132 
0.014874759558031853 0.0068921161949626235 0.04356234340298123 0.006892116194962588 0.41775539564384073 0.006892116194962632 0.04007174567259348 0.006892116194962634 0.0068921161949622054 0.006892116194962642 0.3803540127980927 0.00689211619496263 0.0068921161949626365 0.006892116194962765 0.006892116194962627 0.006892116194962625 0.006892116194962625 0.006892116194962625 0.0068921161949626174 0.006892116194962627 
0.013130935492543284 0.006369895366188513 0.1540245693176844 0.006369895366188517 0.012866497489742928 0.006369895366188506 0.6920340632032032 0.006369895366188516 0.01310713345114539 0.006369895366188517 0.0063698953661885166 0.006369895366188511 0.006369895366188543 0.018525638688099328 0.006369895366188519 0.006369895366188519 0.006369895366188474 0.006369895366188515 0.013502522597124944 0.006369895366188501 
0.01309375643898374 0.01309375643898371 0.013093756438983275 0.01309375643898371 0.5601830901963741 0.013093756438983726 0.013093756438983388 0.01309375643898371 0.026003205945063158 0.013093756438983679 0.1169392431095233 0.013093756438983712 0.01309375643898371 0.08737435772526941 0.01309375643898371 0.013093756438983691 0.013093756438983715 0.013093756438983715 0.013093756438983712 0.013093756438983705 
0.005295166056196137 0.005295166056196078 0.15479691464573345 0.005295166056196081 0.03813122964612055 0.005295166056196078 0.42312730330498577 0.005295166056196078 0.005295166056196094 0.005295166056196133 0.2889403986828766 0.005295166056196079 0.005295166056196079 0.009973304788903336 0.005295166056196088 0.01089852414466147 0.005295166056196077 0.00529516605619608 0.005295166056196084 0.005295166056196076 
0.1250811376543439 0.017225145601170676 0.14455359329127931 0.017225145601170676 0.23283064449744395 0.017225145601170687 0.017225145601172043 0.017225145601170676 0.03479159086531406 0.017225145601170673 0.10964603968350804 0.01722514560117069 0.017225145601170666 0.07034711933058947 0.017225145601170666 0.01722514560117069 0.017225145601170867 0.017225145601170676 0.058822981862309894 0.017225145601170676 
0.0546341682744134 0.0105034385470445 0.37100583192253156 0.010503438547044521 0.04981310342100906 0.010503438547044514 0.010503438547044053 0.010503438547044525 0.0850802325859434 0.010503438547044523 0.2620611492107258 0.010503438547044516 0.01050343854704454 0.020929232008515375 0.01050343854704452 0.01050343854704452 0.019931581465278906 0.010503438547044521 0.010503438547044514 0.01050343854704453 
0.004571126851561216 0.00457112685156092 0.3375226716720005 0.004571126851560915 0.004571126851560934 0.004571126851560913 0.03719082253588212 0.00457112685156091 0.03290161939476513 0.004571126851560912 0.027630723900503137 0.004571126851560906 0.004571126851560915 0.004571126851560927 0.004571126851560911 0.0045711268515609155 0.49151845193552945 0.004571126851560902 0.009239934639461132 0.00457112685156116 
0.01247678557866048 0.012476785578660488 0.03555610846663075 0.012476785578660488 0.08838780122771832 0.012476785578660488 0.5688739326915483 0.012476785578660528 0.06710057551684215 0.012476785578660488 0.012476785578659399 0.012476785578660476 0.012476785578660488 0.027671615815245045 0.012476785578660485 0.025936438669130056 0.02427531509031241 0.012476785578660488 0.012476785578660478 0.012476785578660488 
0.08514604263926297 0.011185624318608004 0.021072993851426632 0.011185624318608006 0.011185624318607968 0.011185624318607994 0.04852571462609174 0.011185624318608 0.6548125718253826 0.011185624318608006 0.011185624318607342 0.011185624318608004 0.011185624318608003 0.011185624318607958 0.011185624318608013 0.011185624318608013 0.022658312278689478 0.011185624318608004 0.011185624318607949 0.011185624318608004 
0.015302623269447738 0.015302623269447724 0.20869542923923654 0.01530262326944773 0.407250631701186 0.015302623269447733 0.07120343512956877 0.01530262326944773 0.029284377503168313 0.015302623269447733 0.03281810119094334 0.015302623269447733 0.015302623269447709 0.036511299463612236 0.015302623269447724 0.01530262326944773 0.015302623269447724 0.015302623269447714 0.015302623269447794 0.015302623269447736 
0.010752883188432661 0.010752883188432667 0.04478137706350417 0.010752883188432677 0.6082884323473772 0.010752883188432658 0.07018525555254765 0.010752883188432703 0.04530034264720324 0.010752883188432684 0.02328759881082942 0.010752883188432661 0.010752883188432663 0.010752883188432661 0.010752883188432661 0.05761662894048515 0.010752883188432663 0.010752883188432663 0.010752883188432689 0.010752883188432665 
0.00795566913219794 0.007955669132197942 0.7692850296521795 0.007955669132197942 0.00795566913219793 0.007955669132197947 0.06423134701095833 0.007955669132197942 0.01229738947251708 0.007955669132197953 0.013902410612139794 0.007955669132197944 0.007955669132197923 0.014191959153150415 0.0147124962482457 0.007955669132197947 0.00795566913219795 0.007955669132197947 0.007955669132197954 0.007955669132197949 
0.011511855311798547 0.004006049573347857 0.7506005195680593 0.004006049573347864 0.08605369327280273 0.004006049573347854 0.01780249703290541 0.004006049573347857 0.06407022024414315 0.004006049573347861 0.004006049573347711 0.004006049573347866 0.004006049573347853 0.01387652054341925 0.004006049573347863 0.004006049573347866 0.004006049573347859 0.004006049573347867 0.004006049573347844 0.004006049573347897 
0.006693488744863066 0.006693488744863085 0.3489338588606842 0.006693488744863084 0.051488646977329536 0.006693488744863082 0.029976499298966383 0.006693488744863092 0.08961768947991489 0.006693488744863096 0.3086113336261433 0.006693488744863097 0.006693488744863101 0.006693488744863063 0.006693488744863089 0.046420614806269946 0.032521175263457866 0.006693488744863093 0.012108316748786145 0.006693488744863069 
0.003922927929707763 0.003922927929707947 0.1723227004164565 0.003922927929707955 0.17609697679668343 0.003922927929707964 0.01244223660963474 0.003922927929707967 0.007823028345541501 0.003922927929707859 0.5655817735734994 0.003922927929707957 0.003922927929707948 0.0069980327253485845 0.003922927929707953 0.0039229279297079605 0.003922927929707952 0.003922927929707945 0.007737188446653095 0.0039229279297079535 
