0.008806204567075652 0.012733082266549107 0.008806204567075671 0.012589277451160808 0.012524413365360743 0.008806204567075652 0.03112259154587765 0.008806204567075667 0.008806204567075667 0.00880620456707566 0.008806204567075664 0.008806204567075664 0.008806204567075673 0.008806204567075674 0.7838342318867281 0.008806204567075657 0.013028595348255258 0.008806204567075662 0.008806204567075671 0.01968714876407784 
0.005834116817960226 0.005834116817960064 0.005834116817960069 0.036098058806955616 0.0058341168179600715 0.005834116817960078 0.14574778688013043 0.005834116817960027 0.005834116817960062 0.005834116817960132 0.005834116817960061 0.005834116817960054 0.005834116817960102 0.005834116817960049 0.4053683633106249 0.06241747736201862 0.005834116817960057 0.005834116817960093 0.0058341168179600125 0.26285656137087254 
0.019452998115183442 0.019452998115183574 0.019452998115183456 0.036873891149961036 0.019452998115183463 0.05825039950066186 0.019452998115183414 0.019452998115183463 0.019452998115183452 0.029248593474728978 0.019452998115183463 0.019452998115183463 0.4523684163049314 0.01945299811518347 0.05241796360544938 0.028425449277479316 0.019452998115183463 0.01945299811518346 0.019452998115183463 0.08952631118940188 
0.3407611631338262 0.013793763104533587 0.007739044876492179 0.030349475581524447 0.007739044876492189 0.020800587990898654 0.12296220128422877 0.007739044876492198 0.007739044876492183 0.011931241467174454 0.007739044876492181 0.007739044876492181 0.012143065980878805 0.007739044876492176 0.02918742183896185 0.10061937829078785 0.007739044876492183 0.007739044876492186 0.007739044876492184 0.2400612525622533 
0.01240683661485241 0.012406836614852496 0.012406836614852472 0.07558064015393129 0.019579359556217996 0.012406836614852548 0.01240683661484999 0.012406836614852491 0.012406836614852474 0.012406836614852515 0.012406836614852472 0.012406836614852484 0.012406836614852484 0.012406836614852475 0.5137551444951926 0.01240683661485244 0.012406836614852482 0.012406836614852488 0.01240683661485247 0.1925754699570442 
0.022627158714866043 0.022627158714866036 0.022627158714866015 0.07548629892274496 0.022627158714866015 0.1882843429246149 0.035489990157149154 0.022627158714866008 0.02262715871486601 0.022627158714866005 0.022627158714866008 0.02262715871486601 0.022627158714866043 0.022627158714865994 0.21796550404110795 0.06334550283352293 0.02262715871486601 0.02262715871486602 0.022627158714866015 0.10264813911273889 
0.920340484430382 0.0011196650754482858 0.0011196650754482843 0.014225754113178226 0.0011196650754482838 0.0022065608948443178 0.00657896771873687 0.0016864448893740397 0.0011196650754482843 0.0011196650754482873 0.0011196650754482815 0.0011196650754482845 0.0011196650754480566 0.0011196650754482895 0.004765136474081561 0.02993445310645727 0.0011196650754482856 0.0011196650754482825 0.0011196650754482854 0.006826217467564058 
0.01948891983704207 0.01948891983703951 0.01948891983703945 0.029718882617396893 0.019488919837039476 0.019488919837039455 0.029572782976202854 0.01948891983703947 0.019488919837039476 0.01948891983703946 0.01948891983703948 0.019488919837039483 0.019488919837039466 0.019488919837039483 0.11274082957723272 0.5161447874365082 0.019488919837039455 0.019488919837039476 0.019488919837039494 0.019488919837039504 
0.0394526233400851 0.026640259173290295 0.0266402591732903 0.06369142596823864 0.02664025917329029 0.03789881132503487 0.3554209532791305 0.026640259173290295 0.02664025917329029 0.0266402591732903 0.02664025917329029 0.02664025917329028 0.026640259173290288 0.02664025917329029 0.026640259173290305 0.10393229848815397 0.026640259173290288 0.02664025917329029 0.02664025917329029 0.02664025917329046 
0.013405993489789906 0.013405993489789953 0.01340599348978992 0.013405993489789998 0.013405993489789957 0.01340599348978994 0.013405993489789535 0.01340599348978996 0.013405993489789958 0.01340599348976554 0.013405993489789958 0.013405993489789953 0.013405993489789948 0.013405993489789944 0.01340599348978994 0.06079965516069745 0.013405993489789953 0.013405993489789948 0.013405993489789953 0.6978924620230483 
0.007232692744461656 0.134476550122763 0.007232692744461673 0.013555866199159418 0.007232692744461653 0.011509295888211401 0.0257508674192624 0.007232692744461659 0.007232692744461659 0.011331223406696282 0.007232692744461664 0.007232692744461655 0.007232692744461658 0.013380509374621442 0.6894720457647878 0.013731328890900257 0.007232692744461651 0.007232692744461653 0.007232692744461664 0.007232692744463803 
0.014206677835409829 0.02317925479714883 0.009240928546681931 0.2752757909062014 0.009240928546681949 0.013734486925041776 0.020244659800273648 0.009240928546681949 0.009240928546681945 0.00924092854668203 0.009240928546681949 0.00924092854668196 0.009240928546681957 0.00924092854668196 0.10830716218281937 0.03438539093045131 0.00924092854668195 0.022175901782532214 0.009240928546681964 0.3868404608266054 
0.03313770504200886 0.033137705042008844 0.055081065395806664 0.17513964500335003 0.033137705042008844 0.033137705042008865 0.0331377050420089 0.03313770504200884 0.033137705042008844 0.033137705042008934 0.03313770504200884 0.03313770504200884 0.033137705042008844 0.03313770504200885 0.047095351580836525 0.08137685384894679 0.033137705042008844 0.033137705042008844 0.03313770504200886 0.144241508540936 
0.013876567246724253 0.013876567246722152 0.013876567246722192 0.013876567246722179 0.07077703036750824 0.013876567246722158 0.04108117082497637 0.013876567246722163 0.013876567246722168 0.01387656724672228 0.013876567246722161 0.013876567246722158 0.013876567246722166 0.013876567246722163 0.05280111144897723 0.2621418778578021 0.01387656724672217 0.013876567246722158 0.013876567246722156 0.3650503007998594 
0.04890882733197918 0.028796000294639607 0.02879600029463963 0.2922655638896097 0.028796000294639627 0.04254584869252866 0.028796000294639596 0.028796000294639617 0.028796000294639617 0.028796000294639523 0.02879600029463962 0.028796000294639627 0.028796000294639634 0.028796000294639627 0.028796000294639627 0.0792874447442524 0.028796000294639627 0.028796000294639627 0.028796000294639627 0.1050523109220552 
0.0224973056154406 0.0071766948034714855 0.01366834845215142 0.014525161904630463 0.014216887535553373 0.1479521920192915 0.20840441299550233 0.007176694803471495 0.007176694803471515 0.007176694803471473 0.007176694803471507 0.0071766948034715115 0.007176694803471502 0.007176694803471507 0.23137885241737793 0.10669806459208134 0.007176694803471488 0.010177924518664123 0.010203042626529896 0.15568755409153012 
0.012329186986661682 0.017991709443421915 0.012329186986656521 0.018702104673911084 0.012329186986656512 0.03262400309814699 0.09935604555431454 0.012329186986656525 0.012329186986656528 0.019084512486952202 0.012329186986656526 0.012329186986656512 0.012329186986656596 0.01232918698665653 0.01232918698665628 0.6341413095358536 0.01232918698665653 0.012329186986656521 0.012329186986656525 0.017820884380830366 
0.007783149532036151 0.007783149532036072 0.007783149532036057 0.017671634663911757 0.007783149532036064 0.007783149532036037 0.48456088479625514 0.007783149532036067 0.007783149532036076 0.007783149532036027 0.0077831495320360615 0.007783149532036055 0.00778314953203605 0.012215443271789394 0.3134458434323971 0.05535895085512075 0.007783149532036072 0.007783149532036057 0.007783149532036055 0.0077831495320360225 
0.006833470243764355 0.006833470243764402 0.006833470243764364 0.0794170999770354 0.006833470243764364 0.1137496698725875 0.01456851816588504 0.00683347024376437 0.006833470243764364 0.006833470243764198 0.0068334702437643615 0.012190639976701948 0.353554480043391 0.006833470243764368 0.04330788792749197 0.0068334702437644656 0.006833470243764365 0.00683347024376436 0.00683347024376436 0.2943765908679535 
0.00839115304740913 0.01177067188763346 0.005085013744325756 0.08447177754320953 0.005085013744325679 0.0050850137443257054 0.07096936311853823 0.005085013744325694 0.005085013744325684 0.17602827490419626 0.00773019878090247 0.005085013744325674 0.008159288749026966 0.008167560119140679 0.1954604415014909 0.005085013744325644 0.005085013744325674 0.005085013744325692 0.005085013744325683 0.3780011329051992 
0.005715642315732746 0.005715642315730204 0.00571564231573019 0.0057156423157303385 0.00571564231573018 0.005715642315730198 0.40358935666089857 0.005715642315730196 0.0057156423157301815 0.03381510202821587 0.005715642315730189 0.005715642315730181 0.0057156423157301685 0.005715642315730197 0.04777003658517181 0.20748635457833128 0.0057156423157302015 0.005715642315730186 0.005715642315730166 0.22160451541143036 
0.013244765088936156 0.013244765088935968 0.013244765088935963 0.021515877938579748 0.01324476508893596 0.06004383088883392 0.032578216504965396 0.013244765088935961 0.013244765088935968 0.024248059248415364 0.01324476508893596 0.013244765088935963 0.013244765088935967 0.013244765088936006 0.625655656543546 0.020095404263056907 0.013244765088935967 0.01324476508893597 0.013244765088935954 0.04368100845644361 
0.008222983482308004 0.005751934381512599 0.005751934381513043 0.005751934381512747 0.005751934381513027 0.005751934381513108 0.01128540423398184 0.00575193438151302 0.005751934381513025 0.02059731981496556 0.005751934381513028 0.005751934381513034 0.008459123277090402 0.014811503811148407 0.1874748276631469 0.023970761914191084 0.005751934381513045 0.005751934381512995 0.005751934381513018 0.6561548632250208 
0.008959486050062688 0.008959486050062724 0.00895948605006272 0.7547898091617466 0.008959486050062707 0.008959486050062734 0.008959486050062831 0.008959486050062719 0.00895948605006273 0.00895948605006252 0.008959486050062714 0.00895948605006273 0.008959486050062698 0.00895948605006258 0.016465558409998835 0.02305621835093983 0.008959486050062734 0.008959486050062707 0.008959486050062724 0.062336637276266316 
0.009225871417547212 0.019345666726904964 0.009225871417546891 0.09412302352281478 0.009225871417546891 0.013990330370299219 0.014520234050247277 0.009225871417546902 0.009225871417546907 0.009225871417546898 0.009225871417546886 0.009225871417546895 0.06341837544740168 0.009225871417546896 0.009225871417547025 0.35989242198181226 0.009225871417546893 0.0092258714175469 0.009225871417546902 0.3147736194723769 
0.009474464513495665 0.013482598445119079 0.009474464513495671 0.02865215157877619 0.009474464513495678 0.009474464513495682 0.009474464513494237 0.009474464513495671 0.009474464513495673 0.00947446451349562 0.009474464513495682 0.009474464513495671 0.017591819743990923 0.009474464513495682 0.235523537678083 0.009474464513495684 0.009474464513495665 0.009474464513495698 0.00947446451349564 0.5626329248515818 
0.010917537550973735 0.006574706367030451 0.006574706367030482 0.009517172077451659 0.006574706367030383 0.006574706367030382 0.049575091919593965 0.00657470636703042 0.006574706367030396 0.006574706367030472 0.006574706367030407 0.006574706367030397 0.0065747063670304 0.0065747063670304135 0.306291721918785 0.2403349180526143 0.006574706367030424 0.00657470636703041 0.006574706367030413 0.2913176693421495 
0.04877961329506052 0.030697352715242522 0.030697352715242505 0.043819848625373053 0.04365857409961261 0.030697352715242522 0.04565153854048417 0.030697352715242505 0.030697352715242505 0.03069735271524254 0.030697352715242505 0.030697352715242505 0.030697352715242494 0.11479891442042317 0.21099498980646456 0.04358631833260573 0.030697352715242505 0.030697352715242505 0.030697352715242484 0.0803419702970607 
0.006734380540608587 0.004716497659380925 0.0047164976593808885 0.10901689907462886 0.004716497659380882 0.11834890671245696 0.004716497659380777 0.0047164976593808815 0.008060521352675612 0.011326870349443123 0.004716497659380882 0.004716497659380884 0.4913522084963041 0.004716497659380886 0.03542501687386177 0.05282468164024206 0.004716497659380886 0.004716497659380866 0.004716497659380919 0.11502904070656503 
0.021645009793752137 0.021645009793752088 0.021645009793752105 0.021645009793752085 0.021645009793752362 0.058473512727406925 0.040078693686498135 0.021645009793752116 0.02164500979375212 0.0216450097937521 0.021645009793752116 0.021645009793752116 0.05859602164168674 0.021645009793752133 0.4965316152444095 0.02164500979375211 0.021645009793752137 0.021645009793752112 0.021645009793752116 0.021645009793752137 
0.03660517913037489 0.036290079614481795 0.02414142920069131 0.07508664695130671 0.024141429200691268 0.024141429200691292 0.024141429200691168 0.024141429200691292 0.024141429200691292 0.02414142920069132 0.024141429200691296 0.024141429200691303 0.024141429200691268 0.02414142920069131 0.036089832983996595 0.03555653391832293 0.024141429200691292 0.024141429200691285 0.024141429200691296 0.4423917185918153 
0.012087009967949335 0.0430926550715941 0.012087009967949348 0.6920859112953989 0.01208700996794935 0.021945703828707593 0.01208700996794933 0.012087009967949324 0.012087009967949352 0.02327423524426204 0.012087009967949343 0.012087009967949348 0.012087009967949341 0.012087009967949331 0.018129587600630846 0.012087009967949276 0.01208700996794935 0.01208700996794936 0.012087009967949343 0.03225376740817437 
0.007490511031420672 0.004906372737192874 0.004906372737192853 0.004906372737192908 0.10838267642895988 0.004906372737192823 0.12453271371903309 0.004906372737192847 0.004906372737192849 0.004906372737192699 0.004906372737192837 0.004906372737192839 0.00490637273719283 0.03323371910770995 0.6311352400042665 0.02200681867256851 0.004906372737192845 0.004906372737192846 0.004906372737192924 0.009435475452430475 
0.02873854850176562 0.04440491086627167 0.028738548501765524 0.07133311259924847 0.028738548501765528 0.028738548501765538 0.028738548501765663 0.028738548501765524 0.028738548501765528 0.02873854850176556 0.028738548501765528 0.028738548501765528 0.028738548501765535 0.028738548501765528 0.15732832628294116 0.17716936497616767 0.028738548501765528 0.028738548501765528 0.028738548501765528 0.11868605774888305 
0.060923840716808654 0.010261215003117255 0.01026121500311731 0.014589895880839747 0.014783489104014433 0.017598644567177173 0.38334575726473663 0.010261215003117264 0.010261215003117255 0.010261215003112988 0.01026121500311732 0.010261215003117259 0.01026121500311728 0.010261215003117156 0.03048410765977045 0.0491579103274504 0.010261215003117248 0.010261215003117273 0.01026121500311727 0.3059817744417748 
0.005960572445155975 0.00960633218957954 0.00596057244515593 0.07907824138168222 0.008460436308482602 0.005960572445155917 0.631336940829703 0.005960572445155932 0.005960572445155936 0.01897252547210891 0.0059605724451559285 0.005960572445155924 0.013948874749165759 0.010342117543434365 0.09852028926071313 0.01261036594962011 0.005960572445155952 0.00596057244515594 0.005960572445155922 0.057518151864003324 
0.010963952660515365 0.010963952660515308 0.010963952660515286 0.08143590432433595 0.010963952660515317 0.015865622330259167 0.09080655417428166 0.010963952660515306 0.01096395266051531 0.022200890417930424 0.010963952660515303 0.010963952660515319 0.010963952660515251 0.01096395266051531 0.5848773505042243 0.05131834100176614 0.010963952660515308 0.010963952660515317 0.010963952660515305 0.01096395266053221 
0.006653272012488721 0.009571054748633645 0.006653272012488707 0.03753465872463222 0.006653272012488732 0.19665998982146707 0.12097213717782701 0.006653272012488734 0.0066532720124887305 0.018179736394831444 0.006653272012488733 0.006653272012488733 0.018476212502943228 0.006653272012488736 0.38914570777160756 0.12962123870818879 0.006653272012488732 0.006653272012488726 0.006653272012488704 0.006653272012488658 
0.008848852265455133 0.008848852265455157 0.008848852265455173 0.041994343175667824 0.00884885226545516 0.020362131028377296 0.019131714251063213 0.008848852265455166 0.008848852265455167 0.015578264027410645 0.00884885226545515 0.00884885226545516 0.014046788990940182 0.008848852265455147 0.09010215596543071 0.01999620814957321 0.008848852265455169 0.008848852265455152 0.00884885226545516 0.672602167226066 
0.0034037592827890883 0.007442201885920672 0.0034037592827891364 0.0034037592827893867 0.003403759282789118 0.026408148277331463 0.015733212576663887 0.0034037592827891074 0.0034037592827891004 0.0034037592827891117 0.0034037592827891074 0.0034037592827891134 0.0034037592827890952 0.017272798918192084 0.5276672357890638 0.3550638550244903 0.003403759282789132 0.0061636768521202406 0.0034037592827891286 0.0034037592827891087 
0.026640378981990342 0.018719220799950382 0.018719220799950385 0.1520360561567275 0.018719220799950375 0.018719220799950382 0.2855030591780631 0.018719220799950385 0.01871922079995039 0.03959755336146637 0.01871922079995039 0.018719220799950382 0.03703066875131726 0.018719220799950385 0.17437905151670172 0.01871922079995041 0.01871922079995038 0.018719220799950375 0.018719220799950368 0.04146336165435977 
0.011886677566683733 0.011886677566684423 0.011886677566684432 0.053634322421470884 0.011886677566684486 0.02317489835630957 0.017449461785479344 0.011886677566684465 0.01188667756668444 0.011886677566684503 0.011886677566684442 0.011886677566684444 0.011886677566684505 0.011886677566684458 0.011886677566683707 0.68016152431717 0.01188667756668444 0.011886677566684444 0.01188667756668444 0.047279629619235 
0.009631722765916733 0.009631722765916645 0.009631722765916608 0.009631722765916582 0.009631722765918655 0.009631722765916602 0.032259771855422205 0.009631722765916634 0.00963172276591664 0.020197251043505508 0.009631722765916634 0.009631722765916636 0.009631722765916641 0.009631722765916617 0.7414251222586693 0.0346189809572448 0.009631722765916628 0.009631722765916643 0.009631722765916638 0.027023032396385392 
0.02806029561435453 0.06365959070999512 0.02806029561435461 0.028060295614354542 0.02806029561435462 0.028060295614354986 0.028060295614355156 0.028060295614354608 0.0280602956143546 0.028060295614354584 0.02806029561435462 0.0280602956143546 0.028060295614354632 0.02806029561435461 0.4312550882316221 0.028060295614354597 0.0280602956143546 0.02806029561435461 0.028060295614354608 0.02806029561435463 
0.0117498295481303 0.01174982954813031 0.011749829548130322 0.016689931804420955 0.25637545059092764 0.011749829548130334 0.09624046680556389 0.011749829548130322 0.011749829548130324 0.01174982954813032 0.011749829548130322 0.01174982954813037 0.011749829548130331 0.011749829548130282 0.3257086100574203 0.03829833665780774 0.011749829548130334 0.01174982954813033 0.011749829548130331 0.10218959041003113 
0.005715420917424368 0.0057154209174243775 0.0057154209174242925 0.11570908972188564 0.005715420917424321 0.08278649666988792 0.014246267036054857 0.0057154209174243254 0.00571542091742433 0.008168425262543575 0.005715420917424319 0.005715420917424323 0.3876783484343542 0.00571542091742434 0.07003394075862303 0.09568252336924932 0.0057154209174243315 0.005715420917424315 0.0057154209174243055 0.15710985773826644 
0.029356236300835722 0.02935623630083559 0.059833856173067745 0.05602919381701249 0.029356236300835597 0.029356236300835586 0.05035217964268557 0.029356236300835597 0.029356236300835597 0.04595302546087082 0.029356236300835607 0.029356236300835597 0.029356236300835576 0.0713790390246183 0.11526087315522741 0.19132825086118396 0.0293562363008356 0.0293562363008356 0.029356236300835597 0.05758874625530322 
0.33366446846233533 0.010232578931728482 0.010232578931728452 0.04426949909227377 0.010232578931728471 0.014624304570828858 0.2457005656544313 0.010232578931728452 0.010232578931728457 0.01908531611677549 0.010232578931728452 0.010232578931728464 0.010232578931728482 0.010232578931728475 0.010232578931728556 0.14417983954725713 0.01023257893172847 0.010232578931728466 0.010232578931728475 0.06545248044360723 
0.028265380204529223 0.04018425166055042 0.028265380204529216 0.062128243878416194 0.02826538020452921 0.028265380204529216 0.24191697902257514 0.02826538020452921 0.02826538020452921 0.0282653802045292 0.02826538020452922 0.02826538020452921 0.02826538020452921 0.02826538020452921 0.1603005930397789 0.043628858656015436 0.028265380204529216 0.05612575087924384 0.02826538020452921 0.028265380204529296 
0.0072073161857350646 0.00720731618573507 0.007207316185735059 0.029772627393306456 0.043863314729611386 0.00720731618573505 0.1138937644399647 0.007207316185735018 0.007207316185735038 0.03940089837076437 0.007207316185735035 0.007207316185735033 0.01267562852566313 0.00720731618573503 0.0601494967686382 0.04934049231433206 0.00720731618573504 0.007207316185735045 0.0072073161857350385 0.5644159832289368 
0.023762605107814506 0.023762605107813858 0.02376260510781384 0.06770496455743215 0.035176399977251915 0.023762605107813833 0.02376260510781378 0.023762605107813847 0.02376260510781384 0.02376260510781382 0.023762605107813844 0.02376260510781384 0.023762605107813865 0.023762605107813847 0.023762605107815405 0.2466510224223164 0.02376260510781384 0.023762605107813833 0.023762605107813833 0.2702659313179804 
0.007504453873507837 0.007504453873505644 0.007504453873505656 0.02300140608719954 0.007504453873505645 0.015568577032877931 0.011702087890266213 0.01066322667885235 0.00750445387350565 0.0075044538735126055 0.007504453873505661 0.007504453873505676 0.00750445387350565 0.007504453873505659 0.015215104086180065 0.464354786160357 0.007504453873505652 0.007504453873505672 0.007504453873505649 0.3619369117087038 
0.11383238185955843 0.02019186728316652 0.0064809232927540384 0.27803142971397127 0.006480923292754028 0.09094178016222419 0.09699323004372826 0.010320244095638555 0.006480923292754059 0.006480923292753932 0.006480923292754045 0.006480923292754041 0.010058189878665772 0.006480923292754064 0.22071320613692666 0.07552993847132106 0.006480923292754045 0.006480923292754029 0.006480923292754021 0.01857849942727011 
0.017308728705939247 0.017308728705939285 0.030313035629802657 0.04707104851698861 0.027061877166291014 0.04002630925967109 0.04755297580170594 0.01730872870593925 0.01730872870593925 0.017308728705936558 0.017308728705939257 0.017308728705939247 0.017308728705939264 0.017308728705939257 0.09977501669719074 0.10475201752110694 0.01730872870593926 0.02982089808508072 0.017308728705939247 0.38323080555682354 
0.014643727385322623 0.021528992815215843 0.01464372738531113 0.26154923981380046 0.01464372738531113 0.014643727385311089 0.03284278486008304 0.01464372738531113 0.014643727385311125 0.014643727385311157 0.014643727385311125 0.014643727385311141 0.030893913693024782 0.01464372738531111 0.02275519335329431 0.41516458708492265 0.01464372738531113 0.014643727385311125 0.014643727385311136 0.024896832370616472 
0.023254083922593063 0.036283735569219266 0.02325408392259279 0.04242245341813126 0.023254083922592823 0.023254083922592827 0.08679889806536564 0.02325408392259281 0.023254083922592816 0.02325408392259279 0.023254083922592823 0.02325408392259281 0.023254083922592813 0.023254083922592813 0.40589330724037403 0.0797903468680143 0.023254083922592813 0.023254083922592827 0.023254083922592816 0.02325408392259266 
0.007656223910182869 0.007656223910182948 0.007656223910182935 0.01638319028000111 0.010862211336943315 0.007656223910182902 0.007656223910181602 0.007656223910182946 0.007656223910182948 0.007656223910183101 0.0076562239101829474 0.007656223910182946 0.0076562239101829405 0.00765622391018295 0.837590082716922 0.007656223910182938 0.00765622391018296 0.007656223910182953 0.007656223910182936 0.012664933103170562 
0.03026048727450328 0.03026048727450329 0.03026048727450329 0.07388242444934078 0.050075908647420314 0.04399746651950812 0.030260487274503044 0.03026048727450329 0.03026048727450329 0.03026048727450333 0.03026048727450329 0.03026048727450329 0.030260487274503273 0.03026048727450329 0.03026048727450331 0.3177187648698889 0.03026048727450329 0.03026048727450329 0.0302604872745033 0.06041812639629719 
0.028235984604213456 0.028235984604213442 0.02823598460421345 0.2892871393729956 0.02823598460421346 0.02823598460421346 0.04372184386857299 0.02823598460421345 0.02823598460421345 0.02823598460421345 0.02823598460421345 0.028235984604213456 0.02823598460421345 0.028235984604213445 0.05607256369816291 0.09219927396464889 0.02823598460421345 0.028235984604213445 0.028235984604213435 0.09517941003241763 
0.028505734174302275 0.09959766045636421 0.028505734174302026 0.0285057341743024 0.028505734174302022 0.028505734174302015 0.028505734174302032 0.028505734174302022 0.028505734174302022 0.02850573417430199 0.028505734174302022 0.028505734174302022 0.028505734174302005 0.028505734174302022 0.028505734174302313 0.25666143604420577 0.028505734174302015 0.028505734174302022 0.028505734174302032 0.15914342253629565 
0.0071800969405560406 0.011192873790026316 0.007180096940556029 0.42315063623538063 0.013559777544099412 0.007180096940556013 0.014333294957632062 0.007180096940556033 0.007180096940556046 0.007180096940556008 0.00718009694055604 0.0071800969405560406 0.012357525272617282 0.007180096940556008 0.3958667805965027 0.03133091520732124 0.007180096940556044 0.00718009694055603 0.0071800969405560406 0.012047033109755051 
0.28253180356306606 0.011105399612526254 0.011105399612526254 0.12600165856051113 0.019957947761112396 0.060175368082397124 0.1718037444993743 0.011105399612526259 0.01110539961252625 0.017937443506477455 0.01110539961252625 0.011105399612526252 0.018773556815116586 0.011105399612526254 0.01686076996739176 0.07232301809436259 0.011105399612526254 0.011105399612526271 0.011105399612526202 0.10258069302493747 
0.01942895698157776 0.00943624207299583 0.009436242072995824 0.0254261787730207 0.11749801932463969 0.013936192612515587 0.04875917171474614 0.03693490404538273 0.009436242072995819 0.009436242072995796 0.009436242072995817 0.009436242072995827 0.01970915811206826 0.009436242072994256 0.407931280132841 0.00943624207299589 0.009436242072995838 0.009436242072995817 0.00943624207299582 0.20657747550024302 
0.9435562883926607 0.0011256507082605806 0.0011256507082605819 0.002406444736768715 0.0011256507082605806 0.0033308529545578724 0.011470611954272542 0.0011256507082605795 0.0011256507082605804 0.001654407253518022 0.0011256507082605784 0.0011256507082605806 0.0011256507082605825 0.0011256507082605814 0.001125650708260561 0.008166904504628723 0.0011256507082605806 0.0011256507082605801 0.0011256507082605797 0.014781030996205802 
0.010884883800912666 0.01088488380091258 0.010884883800912563 0.04767903449007389 0.0168561955411987 0.010884883800912886 0.010884883800912851 0.010884883800912555 0.010884883800912567 0.017655243388873084 0.010884883800912572 0.010884883800912565 0.010884883800912574 0.010884883800912569 0.11460056411913226 0.25283347779413007 0.010884883800912607 0.01088488380091254 0.010884883800912563 0.3979871114538239 
0.025436757406206496 0.016018342074679007 0.016018342074678945 0.03784919970447189 0.016018342074678976 0.03294924316751292 0.01601834207467767 0.016018342074678997 0.016018342074678987 0.01601834207467878 0.016018342074678983 0.016018342074678976 0.016018342074678983 0.016018342074678976 0.5765609295524345 0.02709320771315905 0.016018342074678994 0.016018342074678976 0.016018342074678976 0.07585387341066531 
0.005759995029538201 0.0031149679446620107 0.003114967944661977 0.28510673210533316 0.0031149679446620167 0.006832790993204904 0.05548288315452075 0.0031149679446620415 0.003114967944662024 0.0031149679446621204 0.0031149679446620107 0.0031149679446620246 0.0031149679446620406 0.003114967944661989 0.19516876628803764 0.010673258140857688 0.003114967944662014 0.003114967944662013 0.003114967944662021 0.40048099100788864 
0.009421469374918778 0.009010180703187116 0.004708644163861745 0.012547650759548189 0.027763639961966253 0.020892300367861313 0.013015189292951894 0.0047086441638617485 0.004708644163861747 0.004708644163861732 0.00470864416386178 0.004708644163861752 0.004708644163861758 0.004708644163861742 0.1989519700994644 0.4345938302535041 0.004708644163861758 0.004708644163861758 0.00470864416386174 0.2220086833841442 
0.00763787813077781 0.007637878130777416 0.0076378781307774165 0.007637878130777413 0.013300079487764535 0.011414116913436523 0.007637878130784075 0.007637878130777416 0.007637878130777416 0.007637878130777429 0.00763787813077743 0.0076378781307774495 0.011891641289365582 0.007637878130777422 0.8411881122169987 0.007637878130777406 0.007637878130777428 0.007637878130777411 0.007637878130777416 0.00763787813077738 
0.0431772433518761 0.014020039679929111 0.014020039679929118 0.06384915496092396 0.014020039679929115 0.01402003967992912 0.5846929756209912 0.01402003967992914 0.014020039679929111 0.021554672700598354 0.014020039679929118 0.01402003967992912 0.014020039679929125 0.01402003967992912 0.021554672700597906 0.04474252398843865 0.01402003967992912 0.021074892341460313 0.01402003967992912 0.031113388175809012 
0.02484116560772017 0.024841165607719786 0.024841165607719772 0.02484116560771992 0.04141294885256109 0.02484116560771972 0.03877076511482492 0.024841165607719772 0.02484116560771977 0.024841165607719297 0.024841165607719772 0.024841165607719783 0.024841165607719783 0.024841165607719772 0.128415836856341 0.1741540778628502 0.024841165607719772 0.024841165607719772 0.02484116560771977 0.2446288871976307 
0.02519029924264148 0.025190299242641503 0.02519029924264148 0.025190299242640872 0.03979541588382468 0.025190299242641444 0.21453069344464742 0.02519029924264148 0.02519029924264148 0.04046520523847916 0.02519029924264148 0.041637758401215176 0.025190299242641476 0.02519029924264149 0.13436079994835973 0.17654593768650875 0.02519029924264148 0.02519029924264146 0.025190299242641486 0.02519029924264155 
0.025635141821607026 0.039065913424928406 0.025635141821606665 0.037843052148297265 0.025635141821606665 0.0256351418216067 0.03651726486363804 0.025635141821606665 0.025635141821606665 0.025635141821606665 0.025635141821606654 0.025635141821606665 0.025635141821606665 0.02563514182160668 0.22479961445645577 0.2549930604646391 0.025635141821606665 0.0478891091395475 0.025635141821606654 0.025635141821606245 
0.005900729459516296 0.005900729459516281 0.0059007294595163 0.05131448866044189 0.005900729459516345 0.005900729459516343 0.07117230163261233 0.005900729459516327 0.005900729459516334 0.005900729459516309 0.00590072945951634 0.005900729459516326 0.01096891987760692 0.005900729459516292 0.06280112480717119 0.08347564107667907 0.0059007294595163195 0.0059007294595163256 0.005900729459516316 0.6376573115122532 
0.9579415947636212 9.977429879995357E-4 9.977429879995338E-4 0.005876135845368515 9.97742987999533E-4 0.0020007670333778978 0.0015591603181123357 9.977429879995355E-4 9.977429879995342E-4 0.001481969055724584 9.977429879995368E-4 9.977429879995338E-4 9.977429879995008E-4 9.977429879995338E-4 9.977429879995277E-4 0.006740931605639545 9.977429879995323E-4 9.977429879995346E-4 0.001782598028644862 0.010643927493515786 
0.0059244463720050005 0.019339670214541936 0.005924446372004845 0.024906652452340042 0.005924446372004841 0.005924446372004906 0.05270552309460562 0.005924446372004841 0.005924446372004813 0.04564192794753349 0.005924446372004843 0.005924446372004789 0.005924446372004848 0.005924446372004835 0.41636344265453257 0.08207435874838034 0.005924446372004832 0.012770974920735671 0.005924446372004841 0.2751040935033061 
0.025732594262908758 0.025732594262908783 0.025732594262908786 0.025732594262908824 0.025732594262908796 0.43243420396085386 0.025732594262908796 0.025732594262908786 0.025732594262908786 0.025732594262908786 0.025732594262908796 0.025732594262908786 0.025732594262908776 0.025732594262908786 0.10437909930678804 0.025732594262908786 0.02573259426290879 0.025732594262908783 0.025732594262908613 0.02573259426290876 
0.007979722146387412 0.00797972214638741 0.007979722146387414 0.00797972214638732 0.011944897646080102 0.007979722146387414 0.030703302750553583 0.007979722146387399 0.007979722146387402 0.014228943702142451 0.00797972214638741 0.007979722146387385 0.007979722146387406 0.00797972214638743 0.35585232127921856 0.01350023751571901 0.007979722146387402 0.007979722146387392 0.007979722146387421 0.4620541870568758 
0.008037012119555717 0.011563474180085355 0.008037012119555686 0.107150423057184 0.008037012119555681 0.008037012119555704 0.04311148331230432 0.008037012119555683 0.008037012119555695 0.008037012119555681 0.008037012119555672 0.008037012119555662 0.011975651907231209 0.008037012119555684 0.08195027943903961 0.14382075576914724 0.008037012119555693 0.008037012119555677 0.008037012119555683 0.4959467747808013 
0.019864795600482862 0.019864795600482828 0.01986479560048285 0.0198647956004828 0.019864795600482824 0.07008099120837251 0.15218963150065715 0.01986479560048282 0.01986479560048281 0.01986479560048282 0.019864795600482817 0.01986479560048282 0.019864795600482817 0.019864795600482845 0.28652060867827917 0.17337203900497358 0.01986479560048282 0.019864795600482824 0.01986479560048282 0.01986479560048285 
0.009770701942660352 0.009770701942660257 0.009770701942660234 0.02338036213343445 0.009770701942660371 0.009770701942660222 0.015473046929838474 0.009770701942660227 0.009770701942660222 0.009770701942660321 0.009770701942660227 0.009770701942660234 0.009770701942660226 0.009770701942660224 0.7806904270024394 0.009770701942660224 0.009770701942660259 0.009770701942660227 0.009770701942660227 0.02412493285176135 
0.011518937661645471 0.0175484300967221 0.011518937661645386 0.011518937661645547 0.011518937661645419 0.02650627572231209 0.11578939339497252 0.011518937661645407 0.021683898863538737 0.025624832538748483 0.011518937661645415 0.016351394474592277 0.01151893766164542 0.011518937661645426 0.5037458950921223 0.13452262787724772 0.011518937661645428 0.011518937661645415 0.011518937661645414 0.01151893766164538 
0.04541291721831438 0.03125429412609577 0.031254294126095754 0.03125429412609562 0.049623780558504256 0.031254294126095775 0.0991979003236899 0.03125429412609575 0.031254294126095754 0.031254294126095664 0.031254294126095754 0.031254294126095754 0.03125429412609577 0.03125429412609577 0.0980792881693237 0.1645991382394413 0.031254294126095754 0.03125429412609576 0.031254294126095754 0.10552685772538911 
0.037865733869072014 0.06953365067215367 0.03786573386907198 0.09025564362957049 0.03786573386907198 0.06249122276341887 0.03786573386907185 0.03786573386907197 0.03786573386907197 0.03786573386907194 0.03786573386907197 0.03786573386907197 0.03786573386907197 0.03786573386907198 0.13010796300372493 0.05458055399782052 0.03786573386907197 0.03786573386907197 0.03786573386907198 0.06291069176630244 
0.3019360529269375 0.009992118294362601 0.0099921182943626 0.16340389455709783 0.009992118294362584 0.009992118294362588 0.023336260483198385 0.0099921182943626 0.009992118294362595 0.009992118294362588 0.009992118294362605 0.009992118294362596 0.009992118294362591 0.009992118294362617 0.2477842122614018 0.07195816252835131 0.009992118294362582 0.009992118294362565 0.009992118294362595 0.05169176112190502 
0.029754925181275864 0.029754925181275756 0.029754925181275756 0.04170532638252204 0.029754925181275767 0.029754925181275756 0.02975492518127538 0.029754925181275767 0.029754925181275784 0.1595955605035069 0.029754925181275767 0.029754925181275777 0.029754925181275767 0.029754925181275753 0.10444350377696361 0.07896388709743801 0.029754925181275767 0.029754925181275767 0.029754925181275774 0.16896784452043 
0.03280440868541448 0.04837912522892168 0.0328044086854145 0.0328044086854145 0.0328044086854145 0.06409716025124963 0.032804408685413504 0.0328044086854145 0.0328044086854145 0.032804408685414455 0.04697678294381153 0.03280440868541451 0.0328044086854145 0.0328044086854145 0.1874559691474445 0.03280440868541452 0.03280440868541452 0.0328044086854145 0.0328044086854145 0.1610248321473434 
0.009571119117303281 0.009571119117303298 0.01692453813545847 0.3681388170371325 0.009571119117303304 0.01567179526926374 0.11221099255452664 0.009571119117303295 0.009571119117303286 0.14118754578957038 0.009571119117303288 0.009571119117303293 0.009571119117303281 0.009571119117303304 0.009571119117303283 0.009571119117303377 0.009571119117303312 0.009571119117303309 0.009571119117303295 0.21187064357180105 
0.01043749845750121 0.01821398804224517 0.010437498457501337 0.021380694305432255 0.010437498457501335 0.010437498457501413 0.028217358972577124 0.010437498457501339 0.010437498457501332 0.014928657805423205 0.01043749845750133 0.010437498457501368 0.029745831457279093 0.01043749845750133 0.16653656984438642 0.5569107770641446 0.010437498457501339 0.010437498457501332 0.010437498457501332 0.038816141018489875 
0.022310386043736127 0.015880087311802484 0.01588008731180251 0.1215729795183655 0.015880087311802477 0.023096482229148316 0.5141825485189316 0.015880087311802495 0.0158800873118025 0.015880087311802533 0.015880087311802498 0.01588008731180251 0.01588008731180251 0.015880087311802498 0.025090680386069503 0.015880087311802467 0.0158800873118025 0.015880087311802498 0.015880087311802477 0.07142570093848405 
0.052234231447232896 0.03654812395579711 0.03654812395579714 0.03654812395579709 0.03654812395579712 0.0841826306125235 0.10961532221532726 0.036548123955797124 0.03654812395579712 0.05395850428144411 0.036548123955797124 0.03654812395579711 0.036548123955797124 0.03654812395579712 0.1517874521065121 0.036548123955797124 0.03654812395579712 0.036548123955797124 0.03654812395579712 0.03654812395579712 
0.03966216441474644 0.03966216441474641 0.03966216441474641 0.03966216441474651 0.03966216441474641 0.059087055576752104 0.03966216441474634 0.03966216441474641 0.03966216441474641 0.06440131530361586 0.03966216441474641 0.03966216441474641 0.0396621644147464 0.03966216441474641 0.039662164414746424 0.18548478135267504 0.03966216441474641 0.03966216441474641 0.03966216441474641 0.056432217131012985 
0.014111376128864891 0.014111376128864914 0.014111376128864926 0.02421672580388915 0.014111376128864924 0.014111376128864902 0.3322543041907136 0.014111376128864924 0.014111376128864926 0.014111376128864914 0.01411137612886493 0.01411137612886492 0.014111376128864919 0.014111376128864898 0.3552560133765773 0.045185128992946744 0.01411137612886492 0.03141718570288684 0.014111376128864914 0.014111376128864938 
0.02453387886086422 0.024533878860864236 0.02453387886086422 0.13332161558964997 0.024533878860864212 0.02453387886086419 0.03845881370673935 0.02453387886086422 0.02453387886086422 0.036180689076743974 0.02453387886086422 0.024533878860864226 0.024533878860864316 0.024533878860864233 0.3994968198530373 0.02453387886086422 0.02453387886086422 0.024533878860864215 0.024533878860864212 0.024533878860864125 
0.011206444100113922 0.007286920413777213 0.007286920413777247 0.1255936476250669 0.007286920413777284 0.09570985469135822 0.09344871914309409 0.007286920413777229 0.007286920413777208 0.01088085379155759 0.007286920413777242 0.007286920413777234 0.33490319580290706 0.007286920413777216 0.046503511198697695 0.04920135920538341 0.007286920413777244 0.007286920413777255 0.012112225011855287 0.14757098529222432 
0.020376475170832326 0.020376475170832388 0.020376475170832343 0.3516353921265194 0.02037647517083235 0.020376475170832346 0.049899954506459045 0.020376475170832353 0.028953261830973197 0.020376475170832256 0.02037647517083237 0.020376475170832357 0.23327287582591247 0.020376475170832336 0.020376475170832343 0.020376475170832332 0.02037647517083235 0.020376475170832353 0.02037647517083235 0.03059138814761517 
