0.06918238993710692 0.0880503144654088 0.5408805031446541 0.0440251572327044 0.050314465408805034 0.050314465408805034 0.031446540880503145 0.03773584905660377 0.05660377358490566 0.031446540880503145 
0.05555555555555555 0.03571428571428571 0.051587301587301584 0.03968253968253968 0.25 0.30952380952380953 0.1626984126984127 0.03571428571428571 0.023809523809523808 0.03571428571428571 
0.08 0.06666666666666667 0.09333333333333334 0.10666666666666667 0.06666666666666667 0.09333333333333334 0.08 0.18666666666666668 0.09333333333333334 0.13333333333333333 
0.056338028169014086 0.03755868544600939 0.03286384976525822 0.03755868544600939 0.22065727699530516 0.04225352112676056 0.06572769953051644 0.06103286384976526 0.39436619718309857 0.051643192488262914 
0.1056338028169014 0.04225352112676056 0.09154929577464789 0.16901408450704225 0.04929577464788732 0.2746478873239437 0.035211267605633804 0.15492957746478872 0.04225352112676056 0.035211267605633804 
0.07228915662650602 0.08433734939759036 0.0963855421686747 0.10843373493975904 0.060240963855421686 0.10843373493975904 0.060240963855421686 0.1566265060240964 0.12048192771084337 0.13253012048192772 
0.06584362139917696 0.09053497942386832 0.0411522633744856 0.2716049382716049 0.024691358024691357 0.03292181069958848 0.024691358024691357 0.102880658436214 0.024691358024691357 0.32098765432098764 
0.2857142857142857 0.08791208791208792 0.07692307692307693 0.06593406593406594 0.06593406593406594 0.07692307692307693 0.06593406593406594 0.0989010989010989 0.07692307692307693 0.0989010989010989 
0.1038961038961039 0.09090909090909091 0.06493506493506493 0.07792207792207792 0.1038961038961039 0.06493506493506493 0.09090909090909091 0.09090909090909091 0.16883116883116883 0.14285714285714285 
0.08547008547008547 0.05128205128205128 0.042735042735042736 0.48717948717948717 0.042735042735042736 0.042735042735042736 0.05982905982905983 0.05982905982905983 0.06837606837606838 0.05982905982905983 
0.052132701421800945 0.052132701421800945 0.17535545023696683 0.023696682464454975 0.037914691943127965 0.5118483412322274 0.04265402843601896 0.037914691943127965 0.037914691943127965 0.02843601895734597 
0.06818181818181818 0.05113636363636364 0.0625 0.17045454545454544 0.056818181818181816 0.10227272727272728 0.07386363636363637 0.22727272727272727 0.11931818181818182 0.06818181818181818 
0.09375 0.109375 0.078125 0.125 0.078125 0.078125 0.078125 0.1875 0.078125 0.09375 
0.208 0.04 0.216 0.048 0.24 0.056 0.04 0.064 0.048 0.04 
0.06944444444444445 0.06944444444444445 0.06944444444444445 0.08333333333333333 0.1111111111111111 0.08333333333333333 0.2361111111111111 0.1111111111111111 0.08333333333333333 0.08333333333333333 
0.039603960396039604 0.1188118811881188 0.04455445544554455 0.12376237623762376 0.08415841584158416 0.3564356435643564 0.1188118811881188 0.0297029702970297 0.04455445544554455 0.039603960396039604 
0.39855072463768115 0.050724637681159424 0.057971014492753624 0.057971014492753624 0.07246376811594203 0.050724637681159424 0.07246376811594203 0.07246376811594203 0.06521739130434782 0.10144927536231885 
0.05319148936170213 0.05851063829787234 0.05319148936170213 0.031914893617021274 0.0425531914893617 0.2553191489361702 0.3723404255319149 0.05319148936170213 0.031914893617021274 0.047872340425531915 
0.041666666666666664 0.09375 0.041666666666666664 0.20833333333333334 0.026041666666666668 0.06770833333333333 0.03125 0.1875 0.052083333333333336 0.25 
0.03571428571428571 0.03571428571428571 0.03571428571428571 0.175 0.12857142857142856 0.1392857142857143 0.039285714285714285 0.05 0.29285714285714287 0.06785714285714285 
0.07228915662650602 0.20883534136546184 0.028112449799196786 0.024096385542168676 0.23293172690763053 0.03614457831325301 0.0642570281124498 0.040160642570281124 0.2570281124497992 0.03614457831325301 
0.07751937984496124 0.14728682170542637 0.11627906976744186 0.046511627906976744 0.05426356589147287 0.32558139534883723 0.06976744186046512 0.08527131782945736 0.03875968992248062 0.03875968992248062 
0.026022304832713755 0.13382899628252787 0.040892193308550186 0.40148698884758366 0.08178438661710037 0.20074349442379183 0.040892193308550186 0.022304832713754646 0.02973977695167286 0.022304832713754646 
0.030303030303030304 0.05454545454545454 0.030303030303030304 0.06666666666666667 0.030303030303030304 0.07272727272727272 0.3575757575757576 0.23636363636363636 0.048484848484848485 0.07272727272727272 
0.044444444444444446 0.07222222222222222 0.044444444444444446 0.03888888888888889 0.24444444444444444 0.027777777777777776 0.03888888888888889 0.06111111111111111 0.03888888888888889 0.3888888888888889 
0.037037037037037035 0.043209876543209874 0.06790123456790123 0.36419753086419754 0.1111111111111111 0.12345679012345678 0.04938271604938271 0.05555555555555555 0.06172839506172839 0.08641975308641975 
0.38990825688073394 0.027522935779816515 0.06880733944954129 0.08256880733944955 0.19724770642201836 0.045871559633027525 0.04128440366972477 0.05963302752293578 0.05963302752293578 0.027522935779816515 
0.0684931506849315 0.0821917808219178 0.2465753424657534 0.0821917808219178 0.0684931506849315 0.1095890410958904 0.0684931506849315 0.0958904109589041 0.0821917808219178 0.0958904109589041 
0.047619047619047616 0.1111111111111111 0.023809523809523808 0.10317460317460317 0.027777777777777776 0.03571428571428571 0.023809523809523808 0.2619047619047619 0.051587301587301584 0.3134920634920635 
0.06097560975609756 0.0975609756097561 0.2682926829268293 0.0975609756097561 0.07317073170731707 0.08536585365853659 0.08536585365853659 0.08536585365853659 0.07317073170731707 0.07317073170731707 
0.07407407407407407 0.06172839506172839 0.07407407407407407 0.2345679012345679 0.06172839506172839 0.07407407407407407 0.07407407407407407 0.18518518518518517 0.09876543209876543 0.06172839506172839 
0.05343511450381679 0.04580152671755725 0.03816793893129771 0.08396946564885496 0.05343511450381679 0.04580152671755725 0.48854961832061067 0.08396946564885496 0.061068702290076333 0.04580152671755725 
0.052980132450331126 0.04304635761589404 0.24503311258278146 0.016556291390728478 0.04966887417218543 0.3741721854304636 0.1291390728476821 0.026490066225165563 0.019867549668874173 0.04304635761589404 
0.14285714285714285 0.07142857142857142 0.17142857142857143 0.08571428571428572 0.07142857142857142 0.07142857142857142 0.07142857142857142 0.1 0.12857142857142856 0.08571428571428572 
0.04216867469879518 0.060240963855421686 0.06626506024096386 0.23493975903614459 0.08433734939759036 0.04216867469879518 0.20481927710843373 0.07228915662650602 0.04819277108433735 0.14457831325301204 
0.08368200836820083 0.04184100418410042 0.0502092050209205 0.04602510460251046 0.10460251046025104 0.07112970711297072 0.06276150627615062 0.04602510460251046 0.4225941422594142 0.07112970711297072 
0.38095238095238093 0.11564625850340136 0.04081632653061224 0.04081632653061224 0.047619047619047616 0.08163265306122448 0.06802721088435375 0.07482993197278912 0.047619047619047616 0.10204081632653061 
0.05092592592592592 0.1388888888888889 0.06481481481481481 0.027777777777777776 0.037037037037037035 0.3055555555555556 0.12962962962962962 0.05555555555555555 0.08333333333333333 0.10648148148148148 
0.062146892655367235 0.07344632768361582 0.04519774011299435 0.5084745762711864 0.04519774011299435 0.03954802259887006 0.03954802259887006 0.0903954802259887 0.03389830508474576 0.062146892655367235 
0.027777777777777776 0.0707070707070707 0.14393939393939395 0.027777777777777776 0.022727272727272728 0.5606060606060606 0.045454545454545456 0.05555555555555555 0.022727272727272728 0.022727272727272728 
0.09900990099009901 0.04950495049504951 0.18811881188118812 0.0594059405940594 0.04950495049504951 0.04950495049504951 0.0594059405940594 0.0594059405940594 0.27722772277227725 0.10891089108910891 
0.3333333333333333 0.11347517730496454 0.03546099290780142 0.0425531914893617 0.07092198581560284 0.03546099290780142 0.0425531914893617 0.12056737588652482 0.03546099290780142 0.1702127659574468 
0.06428571428571428 0.05 0.4642857142857143 0.08571428571428572 0.04285714285714286 0.03571428571428571 0.05 0.07857142857142857 0.08571428571428572 0.04285714285714286 
0.07246376811594203 0.14492753623188406 0.2028985507246377 0.07246376811594203 0.08695652173913043 0.10144927536231885 0.07246376811594203 0.07246376811594203 0.10144927536231885 0.07246376811594203 
0.1791044776119403 0.03731343283582089 0.3880597014925373 0.03731343283582089 0.11940298507462686 0.06716417910447761 0.04477611940298507 0.04477611940298507 0.04477611940298507 0.03731343283582089 
0.05241935483870968 0.04838709677419355 0.04435483870967742 0.125 0.036290322580645164 0.056451612903225805 0.028225806451612902 0.24193548387096775 0.036290322580645164 0.33064516129032256 
0.07042253521126761 0.11267605633802817 0.07042253521126761 0.11267605633802817 0.08450704225352113 0.16901408450704225 0.07042253521126761 0.11267605633802817 0.09859154929577464 0.09859154929577464 
0.052941176470588235 0.08235294117647059 0.041176470588235294 0.052941176470588235 0.1 0.052941176470588235 0.047058823529411764 0.047058823529411764 0.3352941176470588 0.18823529411764706 
0.1111111111111111 0.09722222222222222 0.09722222222222222 0.06944444444444445 0.06944444444444445 0.1388888888888889 0.18055555555555555 0.08333333333333333 0.08333333333333333 0.06944444444444445 
0.1 0.045 0.1 0.03 0.395 0.025 0.16 0.06 0.045 0.04 
0.0875 0.125 0.0875 0.1625 0.1625 0.075 0.0625 0.0875 0.0625 0.0875 
0.0514018691588785 0.1822429906542056 0.037383177570093455 0.24766355140186916 0.04672897196261682 0.02336448598130841 0.037383177570093455 0.07476635514018691 0.06074766355140187 0.2383177570093458 
0.07174887892376682 0.14349775784753363 0.026905829596412557 0.04932735426008968 0.026905829596412557 0.18834080717488788 0.07174887892376682 0.07623318385650224 0.19730941704035873 0.14798206278026907 
0.07766990291262135 0.06796116504854369 0.06796116504854369 0.27184466019417475 0.07766990291262135 0.08737864077669903 0.05825242718446602 0.08737864077669903 0.1553398058252427 0.04854368932038835 
0.07758620689655173 0.28448275862068967 0.05172413793103448 0.08620689655172414 0.04310344827586207 0.05172413793103448 0.0603448275862069 0.23275862068965517 0.05172413793103448 0.0603448275862069 
0.0875 0.1 0.1125 0.125 0.0625 0.1625 0.1125 0.1 0.0625 0.075 
0.03260869565217391 0.07065217391304347 0.5815217391304348 0.043478260869565216 0.03804347826086957 0.07065217391304347 0.03804347826086957 0.03804347826086957 0.05434782608695652 0.03260869565217391 
0.10294117647058823 0.07352941176470588 0.08823529411764706 0.07352941176470588 0.10294117647058823 0.14705882352941177 0.07352941176470588 0.10294117647058823 0.08823529411764706 0.14705882352941177 
0.1267605633802817 0.09859154929577464 0.08450704225352113 0.09859154929577464 0.07042253521126761 0.08450704225352113 0.09859154929577464 0.19718309859154928 0.07042253521126761 0.07042253521126761 
0.08695652173913043 0.2028985507246377 0.07246376811594203 0.07246376811594203 0.14492753623188406 0.07246376811594203 0.11594202898550725 0.07246376811594203 0.07246376811594203 0.08695652173913043 
0.07547169811320754 0.04716981132075472 0.0660377358490566 0.0330188679245283 0.02358490566037736 0.2783018867924528 0.1792452830188679 0.20754716981132076 0.04716981132075472 0.04245283018867924 
0.09032258064516129 0.04516129032258064 0.03870967741935484 0.07096774193548387 0.11612903225806452 0.03225806451612903 0.09032258064516129 0.04516129032258064 0.3870967741935484 0.08387096774193549 
0.05625 0.04375 0.225 0.03125 0.40625 0.05625 0.05 0.03125 0.0625 0.0375 
0.045081967213114756 0.06147540983606557 0.05327868852459016 0.4180327868852459 0.0778688524590164 0.045081967213114756 0.045081967213114756 0.036885245901639344 0.03278688524590164 0.18442622950819673 
0.1895424836601307 0.0915032679738562 0.05228758169934641 0.27450980392156865 0.0718954248366013 0.06535947712418301 0.0392156862745098 0.09803921568627451 0.058823529411764705 0.058823529411764705 
0.22522522522522523 0.07207207207207207 0.05405405405405406 0.10810810810810811 0.04504504504504504 0.07207207207207207 0.05405405405405406 0.1891891891891892 0.0990990990990991 0.08108108108108109 
0.03424657534246575 0.0273972602739726 0.0730593607305936 0.17579908675799086 0.1187214611872146 0.12100456621004566 0.06621004566210045 0.271689497716895 0.0319634703196347 0.07990867579908675 
0.34394904458598724 0.08917197452229299 0.08280254777070063 0.07006369426751592 0.16560509554140126 0.10828025477707007 0.03821656050955414 0.054140127388535034 0.022292993630573247 0.025477707006369428 
0.028169014084507043 0.051643192488262914 0.13615023474178403 0.03286384976525822 0.03286384976525822 0.596244131455399 0.023474178403755867 0.046948356807511735 0.028169014084507043 0.023474178403755867 
0.09259259259259259 0.06481481481481481 0.046296296296296294 0.05555555555555555 0.06481481481481481 0.06481481481481481 0.05555555555555555 0.05555555555555555 0.39814814814814814 0.10185185185185185 
0.0875 0.125 0.0875 0.125 0.125 0.1 0.1 0.0875 0.1 0.0625 
0.1 0.0625 0.075 0.0625 0.1 0.1 0.15 0.1125 0.0625 0.175 
0.16883116883116883 0.18181818181818182 0.09090909090909091 0.06493506493506493 0.07792207792207792 0.12987012987012986 0.07792207792207792 0.07792207792207792 0.06493506493506493 0.06493506493506493 
0.048 0.096 0.032 0.38 0.056 0.088 0.048 0.104 0.032 0.116 
0.06818181818181818 0.09090909090909091 0.031818181818181815 0.4 0.022727272727272728 0.06363636363636363 0.02727272727272727 0.1 0.022727272727272728 0.17272727272727273 
0.265625 0.0859375 0.03125 0.078125 0.1796875 0.1640625 0.04296875 0.04296875 0.05859375 0.05078125 
0.0625 0.35 0.075 0.0625 0.0625 0.1 0.0625 0.0875 0.075 0.0625 
0.2074468085106383 0.047872340425531915 0.09574468085106383 0.031914893617021274 0.4148936170212766 0.05851063829787234 0.031914893617021274 0.026595744680851064 0.05851063829787234 0.026595744680851064 
0.05128205128205128 0.15384615384615385 0.05128205128205128 0.24615384615384617 0.10256410256410256 0.09743589743589744 0.03076923076923077 0.06666666666666667 0.08717948717948718 0.11282051282051282 
0.11956521739130435 0.16304347826086957 0.05434782608695652 0.05434782608695652 0.06521739130434782 0.2391304347826087 0.14130434782608695 0.05434782608695652 0.05434782608695652 0.05434782608695652 
0.04054054054054054 0.0472972972972973 0.5472972972972973 0.0472972972972973 0.060810810810810814 0.08108108108108109 0.060810810810810814 0.04054054054054054 0.033783783783783786 0.04054054054054054 
0.145985401459854 0.17518248175182483 0.043795620437956206 0.043795620437956206 0.051094890510948905 0.30656934306569344 0.06569343065693431 0.058394160583941604 0.058394160583941604 0.051094890510948905 
0.10144927536231885 0.13043478260869565 0.11594202898550725 0.10144927536231885 0.08695652173913043 0.07246376811594203 0.10144927536231885 0.11594202898550725 0.08695652173913043 0.08695652173913043 
0.1016949152542373 0.1016949152542373 0.11864406779661017 0.1016949152542373 0.1016949152542373 0.0847457627118644 0.11864406779661017 0.1016949152542373 0.0847457627118644 0.0847457627118644 
0.04 0.06857142857142857 0.06857142857142857 0.045714285714285714 0.06857142857142857 0.16 0.08 0.10285714285714286 0.32571428571428573 0.04 
0.08450704225352113 0.11267605633802817 0.08450704225352113 0.16901408450704225 0.07042253521126761 0.08450704225352113 0.11267605633802817 0.09859154929577464 0.11267605633802817 0.07042253521126761 
0.07462686567164178 0.08955223880597014 0.07462686567164178 0.07462686567164178 0.11940298507462686 0.208955223880597 0.08955223880597014 0.08955223880597014 0.1044776119402985 0.07462686567164178 
0.043478260869565216 0.055900621118012424 0.043478260869565216 0.17391304347826086 0.037267080745341616 0.055900621118012424 0.055900621118012424 0.08695652173913043 0.30434782608695654 0.14285714285714285 
0.24390243902439024 0.06097560975609756 0.06707317073170732 0.06707317073170732 0.04878048780487805 0.10365853658536585 0.06707317073170732 0.14634146341463414 0.04878048780487805 0.14634146341463414 
0.06140350877192982 0.05263157894736842 0.043859649122807015 0.11403508771929824 0.06140350877192982 0.05263157894736842 0.06140350877192982 0.07017543859649122 0.40350877192982454 0.07894736842105263 
0.08333333333333333 0.15 0.08333333333333333 0.08333333333333333 0.08333333333333333 0.11666666666666667 0.1 0.08333333333333333 0.13333333333333333 0.08333333333333333 
0.08333333333333333 0.08333333333333333 0.08333333333333333 0.08333333333333333 0.11666666666666667 0.08333333333333333 0.13333333333333333 0.11666666666666667 0.08333333333333333 0.13333333333333333 
0.09166666666666666 0.05 0.058333333333333334 0.041666666666666664 0.05 0.275 0.20833333333333334 0.075 0.058333333333333334 0.09166666666666666 
0.0875 0.0625 0.1375 0.075 0.0625 0.125 0.075 0.2 0.1 0.075 
0.05699481865284974 0.05699481865284974 0.025906735751295335 0.09844559585492228 0.03626943005181347 0.09326424870466321 0.06735751295336788 0.10880829015544041 0.05181347150259067 0.40414507772020725 
0.09523809523809523 0.07142857142857142 0.07142857142857142 0.07142857142857142 0.07142857142857142 0.05952380952380952 0.23809523809523808 0.05952380952380952 0.11904761904761904 0.14285714285714285 
0.06875 0.03125 0.05 0.0375 0.0625 0.075 0.425 0.04375 0.03125 0.175 
0.1634980988593156 0.07984790874524715 0.026615969581749048 0.034220532319391636 0.026615969581749048 0.12167300380228137 0.376425855513308 0.026615969581749048 0.022813688212927757 0.12167300380228137 
0.1773049645390071 0.1276595744680851 0.03546099290780142 0.0851063829787234 0.3120567375886525 0.03546099290780142 0.05673758865248227 0.07092198581560284 0.05673758865248227 0.0425531914893617 
0.078125 0.15625 0.109375 0.078125 0.078125 0.1875 0.078125 0.078125 0.078125 0.078125 
0.06329113924050633 0.08860759493670886 0.06329113924050633 0.10126582278481013 0.10126582278481013 0.06329113924050633 0.06329113924050633 0.0759493670886076 0.22784810126582278 0.1518987341772152 
0.11290322580645161 0.08064516129032258 0.0967741935483871 0.08064516129032258 0.08064516129032258 0.08064516129032258 0.12903225806451613 0.0967741935483871 0.08064516129032258 0.16129032258064516 
0.033962264150943396 0.026415094339622643 0.07169811320754717 0.018867924528301886 0.23018867924528302 0.1509433962264151 0.37358490566037733 0.026415094339622643 0.022641509433962263 0.045283018867924525 
0.04918032786885246 0.04918032786885246 0.07377049180327869 0.3442622950819672 0.2540983606557377 0.040983606557377046 0.040983606557377046 0.040983606557377046 0.04918032786885246 0.05737704918032787 
0.03816793893129771 0.16793893129770993 0.061068702290076333 0.33587786259541985 0.04580152671755725 0.04580152671755725 0.06870229007633588 0.07633587786259542 0.06870229007633588 0.0916030534351145 
0.25333333333333335 0.10666666666666667 0.04666666666666667 0.04 0.18666666666666668 0.04 0.04666666666666667 0.12 0.04 0.12 
0.0502092050209205 0.04602510460251046 0.0502092050209205 0.26359832635983266 0.100418410041841 0.19665271966527198 0.03765690376569038 0.04184100418410042 0.06694560669456066 0.14644351464435146 
0.10588235294117647 0.12941176470588237 0.08235294117647059 0.058823529411764705 0.058823529411764705 0.058823529411764705 0.07058823529411765 0.11764705882352941 0.08235294117647059 0.23529411764705882 
0.09917355371900827 0.09917355371900827 0.04132231404958678 0.08677685950413223 0.3760330578512397 0.028925619834710745 0.049586776859504134 0.1322314049586777 0.05371900826446281 0.03305785123966942 
0.1875 0.13125 0.03125 0.0375 0.1625 0.05625 0.0625 0.20625 0.05 0.075 
0.18831168831168832 0.09090909090909091 0.05194805194805195 0.032467532467532464 0.45454545454545453 0.032467532467532464 0.045454545454545456 0.032467532467532464 0.03896103896103896 0.032467532467532464 
0.04950495049504951 0.07920792079207921 0.06930693069306931 0.38613861386138615 0.1188118811881188 0.04950495049504951 0.06930693069306931 0.06930693069306931 0.04950495049504951 0.0594059405940594 
0.0392156862745098 0.16666666666666666 0.03431372549019608 0.05392156862745098 0.03431372549019608 0.04411764705882353 0.029411764705882353 0.1323529411764706 0.03431372549019608 0.43137254901960786 
0.03070175438596491 0.043859649122807015 0.03508771929824561 0.18859649122807018 0.039473684210526314 0.37719298245614036 0.03070175438596491 0.15350877192982457 0.02631578947368421 0.07456140350877193 
0.08196721311475409 0.09836065573770492 0.13114754098360656 0.08196721311475409 0.08196721311475409 0.11475409836065574 0.08196721311475409 0.11475409836065574 0.09836065573770492 0.11475409836065574 
0.07643312101910828 0.19745222929936307 0.1337579617834395 0.17834394904458598 0.08280254777070063 0.07006369426751592 0.07006369426751592 0.07006369426751592 0.05732484076433121 0.06369426751592357 
0.03015075376884422 0.03015075376884422 0.04020100502512563 0.04020100502512563 0.21105527638190955 0.2864321608040201 0.22110552763819097 0.05527638190954774 0.035175879396984924 0.05025125628140704 
0.07352941176470588 0.1323529411764706 0.10294117647058823 0.11764705882352941 0.1323529411764706 0.1323529411764706 0.07352941176470588 0.07352941176470588 0.07352941176470588 0.08823529411764706 
0.12987012987012986 0.09090909090909091 0.09090909090909091 0.06493506493506493 0.09090909090909091 0.19480519480519481 0.09090909090909091 0.09090909090909091 0.06493506493506493 0.09090909090909091 
0.07462686567164178 0.1044776119402985 0.08955223880597014 0.07462686567164178 0.07462686567164178 0.22388059701492538 0.08955223880597014 0.07462686567164178 0.11940298507462686 0.07462686567164178 
0.18994413407821228 0.03910614525139665 0.0446927374301676 0.0446927374301676 0.49162011173184356 0.03910614525139665 0.0446927374301676 0.027932960893854747 0.0446927374301676 0.0335195530726257 
0.26576576576576577 0.07657657657657657 0.03153153153153153 0.15765765765765766 0.09009009009009009 0.14864864864864866 0.02702702702702703 0.04054054054054054 0.12162162162162163 0.04054054054054054 
0.0502283105022831 0.0639269406392694 0.3926940639269406 0.0228310502283105 0.0639269406392694 0.136986301369863 0.1780821917808219 0.0365296803652968 0.0319634703196347 0.0228310502283105 
0.0875 0.0625 0.0625 0.0625 0.1125 0.075 0.1 0.0875 0.2375 0.1125 
0.017241379310344827 0.03103448275862069 0.1 0.4 0.05862068965517241 0.23448275862068965 0.017241379310344827 0.03103448275862069 0.08620689655172414 0.02413793103448276 
0.07352941176470588 0.07352941176470588 0.10294117647058823 0.1323529411764706 0.07352941176470588 0.07352941176470588 0.16176470588235295 0.07352941176470588 0.16176470588235295 0.07352941176470588 
0.046511627906976744 0.040697674418604654 0.046511627906976744 0.05232558139534884 0.45348837209302323 0.040697674418604654 0.1686046511627907 0.040697674418604654 0.0755813953488372 0.03488372093023256 
0.03553299492385787 0.06598984771573604 0.03553299492385787 0.1319796954314721 0.04568527918781726 0.1116751269035533 0.3197969543147208 0.1116751269035533 0.08629441624365482 0.05583756345177665 
0.11864406779661017 0.03389830508474576 0.07344632768361582 0.03954802259887006 0.4293785310734463 0.10734463276836158 0.03954802259887006 0.05649717514124294 0.06779661016949153 0.03389830508474576 
0.09230769230769231 0.09230769230769231 0.07692307692307693 0.09230769230769231 0.1076923076923077 0.09230769230769231 0.1076923076923077 0.12307692307692308 0.13846153846153847 0.07692307692307693 
0.03825136612021858 0.06557377049180328 0.11475409836065574 0.19672131147540983 0.06557377049180328 0.0546448087431694 0.25136612021857924 0.07650273224043716 0.0273224043715847 0.1092896174863388 
0.07246376811594203 0.10144927536231885 0.08695652173913043 0.10144927536231885 0.07246376811594203 0.08695652173913043 0.07246376811594203 0.13043478260869565 0.07246376811594203 0.2028985507246377 
0.09523809523809523 0.1111111111111111 0.15873015873015872 0.09523809523809523 0.09523809523809523 0.07936507936507936 0.07936507936507936 0.09523809523809523 0.1111111111111111 0.07936507936507936 
0.05504587155963303 0.05504587155963303 0.045871559633027525 0.45871559633027525 0.05504587155963303 0.045871559633027525 0.045871559633027525 0.11009174311926606 0.08256880733944955 0.045871559633027525 
0.1103448275862069 0.1103448275862069 0.041379310344827586 0.04827586206896552 0.041379310344827586 0.05517241379310345 0.4413793103448276 0.041379310344827586 0.041379310344827586 0.06896551724137931 
0.04424778761061947 0.05752212389380531 0.05752212389380531 0.061946902654867256 0.02654867256637168 0.3274336283185841 0.048672566371681415 0.07079646017699115 0.26991150442477874 0.035398230088495575 
0.04225352112676056 0.056338028169014086 0.07746478873239436 0.14788732394366197 0.07042253521126761 0.04929577464788732 0.09859154929577464 0.035211267605633804 0.38028169014084506 0.04225352112676056 
0.0603448275862069 0.04310344827586207 0.08620689655172414 0.05172413793103448 0.05172413793103448 0.4482758620689655 0.05172413793103448 0.09482758620689655 0.06896551724137931 0.04310344827586207 
0.033707865168539325 0.0299625468164794 0.2397003745318352 0.0299625468164794 0.052434456928838954 0.33707865168539325 0.026217228464419477 0.08614232209737828 0.12734082397003746 0.03745318352059925 
0.06030150753768844 0.03015075376884422 0.05527638190954774 0.32160804020100503 0.05527638190954774 0.06030150753768844 0.04522613065326633 0.10552763819095477 0.05025125628140704 0.21608040201005024 
0.0963855421686747 0.060240963855421686 0.060240963855421686 0.07228915662650602 0.1566265060240964 0.060240963855421686 0.0963855421686747 0.0963855421686747 0.2289156626506024 0.07228915662650602 
0.07142857142857142 0.04591836734693878 0.07653061224489796 0.03571428571428571 0.04081632653061224 0.09183673469387756 0.061224489795918366 0.08163265306122448 0.4336734693877551 0.061224489795918366 
0.1044776119402985 0.3681592039800995 0.029850746268656716 0.05970149253731343 0.23880597014925373 0.03980099502487562 0.03482587064676617 0.06965174129353234 0.024875621890547265 0.029850746268656716 
0.10666666666666667 0.03333333333333333 0.04 0.06 0.5266666666666666 0.04 0.06 0.04 0.06 0.03333333333333333 
0.06666666666666667 0.05 0.075 0.058333333333333334 0.058333333333333334 0.05 0.1 0.2833333333333333 0.08333333333333333 0.175 
0.07853403141361257 0.031413612565445025 0.24607329842931938 0.2670157068062827 0.15706806282722513 0.031413612565445025 0.03664921465968586 0.03664921465968586 0.07853403141361257 0.03664921465968586 
0.3448275862068966 0.14285714285714285 0.04926108374384237 0.024630541871921183 0.029556650246305417 0.10837438423645321 0.03940886699507389 0.1477832512315271 0.029556650246305417 0.08374384236453201 
0.14634146341463414 0.04065040650406504 0.3821138211382114 0.06504065040650407 0.04878048780487805 0.08943089430894309 0.04065040650406504 0.08943089430894309 0.04878048780487805 0.04878048780487805 
0.07936507936507936 0.05291005291005291 0.06349206349206349 0.06349206349206349 0.4603174603174603 0.042328042328042326 0.06349206349206349 0.031746031746031744 0.031746031746031744 0.1111111111111111 
0.030456852791878174 0.04060913705583756 0.030456852791878174 0.030456852791878174 0.08629441624365482 0.14720812182741116 0.3604060913705584 0.116751269035533 0.04060913705583756 0.116751269035533 
0.15079365079365079 0.05555555555555555 0.19047619047619047 0.047619047619047616 0.23809523809523808 0.05555555555555555 0.047619047619047616 0.06349206349206349 0.07142857142857142 0.07936507936507936 
0.4134078212290503 0.061452513966480445 0.0335195530726257 0.03910614525139665 0.07262569832402235 0.1452513966480447 0.07262569832402235 0.07262569832402235 0.0446927374301676 0.0446927374301676 
0.058333333333333334 0.05 0.0375 0.020833333333333332 0.03333333333333333 0.23333333333333334 0.041666666666666664 0.05416666666666667 0.38333333333333336 0.0875 
0.09170305676855896 0.0611353711790393 0.021834061135371178 0.07423580786026202 0.039301310043668124 0.0611353711790393 0.1615720524017467 0.2838427947598253 0.05240174672489083 0.15283842794759825 
0.13114754098360656 0.03825136612021858 0.06557377049180328 0.07103825136612021 0.03825136612021858 0.19672131147540983 0.03278688524590164 0.04918032786885246 0.2677595628415301 0.1092896174863388 
0.07462686567164178 0.11940298507462686 0.07462686567164178 0.13432835820895522 0.22388059701492538 0.07462686567164178 0.07462686567164178 0.07462686567164178 0.07462686567164178 0.07462686567164178 
0.14814814814814814 0.04938271604938271 0.04938271604938271 0.04938271604938271 0.1111111111111111 0.07407407407407407 0.030864197530864196 0.24691358024691357 0.06172839506172839 0.17901234567901234 
0.06930693069306931 0.297029702970297 0.2079207920792079 0.0594059405940594 0.06930693069306931 0.09405940594059406 0.034653465346534656 0.10396039603960396 0.039603960396039604 0.024752475247524754 
0.04854368932038835 0.06796116504854369 0.08737864077669903 0.10679611650485436 0.05825242718446602 0.0970873786407767 0.3106796116504854 0.06796116504854369 0.10679611650485436 0.04854368932038835 
0.11594202898550725 0.08695652173913043 0.07246376811594203 0.08695652173913043 0.07246376811594203 0.15942028985507245 0.07246376811594203 0.10144927536231885 0.07246376811594203 0.15942028985507245 
0.08527131782945736 0.3333333333333333 0.05426356589147287 0.07751937984496124 0.10852713178294573 0.06976744186046512 0.046511627906976744 0.09302325581395349 0.046511627906976744 0.08527131782945736 
0.125 0.078125 0.09375 0.078125 0.125 0.09375 0.09375 0.078125 0.09375 0.140625 
0.03870967741935484 0.03870967741935484 0.03870967741935484 0.5806451612903226 0.07096774193548387 0.05161290322580645 0.03225806451612903 0.07096774193548387 0.04516129032258064 0.03225806451612903 
0.11235955056179775 0.056179775280898875 0.07865168539325842 0.056179775280898875 0.33707865168539325 0.056179775280898875 0.056179775280898875 0.056179775280898875 0.12359550561797752 0.06741573033707865 
0.06437768240343347 0.12446351931330472 0.034334763948497854 0.34334763948497854 0.034334763948497854 0.10300429184549356 0.02575107296137339 0.03862660944206009 0.02575107296137339 0.20600858369098712 
0.04046242774566474 0.13872832369942195 0.028901734104046242 0.14450867052023122 0.06358381502890173 0.07514450867052024 0.03468208092485549 0.15028901734104047 0.05202312138728324 0.27167630057803466 
0.07531380753138076 0.04184100418410042 0.2301255230125523 0.029288702928870293 0.0502092050209205 0.41422594142259417 0.05439330543933055 0.0502092050209205 0.02510460251046025 0.029288702928870293 
0.1267605633802817 0.07042253521126761 0.07042253521126761 0.08450704225352113 0.08450704225352113 0.09859154929577464 0.16901408450704225 0.11267605633802817 0.07042253521126761 0.11267605633802817 
0.19523809523809524 0.03333333333333333 0.04285714285714286 0.0380952380952381 0.5 0.03333333333333333 0.047619047619047616 0.0380952380952381 0.02857142857142857 0.04285714285714286 
0.04743083003952569 0.043478260869565216 0.08695652173913043 0.03557312252964427 0.44664031620553357 0.05138339920948617 0.16600790513833993 0.043478260869565216 0.043478260869565216 0.03557312252964427 
0.056 0.048 0.072 0.08 0.08 0.088 0.16 0.056 0.24 0.12 
0.056910569105691054 0.036585365853658534 0.04878048780487805 0.036585365853658534 0.04878048780487805 0.06910569105691057 0.044715447154471545 0.06097560975609756 0.47560975609756095 0.12195121951219512 
0.07092198581560284 0.06382978723404255 0.0425531914893617 0.07092198581560284 0.0425531914893617 0.10638297872340426 0.20567375886524822 0.09929078014184398 0.2127659574468085 0.0851063829787234 
0.03879310344827586 0.05172413793103448 0.23706896551724138 0.12931034482758622 0.021551724137931036 0.27155172413793105 0.02586206896551724 0.1336206896551724 0.05603448275862069 0.034482758620689655 
0.06896551724137931 0.05517241379310345 0.0896551724137931 0.2896551724137931 0.2482758620689655 0.04827586206896552 0.05517241379310345 0.041379310344827586 0.041379310344827586 0.06206896551724138 
0.0273972602739726 0.1095890410958904 0.0502283105022831 0.0684931506849315 0.0365296803652968 0.3378995433789954 0.0273972602739726 0.2328767123287671 0.0730593607305936 0.0365296803652968 
0.08333333333333333 0.25 0.09722222222222222 0.06944444444444445 0.06944444444444445 0.08333333333333333 0.09722222222222222 0.06944444444444445 0.06944444444444445 0.1111111111111111 
0.06521739130434782 0.10144927536231885 0.036231884057971016 0.09420289855072464 0.07246376811594203 0.06521739130434782 0.057971014492753624 0.17391304347826086 0.050724637681159424 0.2826086956521739 
0.04263565891472868 0.050387596899224806 0.05813953488372093 0.08527131782945736 0.3062015503875969 0.10852713178294573 0.03488372093023256 0.031007751937984496 0.05813953488372093 0.2248062015503876 
0.06701030927835051 0.02577319587628866 0.10824742268041238 0.07731958762886598 0.5412371134020618 0.041237113402061855 0.030927835051546393 0.030927835051546393 0.04639175257731959 0.030927835051546393 
0.04827586206896552 0.05517241379310345 0.2413793103448276 0.25517241379310346 0.06206896551724138 0.06206896551724138 0.034482758620689655 0.08275862068965517 0.041379310344827586 0.11724137931034483 
0.07246376811594203 0.07246376811594203 0.07246376811594203 0.14492753623188406 0.07246376811594203 0.07246376811594203 0.21739130434782608 0.07246376811594203 0.08695652173913043 0.11594202898550725 
0.045112781954887216 0.06766917293233082 0.47368421052631576 0.03759398496240601 0.03759398496240601 0.12030075187969924 0.045112781954887216 0.06766917293233082 0.045112781954887216 0.06015037593984962 
0.06086956521739131 0.06086956521739131 0.06086956521739131 0.08695652173913043 0.06086956521739131 0.05217391304347826 0.06086956521739131 0.06956521739130435 0.391304347826087 0.09565217391304348 
0.1016949152542373 0.1016949152542373 0.11864406779661017 0.11864406779661017 0.0847457627118644 0.1016949152542373 0.1016949152542373 0.0847457627118644 0.1016949152542373 0.0847457627118644 
0.26153846153846155 0.026923076923076925 0.08076923076923077 0.05 0.41923076923076924 0.03076923076923077 0.019230769230769232 0.03076923076923077 0.046153846153846156 0.03461538461538462 
0.05128205128205128 0.1641025641025641 0.035897435897435895 0.041025641025641026 0.041025641025641026 0.4512820512820513 0.1282051282051282 0.03076923076923077 0.02564102564102564 0.03076923076923077 
0.18888888888888888 0.18888888888888888 0.05555555555555555 0.05555555555555555 0.06666666666666667 0.06666666666666667 0.16666666666666666 0.05555555555555555 0.05555555555555555 0.1 
0.07462686567164178 0.07462686567164178 0.07462686567164178 0.07462686567164178 0.07462686567164178 0.1044776119402985 0.08955223880597014 0.208955223880597 0.08955223880597014 0.13432835820895522 
0.057777777777777775 0.5777777777777777 0.035555555555555556 0.035555555555555556 0.09777777777777778 0.03111111111111111 0.057777777777777775 0.044444444444444446 0.03111111111111111 0.03111111111111111 
0.030456852791878174 0.025380710659898477 0.03553299492385787 0.09644670050761421 0.06091370558375635 0.050761421319796954 0.04060913705583756 0.15228426395939088 0.43147208121827413 0.07614213197969544 
0.06451612903225806 0.0967741935483871 0.04516129032258064 0.3161290322580645 0.0967741935483871 0.03870967741935484 0.05161290322580645 0.05806451612903226 0.05806451612903226 0.17419354838709677 
0.03870967741935484 0.09032258064516129 0.41935483870967744 0.03225806451612903 0.04516129032258064 0.0967741935483871 0.08387096774193549 0.11612903225806452 0.03870967741935484 0.03870967741935484 
0.3105263157894737 0.05789473684210526 0.03684210526315789 0.042105263157894736 0.07894736842105263 0.04736842105263158 0.1736842105263158 0.10526315789473684 0.02631578947368421 0.12105263157894737 
0.08018867924528301 0.02830188679245283 0.03773584905660377 0.4339622641509434 0.2169811320754717 0.0330188679245283 0.06132075471698113 0.0330188679245283 0.0330188679245283 0.04245283018867924 
0.17670682730923695 0.028112449799196786 0.0642570281124498 0.020080321285140562 0.03614457831325301 0.5662650602409639 0.040160642570281124 0.024096385542168676 0.024096385542168676 0.020080321285140562 
0.3602941176470588 0.04411764705882353 0.10294117647058823 0.051470588235294115 0.051470588235294115 0.16911764705882354 0.03676470588235294 0.08823529411764706 0.04411764705882353 0.051470588235294115 
0.05442176870748299 0.17006802721088435 0.047619047619047616 0.17006802721088435 0.1836734693877551 0.06802721088435375 0.047619047619047616 0.04081632653061224 0.10204081632653061 0.11564625850340136 
0.09333333333333334 0.13333333333333333 0.06666666666666667 0.16 0.06666666666666667 0.06666666666666667 0.13333333333333333 0.06666666666666667 0.12 0.09333333333333334 
0.07142857142857142 0.05555555555555555 0.10317460317460317 0.03968253968253968 0.4444444444444444 0.07936507936507936 0.047619047619047616 0.047619047619047616 0.07142857142857142 0.03968253968253968 
0.05699481865284974 0.031088082901554404 0.27461139896373055 0.025906735751295335 0.37823834196891193 0.04145077720207254 0.06217616580310881 0.03626943005181347 0.04145077720207254 0.05181347150259067 
0.06329113924050633 0.06329113924050633 0.0759493670886076 0.11392405063291139 0.08860759493670886 0.16455696202531644 0.21518987341772153 0.0759493670886076 0.0759493670886076 0.06329113924050633 
0.06756756756756757 0.06756756756756757 0.06756756756756757 0.0945945945945946 0.08108108108108109 0.06756756756756757 0.10810810810810811 0.12162162162162163 0.20270270270270271 0.12162162162162163 
0.03167420814479638 0.09502262443438914 0.02262443438914027 0.04524886877828054 0.3076923076923077 0.04524886877828054 0.07239819004524888 0.19004524886877827 0.058823529411764705 0.13122171945701358 
0.08256880733944955 0.05504587155963303 0.3211009174311927 0.045871559633027525 0.05504587155963303 0.10091743119266056 0.07339449541284404 0.10091743119266056 0.11926605504587157 0.045871559633027525 
0.026785714285714284 0.29910714285714285 0.12946428571428573 0.026785714285714284 0.05357142857142857 0.24553571428571427 0.0625 0.03125 0.044642857142857144 0.08035714285714286 
0.06629834254143646 0.06077348066298342 0.03867403314917127 0.04419889502762431 0.027624309392265192 0.46408839779005523 0.06629834254143646 0.07734806629834254 0.049723756906077346 0.10497237569060773 
0.07777777777777778 0.07407407407407407 0.05555555555555555 0.03333333333333333 0.05185185185185185 0.07777777777777778 0.040740740740740744 0.22962962962962963 0.05185185185185185 0.3074074074074074 
0.3383838383838384 0.05555555555555555 0.2878787878787879 0.050505050505050504 0.05555555555555555 0.050505050505050504 0.04040404040404041 0.04040404040404041 0.030303030303030304 0.050505050505050504 
0.03571428571428571 0.07653061224489796 0.030612244897959183 0.07142857142857142 0.11224489795918367 0.05102040816326531 0.08163265306122448 0.3010204081632653 0.0663265306122449 0.17346938775510204 
0.08771929824561403 0.08771929824561403 0.08771929824561403 0.08771929824561403 0.08771929824561403 0.08771929824561403 0.10526315789473684 0.08771929824561403 0.19298245614035087 0.08771929824561403 
0.045112781954887216 0.05263157894736842 0.06015037593984962 0.42105263157894735 0.05263157894736842 0.09774436090225563 0.045112781954887216 0.10526315789473684 0.08270676691729323 0.03759398496240601 
0.22325581395348837 0.037209302325581395 0.05116279069767442 0.037209302325581395 0.4418604651162791 0.023255813953488372 0.03255813953488372 0.037209302325581395 0.08837209302325581 0.027906976744186046 
0.09090909090909091 0.07575757575757576 0.10606060606060606 0.07575757575757576 0.10606060606060606 0.12121212121212122 0.13636363636363635 0.09090909090909091 0.09090909090909091 0.10606060606060606 
0.3671875 0.109375 0.0390625 0.046875 0.0546875 0.078125 0.1484375 0.046875 0.0625 0.046875 
