0.029171425905676788 0.015578164869458242 0.07177548329957299 0.02620836194551515 0.0676057100202762 0.02648944557072303 0.025384437903342574 0.06895059366691089 0.031674335755367974 0.02586889194384772 0.015578164869458242 0.015578164869458242 0.027818635816687642 0.015578164869458242 0.03333713776401865 0.0408573682982359 0.026271076791140536 0.015578164869458242 0.015578164869458242 0.026483057484651292 0.05314086129526816 0.02776590754322667 0.04123020420705353 0.015578164869458242 0.027562190726865193 0.09584489049382133 0.015578164869458242 0.027986725582701225 0.03333713776401865 0.04061080126541204 
0.011262729739736597 0.011262729739736601 0.011262729739736637 0.07204928397399783 0.01126272973973654 0.019385095410962238 0.011262729739736592 0.011262729739736592 0.011262729739736618 0.011262729739736577 0.0112627297397366 0.5317578894771697 0.01968983738948521 0.011262729739736601 0.011262729739736613 0.011262729739736613 0.011262729739736592 0.011262729739736603 0.011262729739736597 0.011262729739736604 0.011262729739736552 0.011262729739736594 0.011262729739736597 0.011262729739736601 0.0112627297397366 0.07554965025492551 0.01126272973973659 0.011262729739736584 0.011262729739736587 0.011262729739736597 
0.0112364246822373 0.011236424682237301 0.011236424682237301 0.024533990845352693 0.02129156424931305 0.011236424682237296 0.011236424682237301 0.011236424682237293 0.024266683084172125 0.011236424682237288 0.0112364246822373 0.4704385922898614 0.011236424682237295 0.031082114024080714 0.10985676403729455 0.011236424682237305 0.011236424682237301 0.0112364246822373 0.01123642468223728 0.01123642468223729 0.01123642468223729 0.011236424682237305 0.011236424682237303 0.01123642468223721 0.011236424682237301 0.03356502819881119 0.011236424682237317 0.011236424682237301 0.03776392026187265 0.011236424682237308 
0.157111455350177 0.014316816387823011 0.014316816387823027 0.05738295462170428 0.10065210730927394 0.014316816387823058 0.025551317307139103 0.014316816387823027 0.014316816387823015 0.014316816387823027 0.014316816387823027 0.13166509977570115 0.014316816387823028 0.025048721809416693 0.014316816387823034 0.014316816387823023 0.025517729685670697 0.014316816387823028 0.014316816387823027 0.014316816387823146 0.014316816387823013 0.014316816387823027 0.06245166729098823 0.014316816387823034 0.014316816387823032 0.06970610202177598 0.014316816387823027 0.014316816387823027 0.05857651707170664 0.014316816387823027 
0.05897745343616717 0.018304488277020987 0.010458818016306454 0.010458818016306371 0.06785759146047127 0.0497000808691526 0.01045881801630646 0.010458818016306453 0.010458818016306446 0.05902882112330348 0.01045881801630646 0.060877138579158774 0.07311455505995106 0.022242015804192588 0.03327332838229633 0.1357593355761062 0.018462933879129752 0.010458818016306451 0.01045881801630646 0.01045881801630642 0.010458818016306456 0.010458818016306432 0.010458818016306454 0.010458818016306557 0.010458818016306453 0.05682058244896678 0.010458818016306453 0.01045881801630646 0.15932383268106948 0.01891675416209785 
0.013784531488789073 0.013784531488789125 0.013784531488789073 0.04971560968103422 0.026119895441847236 0.01378453148878904 0.013784531488789066 0.013784531488789076 0.01378453148878907 0.02324972022734106 0.013784531488789073 0.013784531488786911 0.013784531488789322 0.03340756453288285 0.01378453148878905 0.013784531488789087 0.04330986870703036 0.01378453148878904 0.013784531488789064 0.05359817899986909 0.013784531488788995 0.013784531488789074 0.01378453148878907 0.01378453148878908 0.05972469261189952 0.34754971547129526 0.013784531488789073 0.07384959306222283 0.013784531488789047 0.013784531488789057 
0.0122809904140981 0.012280990414098119 0.012280990414098093 0.012280990414098867 0.012280990414098218 0.12610971037788715 0.13050216485904875 0.012280990414098098 0.012280990414098098 0.0122809904140981 0.012280990414098098 0.04222902768412366 0.012280990414098088 0.02149356119540299 0.012280990414098095 0.032583811809285886 0.012280990414098095 0.012280990414098093 0.032354988310327 0.012280990414098093 0.012280990414098098 0.0122809904140981 0.026934380533140796 0.01228099041409811 0.012280990414098091 0.02636536575041174 0.012280990414098117 0.021841232733673197 0.29396594846475055 0.012280990414098091 
0.012897031921971074 0.01289703192197107 0.012897031921971074 0.012897031921971691 0.12033348158118594 0.14489828294370696 0.030715728196885863 0.012897031921971074 0.012897031921971074 0.012897031921970994 0.012897031921971074 0.04987958385870919 0.01289703192197108 0.01289703192197107 0.01289703192197106 0.027844039686138116 0.03415353364292147 0.012897031921971057 0.012897031921971067 0.02257172552921566 0.012897031921971043 0.012897031921971069 0.01289703192197107 0.012897031921971124 0.01289703192197107 0.2677575910905346 0.012897031921971077 0.012897031921971065 0.031008363109316154 0.01289703192197107 
0.017827719576153863 0.006079347025131106 0.00607934702513112 0.014586146028071605 0.6350873055572189 0.029855165114359622 0.00607934702513112 0.006079347025131123 0.006079347025131141 0.010811014284434326 0.006079347025131121 0.02777638159068699 0.05105740568266402 0.010588369972688257 0.0060793470251311495 0.013204278622922781 0.006079347025131116 0.006079347025131124 0.006079347025131104 0.0060793470251311165 0.006079347025131113 0.0060793470251311295 0.006079347025131124 0.0060793470251310905 0.024015518571994438 0.025454588778398974 0.006079347025131119 0.006079347025131125 0.030307859768040884 0.006079347025131115 
0.06912269670465268 0.012021367175646907 0.012021367175646894 0.030269679222518463 0.11717959369512689 0.02406440090752702 0.012021367175646891 0.012021367175646898 0.012021367175646898 0.01202136717564689 0.012021367175646901 0.05727668127196731 0.09161731283396732 0.023319348369782996 0.024782639981791824 0.03564424074862082 0.07611952815461595 0.012021367175646907 0.0120213671756469 0.02139229790939687 0.038692295386809454 0.012021367175646894 0.012021367175646915 0.012021367175646905 0.012021367175646894 0.020441390507381814 0.012021367175646898 0.1695605180220432 0.020196868649098 0.0120213671756469 
0.010204919416835066 0.010204919416835066 0.010204919416835052 0.010204919416834995 0.01719573842037294 0.010204919416835085 0.018513824431922767 0.01020491941683509 0.03632047748469195 0.017709097424984967 0.010204919416835065 0.646146773581654 0.010204919416835084 0.01919602265228326 0.010204919416835058 0.010204919416835068 0.010204919416835066 0.010204919416835066 0.010204919416835066 0.010204919416835061 0.010204919416835061 0.010204919416835049 0.010204919416835082 0.010204919416836121 0.010204919416834891 0.010204919416835047 0.010204919416835066 0.010204919416835066 0.01020491941683503 0.010204919416835063 
0.015646147680948085 0.015646147680948116 0.01564614768094809 0.015646147680948082 0.06492524951191728 0.015646147680948096 0.01564614768094809 0.015646147680948082 0.01564614768094809 0.015646147680948082 0.01564614768094802 0.028059517088003198 0.015646147680948082 0.02725026397136961 0.0659154958000767 0.04095025622843115 0.015646147680948085 0.015646147680948085 0.015646147680948085 0.01564614768094823 0.01564614768094805 0.015646147680948096 0.015646147680948085 0.015646147680947946 0.01564614768094808 0.38559590178261643 0.015646147680948082 0.015646147680948085 0.01564614768094805 0.027441918955734657 
0.044645700224200655 0.017110239037146095 0.017110239037146067 0.01711023903714603 0.031649953748664014 0.03163237180930059 0.02941165305404326 0.017110239037146074 0.017110239037146063 0.01711023903714609 0.017110239037146074 0.2360566249810572 0.01711023903714607 0.01711023903714607 0.01711023903714607 0.13313502481678643 0.017110239037146056 0.017110239037146067 0.01711023903714607 0.017110239037146077 0.01711023903714607 0.01711023903714607 0.017110239037146067 0.017110239037146015 0.01711023903714604 0.049572441358172084 0.017110239037146077 0.017110239037146063 0.017110239037146095 0.06747097119055911 
0.006451239497998476 0.006451239497998488 0.006451239497998477 0.006451239497998496 0.010961353485870226 0.015855507891420435 0.011584812484872161 0.006451239497998485 0.018377602783841315 0.006451239497998483 0.006451239497998483 0.6444355622722845 0.057993175864805374 0.006451239497998485 0.006451239497998484 0.006451239497998482 0.006451239497998478 0.006451239497998479 0.006451239497998479 0.006451239497998477 0.006451239497998474 0.006451239497998479 0.006451239497998472 0.0064512394980038145 0.01550572647177912 0.04201067119154656 0.00645123949799848 0.015204341172083203 0.0390464564215346 0.0064512394979984854 
0.024249715185748217 0.014223366132505277 0.014223366132505353 0.05103606587172043 0.05892395797035629 0.06322242002596744 0.027342422007491856 0.014223366132505353 0.014223366132505352 0.038046976551436185 0.014223366132505352 0.040152425877108655 0.014223366132505372 0.04615212335898991 0.01422336613250536 0.02938707963998614 0.034867735916902905 0.014223366132505359 0.01422336613250535 0.039443914682727885 0.014223366132505272 0.014223366132505353 0.10944604956151857 0.014223366132505308 0.02354267775573764 0.13186078675203752 0.014223366132505353 0.024185716748841197 0.048635278462709396 0.024600893908145478 
0.02462289379874636 0.02462289379874636 0.02462289379874636 0.024622893798746354 0.11297617128564964 0.05587475487129922 0.02462289379874636 0.02462289379874636 0.024622893798746354 0.02462289379874637 0.02462289379874636 0.04259408436861285 0.02462289379874636 0.024622893798746357 0.024622893798746364 0.024622893798746354 0.02462289379874636 0.02462289379874636 0.02462289379874636 0.04128740042253152 0.02462289379874636 0.024622893798746368 0.05249497155440712 0.02462289379874636 0.02462289379874636 0.041773233117523796 0.02462289379874636 0.024622893798746347 0.08667282700881118 0.02462289379874636 
0.014483957490460294 0.014483957490460296 0.01448395749046029 0.04154053990437758 0.03537967605140118 0.2048214598486811 0.02501981780885025 0.014483957490460289 0.01448395749046029 0.014483957490460286 0.01448395749046029 0.01448395749045977 0.014483957490460284 0.02807228476487173 0.023601439745452476 0.15123215966932338 0.11840480146502722 0.014483957490460284 0.014483957490460287 0.014483957490460298 0.04054533720305065 0.01448395749046029 0.014483957490460294 0.014483957490460308 0.014483957490460298 0.04170333372975057 0.014483957490460289 0.014483957490460284 0.01448395749046029 0.014483957490460277 
0.011590539386529083 0.011590539386529083 0.011590539386529077 0.02831788112287818 0.35992584281696005 0.09944186388250015 0.011590539386529057 0.01159053938652908 0.011590539386529071 0.011590539386529082 0.011590539386529078 0.04522282179923885 0.0115905393865291 0.020030724032224913 0.02056126553034812 0.027609248136373922 0.0706601029144231 0.011590539386529075 0.011590539386529075 0.019184792914008687 0.011590539386529052 0.011590539386529077 0.011590539386529082 0.011590539386529068 0.011590539386529071 0.02790940349808605 0.011590539386529077 0.01963937905931929 0.052866965336122854 0.011590539386529075 
0.013368232288623527 0.013368232288623485 0.013368232288623518 0.01336823228862214 0.02172196861398666 0.08545729725376947 0.30417012406499666 0.013368232288623518 0.013368232288623527 0.013368232288623558 0.013368232288623522 0.039922030605994314 0.023044934721487095 0.01336823228862317 0.013368232288623477 0.02178337854629628 0.01336823228862353 0.013368232288623515 0.013368232288623516 0.11035662837696247 0.01336823228862353 0.013368232288623516 0.013368232288623529 0.013368232288623518 0.013368232288623508 0.013368232288623341 0.013368232288623518 0.02352694029784509 0.08928381945755887 0.013368232288623515 
0.013785754432534044 0.028412692767352577 0.013785754432534046 0.013785754432534025 0.013785754432534169 0.26386967617239615 0.013785754432534015 0.013785754432534048 0.013785754432534058 0.024843916091140138 0.013785754432534044 0.013785754432534025 0.013785754432534032 0.013785754432534054 0.013785754432534048 0.04579300563341039 0.013785754432534035 0.022886827575932252 0.013785754432534028 0.026964801542625014 0.02536513103318176 0.01378575443253404 0.01378575443253403 0.013785754432534042 0.013785754432534037 0.17555150779601333 0.013785754432534046 0.013785754432534037 0.0874945453294829 0.023102807407784108 
0.015465492100352007 0.01546549210035345 0.015465492100351998 0.015465492100353426 0.04150950538348414 0.015465492100352014 0.015465492100351998 0.015465492100352007 0.015465492100351867 0.015465492100352045 0.015465492100352007 0.4172093473695085 0.015465492100351946 0.015465492100351967 0.015465492100351978 0.01546549210035201 0.02520083894064433 0.015465492100352002 0.01546549210035201 0.07182202542676626 0.01546549210035201 0.01546549210035202 0.01546549210035201 0.01546549210035201 0.015465492100351952 0.045723631820364735 0.015465492100352005 0.015465492100351978 0.015465492100352028 0.027362840650790518 
0.0064740654401929205 0.01128393921443535 0.006474065440192969 0.006474065440192939 0.006474065440192758 0.4667859279008685 0.006474065440192917 0.006474065440192927 0.006474065440192917 0.017616351078698977 0.006474065440192925 0.06441897088654833 0.006474065440192915 0.016028814161695323 0.006474065440192926 0.03988083713638618 0.010665073767105727 0.0064740654401929274 0.011806038752711284 0.10914675977078732 0.006474065440192927 0.006474065440192935 0.010549414101461424 0.006474065440192943 0.00647406544019293 0.019561443695231613 0.006474065440192953 0.006474065440192902 0.10572325161057032 0.006474065440192946 
0.023955205960574162 0.023955205960574173 0.02395520596057417 0.041450466826783015 0.06050734295742731 0.02395520596057417 0.053461899049552765 0.023955205960574162 0.023955205960574162 0.02395520596057417 0.02395520596057417 0.023955205960574197 0.02395520596057414 0.023955205960574173 0.023955205960574176 0.040959873001360156 0.02395520596057417 0.060281903459421235 0.04137924371795179 0.0590403245185093 0.02395520596057417 0.02395520596057417 0.05009922737922782 0.023955205960574166 0.042273819453252 0.07144178042503282 0.02395520596057417 0.02395520596057417 0.023955205960574096 0.023955205960574173 
0.03293562754597001 0.028680979542365644 0.008784311797961077 0.008784311797961339 0.018775895977448297 0.027105098964401775 0.4588323878621867 0.008784311797961105 0.008784311797961075 0.05603120659389526 0.008784311797961086 0.015033469888711345 0.008784311797961082 0.016178871331556075 0.008784311797961098 0.008784311797961094 0.08327498436458178 0.008784311797961086 0.00878431179796109 0.03915587531570172 0.008784311797961112 0.008784311797961087 0.022765237947403514 0.008784311797961141 0.008784311797961089 0.036409809137596366 0.008784311797961087 0.008784311797961082 0.008784311797961077 0.015487254962892792 
0.010466830785493313 0.02663486094226627 0.01046683078549331 0.05860581959912419 0.05478535780376655 0.26942379701550917 0.02483937714067877 0.010466830785493318 0.026145847619401287 0.010466830785493273 0.01046683078549331 0.030406867536883934 0.018086369839420368 0.010466830785493363 0.010466830785493306 0.010466830785493314 0.01046683078549331 0.020209911836373017 0.010466830785493307 0.132499654712673 0.017557847174429417 0.010466830785493311 0.010466830785493314 0.010466830785493363 0.0190478031854131 0.09054753275821484 0.010466830785493318 0.010466830785493307 0.0371509124056856 0.01705557864778133 
0.01671327376832706 0.01671327376832704 0.016713273768327055 0.0682223276266549 0.07391457131416206 0.10346245869466399 0.028766419341971074 0.016713273768327062 0.027234084610661638 0.01671327376832704 0.01671327376832705 0.04150114745606079 0.016713273768327066 0.03090245587120818 0.027234084610661638 0.01671327376832722 0.029228467366924166 0.016713273768327045 0.01671327376832706 0.07809795457857766 0.09448804152802491 0.016713273768327052 0.01671327376832704 0.016713273768327073 0.016713273768327066 0.04204311484514879 0.016713273768327052 0.058669379480640854 0.016713273768327163 0.028823112381402654 
0.021367817810119347 0.012320318079190146 0.01232031807919011 0.04471492036423186 0.020075814568106518 0.02935606004410289 0.02225660038700428 0.012320318079190125 0.012320318079190097 0.048212898273621185 0.01232031807919011 0.04976791524108485 0.0123203180791901 0.021177240038879656 0.012320318079190111 0.012320318079190096 0.012320318079190123 0.012320318079190087 0.012320318079190106 0.31146890368444036 0.012320318079190108 0.012320318079190129 0.07869486950386229 0.0123203180791901 0.012320318079190084 0.07222134947115573 0.012320318079190103 0.028894094344557544 0.042346108922608594 0.012320318079190103 
0.03261350740565875 0.031017067897857385 0.017621954961982416 0.017621954961982416 0.017621954961982506 0.054570711613423084 0.017621954961982426 0.017621954961982416 0.017621954961982402 0.029895999984001585 0.017621954961982416 0.040898549910126133 0.01762195496198242 0.01762195496198243 0.029787429190528524 0.017621954961982426 0.01762195496198242 0.017621954961982413 0.017621954961982416 0.10499349212991556 0.08561467614123637 0.017621954961982423 0.017621954961982426 0.017621954961982426 0.09212347066028917 0.03321802862596745 0.017621954961982416 0.02956038924083776 0.01762195496198236 0.11851148788447528 
0.012000419675862514 0.007188891640525709 0.007188891640525682 0.09193035310170243 0.011899135390111646 0.007188891640525664 0.007188891640525688 0.007188891640525692 0.007188891640525702 0.007188891640525761 0.007188891640525686 0.007188891640525514 0.007188891640525684 0.0471829341058745 0.007188891640525706 0.007188891640525688 0.018652615187325108 0.007188891640525685 0.007188891640525683 0.4189067009158468 0.016929618451573977 0.0071888916405256865 0.007188891640525865 0.007188891640525682 0.007188891640525677 0.20730664061627704 0.007188891640525687 0.02422485810435992 0.007188891640520769 0.007188891640525685 
0.01174327798864701 0.011743277988647119 0.020252035949669348 0.01174327798864712 0.2908837438759228 0.020128455069645602 0.23223363869963454 0.011743277988647013 0.011743277988647013 0.011743277988647024 0.011743277988647025 0.011743277988646767 0.011743277988646996 0.01174327798864701 0.026486001814195727 0.01174327798864692 0.030751212722155138 0.011743277988647025 0.01174327798864702 0.03011104453435697 0.011743277988647024 0.01174327798864701 0.011743277988647018 0.011743277988647029 0.019135534472929646 0.044825236604468 0.011743277988647018 0.021623461956977674 0.040447352515766984 0.011743277988647027 
0.1689773672897388 0.016244289366575723 0.01624428936657572 0.03206725443686234 0.05215011924485278 0.016244289366575723 0.01624428936657571 0.016244289366575734 0.016244289366575737 0.016244289366575723 0.016244289366575723 0.016244289366574762 0.016244289366575716 0.04092728278420337 0.016244289366575723 0.0648231549237167 0.016244289366575737 0.016244289366575734 0.016244289366575723 0.02861401323842087 0.04209529020515616 0.016244289366575723 0.14959567861905756 0.016244289366575727 0.016244289366575734 0.044958099338404486 0.016244289366575723 0.01624428936657573 0.05090595258807062 0.01624428936657573 
0.02098482675979163 0.02098482675979163 0.020984826759791634 0.06763480379127848 0.03826771295930084 0.03716178989921746 0.03588096217796025 0.020984826759791634 0.020984826759791627 0.09144576105837506 0.020984826759791634 0.03419453037377284 0.02098482675979163 0.020984826759791627 0.05276282180046403 0.020984826759791637 0.05221348765582821 0.020984826759791634 0.020984826759791637 0.04913688608657259 0.02098482675979167 0.020984826759791634 0.10733333041458074 0.020984826759791644 0.02098482675979165 0.020984826759791086 0.020984826759791634 0.020984826759791634 0.020984826759791648 0.03525620534660842 
0.01290492478810341 0.012904924788103421 0.012904924788103424 0.03088200260911537 0.08213760329690671 0.012904924788103438 0.012904924788103409 0.012904924788103431 0.012904924788103426 0.012904924788111683 0.012904924788103418 0.12682029958678886 0.012904924788103393 0.03183928268394824 0.02249184911472114 0.09511971977292244 0.031323828809548024 0.012904924788103416 0.012904924788103416 0.061197624154964964 0.12829956935955147 0.012904924788103412 0.012904924788103424 0.0383411122717206 0.012904924788103418 0.04360466766464282 0.012904924788103418 0.012904924788103421 0.05561620991873869 0.032942509358673676 
0.009626483756975739 0.00962648375697569 0.009626483756975753 0.030150502344219347 0.009626483756975744 0.009626483756975758 0.015686242969194155 0.009626483756975748 0.00962648375697576 0.009626483756975805 0.009626483756975746 0.08990635113671017 0.009626483756975751 0.009626483756975843 0.009626483756975737 0.009626483756975656 0.009626483756975753 0.03816167957496804 0.009626483756975751 0.009626483756975774 0.009626483756975762 0.009626483756975734 0.00962648375697575 0.009626483756975371 0.009626483756975735 0.5661740371274707 0.009626483756975755 0.015686242969194145 0.02282581746776706 0.009626483756975751 
0.016131246965932666 0.01613124696593266 0.016131246965932666 0.01613124696593273 0.0161312469659327 0.06886177756477314 0.016131246965932655 0.01613124696593267 0.016131246965932673 0.016131246965932627 0.016131246965932666 0.0161312469659319 0.01613124696593267 0.04179219680012365 0.01613124696593266 0.016131246965932673 0.15731848129200215 0.01613124696593266 0.01613124696593267 0.20195388428806446 0.01613124696593228 0.01613124696593267 0.01613124696593264 0.016131246965932655 0.01613124696593267 0.04025725602026334 0.016131246965932666 0.06182327592331494 0.05697444789500048 0.016131246965932666 
0.012414179772994756 0.022847751660206108 0.012414179772994744 0.012414179772994919 0.030933533216919797 0.029319751360812083 0.01241417977299474 0.01241417977299475 0.012414179772994754 0.012414179772994777 0.012414179772994744 0.045838367984167676 0.0444666478043462 0.012414179772994706 0.022753520608175908 0.012414179772994758 0.01241417977299475 0.012414179772994756 0.012414179772994766 0.0124141797729947 0.021162035081429924 0.012414179772994773 0.012414179772994758 0.012414179772994704 0.012414179772994747 0.4275898096001064 0.012414179772994754 0.012414179772994725 0.08577000566340219 0.021034981560542277 
0.007801938598963764 0.007801938598963342 0.0078019385989637575 0.007801938598963761 0.007801938598963658 0.007801938598963747 0.012978876351643825 0.007801938598963762 0.02417647298651759 0.007801938598963747 0.007801938598963746 0.04147730498544079 0.37485196662442805 0.007801938598963709 0.03534209781808753 0.05920929559423794 0.00780193859896374 0.007801938598963756 0.007801938598963758 0.007801938598963722 0.01437864145984655 0.007801938598963747 0.007801938598963753 0.007801938598965879 0.020193672448882306 0.014271478306143618 0.007801938598963746 0.007801938598963778 0.2470814214455212 0.007801938598963751 
0.038568406346977065 0.01686952500021207 0.005162769678852783 0.017882681468218253 0.00516276967885276 0.0738842521191637 0.06135559229392972 0.0051627696788527815 0.009322505860490486 0.005162769678852796 0.005162769678852777 0.02825542062584785 0.015946135930049354 0.028801884761671347 0.008776767182194285 0.05776301480503464 0.03244952403398521 0.022759823783222822 0.009393759130026077 0.005162769678852777 0.01911124344016575 0.005162769678852782 0.2108515617439884 0.005162769678852802 0.0051627696788527815 0.08843411204376915 0.005162769678852776 0.005162769678852772 0.1776427845203694 0.025140538443293264 
0.025366381915638395 0.014678060954124711 0.014678060954124772 0.03082089582718791 0.07355443030657864 0.1124598418003522 0.02623222805951976 0.014678060954124782 0.014678060954124779 0.014678060954124779 0.014678060954124782 0.1315139989642858 0.01467806095412479 0.026591763270328295 0.014678060954125294 0.014678060954124774 0.03998995505823819 0.014678060954124788 0.01467806095412478 0.027040696864552363 0.014678060954124786 0.01467806095412477 0.014678060954124798 0.014678060954124795 0.014678060954124822 0.20181478340260592 0.014678060954124782 0.014678060954124803 0.02573186640234332 0.014678060954124782 
0.01775292514583308 0.01775292514583308 0.01775292514583306 0.14410636809942678 0.031243623016154225 0.01775292514583307 0.03723361246340273 0.01775292514583309 0.01775292514583308 0.02928525415470505 0.017752925145833084 0.01775292514583306 0.01775292514583308 0.0432291683802656 0.017752925145833067 0.07373948201972828 0.156525895272454 0.01775292514583308 0.017752925145833084 0.017752925145833015 0.01775292514583287 0.01775292514583308 0.03393545637169404 0.017752925145833084 0.01775292514583308 0.055412388777809525 0.01775292514583308 0.04023024852769944 0.017752925145833022 0.017752925145833084 
0.01593864552796515 0.015938645527965218 0.015938645527965135 0.05208131650616852 0.033543634141881704 0.050973301308355375 0.04232408325960498 0.015938645527965128 0.015938645527965114 0.015938645527965135 0.015938645527965135 0.04065394930489286 0.015938645527965138 0.015938645527965166 0.015938645527965145 0.08007466243522521 0.015938645527965152 0.0159386455279652 0.01593864552796514 0.2949328029920311 0.027052919923243726 0.01593864552796514 0.04365177404132497 0.01593864552796513 0.015938645527965138 0.01593864552796524 0.015938645527965138 0.015938645527965135 0.015938645527965114 0.015938645527965128 
0.020494389602036166 0.012080251897700922 0.01208025189770092 0.019595310722913612 0.012080251897700931 0.02069769185247979 0.012080251897700914 0.012080251897700931 0.012080251897700905 0.012080251897700858 0.01208025189770092 0.5240583934183964 0.01208025189770092 0.020060304510498762 0.012080251897701585 0.02193407915925226 0.022813788114391918 0.012080251897700922 0.012080251897700926 0.037779277407336005 0.012080251897700922 0.012080251897700924 0.01208025189770092 0.012080251897701759 0.026349094473179208 0.03642856389735471 0.012080251897700924 0.020264320785849735 0.012080251897700936 0.01208025189770092 
0.04519144202997614 0.015136947347622267 0.015136947347622243 0.015136947347626124 0.015136947347622243 0.024665479099223685 0.01513694734762224 0.01513694734762224 0.027609059139402498 0.015136947347622106 0.01513694734762224 0.024636479377023533 0.015136947347622227 0.34709306936216233 0.027688838223043643 0.028515155976518547 0.08978004283668153 0.015136947347622273 0.015136947347622248 0.015136947347622267 0.015136947347622252 0.01513694734762224 0.02692043383709899 0.015136947347622288 0.015136947347622241 0.03452095160634837 0.015136947347622236 0.025110550787827916 0.025803445467494204 0.01513694734762224 
0.098652875107478 0.009910443479296439 0.009910443479296429 0.3311847352949733 0.023031079592695923 0.022348861516001812 0.009910443479296425 0.009910443479296415 0.05508936164329822 0.019610437597978737 0.009910443479296416 0.03157357085232559 0.04536051502666655 0.021915429344403145 0.016403879016818224 0.009910443479296416 0.11773394782487231 0.009910443479296406 0.009910443479296429 0.01711780096398056 0.00991044347929853 0.009910443479296429 0.009910443479296434 0.009910443479296416 0.009910443479296422 0.031499967070491866 0.009910443479296429 0.009910443479296425 0.009910443479296448 0.009910443479296446 
0.01620604304724443 0.016206043047244476 0.01620604304724444 0.01620604304724444 0.016206043047244295 0.016206043047246432 0.04080033747086047 0.016206043047244437 0.016206043047244437 0.22849424401883855 0.01620604304724444 0.026407558068550597 0.01620604304724443 0.01620604304724414 0.01620604304724444 0.042442902877338484 0.016206043047244444 0.01620604304724445 0.016206043047244448 0.20024421922997318 0.01620604304724444 0.016206043047244437 0.03404578563713511 0.016206043047244448 0.016206043047244448 0.03891877567326239 0.01620604304724444 0.016206043047244437 0.03211322998465144 0.016206043047244448 
0.009582616108853236 0.009582616108853232 0.009582616108853248 0.01580884394730458 0.04581578586622596 0.044181994467923105 0.147375279942644 0.009582616108853246 0.009582616108853251 0.009582616108853317 0.009582616108853236 0.05784982071582388 0.009582616108853258 0.009582616108853241 0.02045867403291802 0.00958261610885328 0.00958261610885323 0.009582616108853243 0.017631189104768318 0.00958261610885336 0.009582616108853229 0.009582616108853251 0.009582616108853248 0.009582616108853246 0.009582616108853257 0.38483920683639844 0.009582616108853246 0.00958261610885328 0.05822672246862882 0.01616016044028805 
0.030577643375057043 0.01285700153337903 0.012857001533379039 0.022208658978234833 0.012857001533378579 0.022146882014746284 0.012857001533379021 0.012857001533379027 0.021732947542101793 0.012857001533379027 0.012857001533379035 0.09857010928931557 0.3653678045900439 0.02095033399518707 0.05137618007354846 0.0492513246107528 0.021960585388854384 0.012857001533379151 0.012857001533379039 0.012857001533379021 0.012857001533379028 0.012857001533379028 0.012857001533379025 0.012857001533384236 0.012857001533379018 0.022915813181488096 0.012857001533379032 0.012857001533378994 0.041515689359861926 0.012857001533379035 
0.012251208321897774 0.012251208321897725 0.012251208321897774 0.012251208321897768 0.012251208321897716 0.012251208321897761 0.019963201024906264 0.012251208321897765 0.16659990043980377 0.033716695912913076 0.012251208321897775 0.035827516629164474 0.21389660565445953 0.1516323601458468 0.06514054797256252 0.02608852503895517 0.012251208321897784 0.019963201024906136 0.012251208321897774 0.012251208321897775 0.022147279718530692 0.012251208321897774 0.01225120832189777 0.012251208321897624 0.012251208321897774 0.012251208321897727 0.01225120832189777 0.01225120832189777 0.012251208321897827 0.012251208321897767 
0.014640490116120342 0.014640490116120383 0.014640490116120335 0.014640490116120279 0.10528967832684831 0.04101702666014767 0.025385144745558703 0.014640490116120349 0.02504356875326092 0.06785131905459618 0.01464049011612033 0.033865208729540276 0.014640490116120343 0.014640490116120362 0.014640490116120319 0.01464049011612017 0.014640490116120331 0.03082445762630767 0.03695526536495637 0.025832201902522608 0.032271163049232325 0.01464049011612033 0.014640490116120333 0.01464049011612029 0.014640490116120343 0.12109442349382679 0.01464049011612034 0.02901099452940991 0.09836134980077674 0.09295035610507961 
0.00743744073935036 0.00743744073935025 0.007437440739350368 0.007437440739350346 0.007437440739350392 0.012476121048156848 0.054667846987818396 0.007437440739350358 0.007437440739350358 0.018639915503011893 0.007437440739350337 0.06704008925868396 0.46522142705224545 0.012953490376772066 0.10075931237069918 0.05660893481498541 0.00743744073935037 0.007437440739350346 0.007437440739350356 0.018634163416282865 0.007437440739350363 0.007437440739350358 0.007437440739350358 0.007437440739347215 0.01301662832379546 0.012602236448209594 0.007437440739350354 0.007437440739350372 0.033505901091017185 0.007437440739350386 
0.025318227402220887 0.015136548279625166 0.01513654827962517 0.030347748072711334 0.05858692320312674 0.027014298259526864 0.04561312843580037 0.015136548279625173 0.08979002885883823 0.015136548279625165 0.015136548279625166 0.1449512966936141 0.07039004513381561 0.015136548279625163 0.015136548279625179 0.015136548279625177 0.015136548279625352 0.02466482882257841 0.015136548279625172 0.015136548279625163 0.04718524245305181 0.015136548279625166 0.015136548279625175 0.015136548279626579 0.10447484358801036 0.02638132074484224 0.015136548279625153 0.026846669642400043 0.03625062621545868 0.015136548279625163 
0.030599951289142304 0.013751056494653625 0.01375105649465363 0.36103812385860024 0.013751056494653635 0.013751056494653628 0.013751056494653616 0.013751056494653625 0.013751056494653614 0.013751056494653646 0.013751056494653628 0.08505122672216439 0.013751056494653609 0.07401659636461648 0.013751056494653639 0.013751056494653625 0.013751056494653606 0.013751056494653654 0.013751056494653632 0.013751056494653616 0.10551768939916485 0.013751056494653628 0.013751056494653606 0.013751056494653649 0.013751056494653632 0.013751056494653625 0.013751056494653628 0.013751056494653554 0.013751056494653593 0.013751056494653625 
0.014996106469081541 0.014996106469081548 0.014996106469081536 0.014996106469081569 0.38990543158286467 0.026454440828499758 0.014996106469081536 0.014996106469081536 0.014996106469081541 0.03361280575040958 0.014996106469081534 0.07945464497682592 0.014996106469081527 0.026341711440949312 0.014996106469081543 0.014996106469081543 0.014996106469081644 0.014996106469081527 0.01499610646908154 0.03534447573564815 0.02643760527104085 0.01499610646908153 0.014996106469081567 0.014996106469081536 0.01499610646908155 0.014996106469081547 0.014996106469081534 0.014996106469081536 0.02630180583538813 0.04122884272767984 
0.015588103465574966 0.015588103465574162 0.015588103465574987 0.0263494901216801 0.015588103465575045 0.02934993307807165 0.04252271958007978 0.015588103465574954 0.015588103465574979 0.015588103465574972 0.015588103465574984 0.07173598501385745 0.025400632729760602 0.015588103465574925 0.015588103465574965 0.015588103465575015 0.015588103465574982 0.015588103465574961 0.015588103465575024 0.029663830298084212 0.015588103465575003 0.015588103465574984 0.029614352744696308 0.015588103465574975 0.015588103465574984 0.015588103465575041 0.015588103465574992 0.015588103465574987 0.39083472099226363 0.027178162664473995 
0.013228294921510645 0.013228294921510557 0.013228294921510632 0.04112311384735515 0.01322829492151065 0.05991528840779114 0.01322829492151061 0.013228294921510647 0.027968333851672304 0.013228294921510678 0.013228294921510649 0.049197032122360186 0.013228294921510649 0.01322829492151062 0.013228294921510687 0.032262594921718096 0.02300357202404702 0.01322829492151064 0.013228294921510652 0.28833846707297783 0.013228294921510675 0.013228294921510649 0.013228294921510656 0.013228294921510626 0.01322829492151063 0.03215162659740418 0.013228294921510649 0.01322829492151068 0.16824577780295202 0.013228294921510647 
0.04144275700586723 0.011465005554129392 0.011465005554129408 0.011465005554129269 0.020840617377323106 0.011465005554129404 0.011465005554129415 0.011465005554129399 0.011465005554129448 0.01146500555412936 0.011465005554129399 0.056162671264164854 0.011465005554129392 0.07796468577381795 0.011465005554129411 0.011465005554129389 0.011465005554129373 0.0203246408249029 0.3361593900880695 0.01146500555412942 0.10856993911499563 0.0114650055541294 0.011465005554129376 0.011465005554129395 0.011465005554129406 0.027311264547092186 0.011465005554129395 0.0630983993008027 0.018825523620388862 0.011465005554129399 
0.0922826622969599 0.0123383258178784 0.012338325817878451 0.02146335171248519 0.2841792475264924 0.02010515796820143 0.04052767202014946 0.012338325817878444 0.012338325817878514 0.027341479370350193 0.012338325817878486 0.02718724546178112 0.024693203289056935 0.012338325817878438 0.023418934707797424 0.027805279415135924 0.08392965002361409 0.012338325817878467 0.012338325817878465 0.03867944024794994 0.012338325817878443 0.012338325817878457 0.02010515796820146 0.012338325817878464 0.012338325817878462 0.04287845739333738 0.012338325817878457 0.012338325817878448 0.021763862679440908 0.030902636468749453 
0.03090423016221341 0.021587879573872017 0.013248256607624341 0.04478539861596214 0.023949706605468794 0.013248256607624334 0.03810692624097879 0.01324825660762434 0.02407526015236498 0.013248256607624352 0.013248256607624341 0.04333048260788757 0.36742991289655813 0.022708049501639873 0.013248256607624334 0.013248256607624319 0.022323895549323042 0.013248256607624345 0.01324825660762435 0.04091792072683522 0.013248256607624413 0.013248256607624341 0.013248256607624341 0.013248256607624319 0.023186421007339204 0.04776744926582164 0.013248256607624341 0.027754350067493255 0.022448267911902787 0.013248256607624334 
0.01354866215133166 0.013548662151330724 0.013548662151331659 0.01354866215133151 0.013548662151331275 0.013548662151331608 0.022834896411233964 0.013548662151331662 0.013548662151331646 0.09039940086265238 0.013548662151331662 0.395749497984843 0.03590557232521419 0.013548662151331632 0.013548662151331669 0.013548662151331662 0.03364740344369549 0.013548662151331672 0.013548662151331667 0.013548662151331698 0.013548662151331662 0.013548662151331659 0.01354866215133168 0.013548662151331665 0.013548662151331662 0.02284612581787937 0.013548662151331655 0.013548662151331652 0.013548662151331698 0.08699787367385513 
0.05421880555538138 0.019220092739134158 0.010763064568281229 0.04456159716909145 0.027066879051558794 0.03862834514843299 0.05010459034815084 0.010763064568281215 0.010763064568281236 0.048573098633321064 0.010763064568281203 0.3354121093498155 0.010763064568281213 0.01834743447755923 0.030160744165828132 0.018942068932726246 0.010763064568281154 0.029881769899882213 0.01076306456828122 0.02339257909331783 0.01845395934844413 0.010763064568281213 0.010763064568281229 0.010763064568281223 0.010763064568281244 0.01850117465882911 0.010763064568281215 0.028787918829431717 0.05582699321144478 0.010763064568281166 
0.008832553848145252 0.022140729598070407 0.008832553848145238 0.02297292656522581 0.008832553848145259 0.014886374013630512 0.08672341202075617 0.00883255384814526 0.008832553848145252 0.008832553848145262 0.008832553848145287 0.37656161987127407 0.015505923542580879 0.043410433847876975 0.008832553848145271 0.15332801282258604 0.014955843173048145 0.008832553848145267 0.02022200395531441 0.020327719103376028 0.008832553848145255 0.008832553848145252 0.018834068652608536 0.008832553848136665 0.008832553848145255 0.027825527727647622 0.00883255384814525 0.014388321759621596 0.01542877562421241 0.00883255384814526 
0.08424021047410807 0.1858462710573175 0.010858291330266476 0.010858291330266497 0.01085829133026645 0.010858291330266502 0.01899796795882454 0.010858291330266473 0.010858291330266466 0.010858291330266476 0.010858291330266473 0.051556810716781434 0.030711234692705064 0.010858291330266482 0.010858291330266463 0.01085829133026649 0.010858291330266475 0.010858291330266475 0.010858291330266464 0.010858291330266485 0.010858291330266468 0.010858291330266475 0.010858291330266463 0.010858291330266497 0.14672178523359586 0.010858291330266468 0.010858291330266471 0.010858291330266473 0.010858291330266515 0.2321850192705336 
0.11696317891541427 0.009862282565509962 0.016636142045495208 0.05303039677613555 0.0181689936489911 0.009862282565510007 0.00986228256551 0.009862282565509993 0.00986228256550999 0.021849262624891876 0.009862282565509998 0.03949253621382398 0.048528174358858464 0.017260462446481908 0.21199323923369304 0.009862282565509986 0.022245485571281795 0.009862282565510017 0.009862282565509993 0.01708145742669734 0.009862282565509898 0.009862282565510009 0.18522810745878343 0.01667079754833653 0.024855727611468866 0.00986228256551001 0.009862282565509993 0.009862282565510009 0.04206179963701348 0.00986228256550999 
0.014005629091573055 0.014005629091572226 0.014005629091573027 0.014005629091573003 0.014005629091573036 0.014005629091573038 0.024725799768345897 0.014005629091573041 0.014005629091573045 0.014005629091572975 0.014005629091573046 0.051600044212718056 0.014005629091573045 0.02589390509541882 0.032584704343902614 0.014005629091573052 0.01400562909157304 0.014005629091573074 0.014005629091573043 0.41402641748132374 0.014005629091573055 0.014005629091573046 0.030509949816678112 0.014005629091573074 0.025362918417802287 0.03528271549348466 0.014005629091573046 0.014005629091573062 0.042073634231372135 0.037827329307491844 
