0.046300630173098795 0.03427213991938044 0.023367247304187388 0.02336724730418744 0.09200547707982955 0.08251703144224913 0.023367247304187364 0.04644549317237851 0.023367247304187353 0.0455820810513147 0.03365797437857676 0.023367247304187284 0.023367247304187364 0.03505318969674644 0.02336724730418735 0.023367247304187336 0.04892277418812099 0.023367247304187405 0.26605279006732124 0.05888519309330801 
0.02537554541576011 0.03676409949787835 0.027701408526228707 0.09106926305396819 0.016894094609604903 0.016894094609604948 0.01689409460960488 0.02637509927449864 0.029448038998937786 0.024830561773996226 0.016894094609604896 0.016894094609604896 0.01689409460960493 0.03626012127316588 0.14944585796747392 0.28305689864778566 0.05756998761394616 0.025940167403849232 0.0679042882852638 0.016894094609604917 
0.016854637023355937 0.05966428663158385 0.016854637023355955 0.024473548777622416 0.01685463702335595 0.01685463702335597 0.016854637023355892 0.016854637023355993 0.01685463702335594 0.016854637023355944 0.3673678839652755 0.016854637023355944 0.0329342383454386 0.016854637023355944 0.01685463702335596 0.01685463702335597 0.02988489542529079 0.01685463702335594 0.24971022852781424 0.01685463702335596 
0.021475224581734526 0.04354514869033847 0.02147522458173449 0.0670799217907012 0.02147522458173454 0.1469360894388706 0.06098706114440027 0.05251731917438916 0.021475224581734568 0.04462056425390214 0.03199894009915406 0.02147522458173458 0.02147522458173454 0.031563803974676355 0.0619227237511831 0.030806102713750394 0.19267243272629098 0.021475224581734547 0.06354809558847849 0.021475224581734627 
0.171695042600148 0.043910660139211036 0.01568822702445967 0.03210124484577218 0.08113671277383193 0.02369234288728299 0.015688227024459583 0.036136694355134905 0.022458778511918756 0.015688227024459742 0.14308394686726372 0.01568822702445968 0.01568822702445967 0.05437156381567402 0.09383591928372682 0.015688227024459607 0.15638305069989036 0.015688227024459697 0.01568822702445965 0.015688227024459676 
0.03880189775724898 0.04910332083165582 0.020676797233183608 0.13902435321485776 0.020676797233183615 0.03185722197420329 0.02067679723318356 0.06661695835629454 0.14714684435501685 0.02973143270800785 0.020676797233183563 0.020676797233183677 0.020676797233183615 0.07239227995604941 0.030141985971735598 0.08029458327926177 0.02067679723318366 0.020676797233183605 0.07158838317225875 0.07788636055793625 
0.0583754214014315 0.018421485621147128 0.018421485621147152 0.01842148562114716 0.13633330870677474 0.04257584554832933 0.0968744606548827 0.018421485621147177 0.0275298005771844 0.045535672146446105 0.018421485621147198 0.02763405640245231 0.03231217346374414 0.01842148562114715 0.05857995378462647 0.018421485621147152 0.018421485621147145 0.2680107546148887 0.04044518210893326 0.018421485621147142 
0.14622054712480906 0.019345547882956622 0.04299810153061047 0.019345547882956643 0.05373433282555187 0.07215241538457706 0.06383745058759514 0.019345547882956612 0.030417118753188664 0.12344713504107467 0.046406625414212574 0.029068736093715755 0.05291659593243482 0.02746407900734622 0.13776350572154583 0.01934554788295693 0.019345547882956622 0.02847982779539282 0.019345547882956615 0.029020241490201177 
0.014019063955727263 0.09177111457521307 0.042824378682263985 0.013927669489064081 0.028803748513973795 0.013224821468976614 0.02239539029436488 0.05393088865064204 0.009119020537696702 0.037339256098222466 0.013178483515715444 0.009119020537696702 0.018226164972106582 0.40314594498065437 0.06302343699420453 0.04613417658686312 0.07481067353179054 0.013340712720323188 0.009119020537696655 0.022547013356741537 
0.034446719629440084 0.018032050763470305 0.018032050763470378 0.11298649200102065 0.018032050763470378 0.04343412146454599 0.018032050763470406 0.01803205076347034 0.01803205076347034 0.018032050763470357 0.02596831152341907 0.03469150249562393 0.018032050763470354 0.01803205076347033 0.018032050763470284 0.316127189532041 0.14869774019777182 0.01803205076347034 0.06726331399449367 0.018032050763470316 
0.023312852912944434 0.03632205588298661 0.015307379125252707 0.01530737912525264 0.015307379125252582 0.015307379125252615 0.04178467846863027 0.23205782594862534 0.1392655543743973 0.02510460281279895 0.015307379125252577 0.2801335819218038 0.015307379125252615 0.015307379125252601 0.023597515448250065 0.015307379125252596 0.015307379125252592 0.03004016185179462 0.015307379125252584 0.015307379125252606 
0.03477729514495886 0.023469221521422116 0.023469221521422126 0.03588259092847722 0.023469221521422126 0.023469221521421894 0.023469221521422116 0.023469221521422116 0.02346922152142215 0.3919498842562341 0.07709582752461615 0.02346922152142207 0.04700193241632403 0.03494591163309736 0.023469221521422133 0.023469221521422143 0.023469221521422126 0.023469221521422116 0.023469221521422116 0.07324667831778071 
0.11277174428358064 0.04121593078157132 0.060797078718938136 0.025665358555719105 0.03876185579974156 0.025665358555719095 0.02566535855571908 0.11888024094028675 0.025665358555719095 0.0832516375704877 0.054354960074604594 0.03739269267676707 0.10961145266871591 0.08630882092811346 0.025665358555719116 0.025665358555719133 0.025665358555719116 0.025665358555719105 0.025665358555719022 0.025665358555719116 
0.00967685924699775 0.009676859246997665 0.019911245866127553 0.06884628548385995 0.02171807889687245 0.009676859246997724 0.014329312732632354 0.4057262400341832 0.10400673410027748 0.03565449570909441 0.014157807139796745 0.12384744534349278 0.014222830927810503 0.023618788212881714 0.02100598664488855 0.02828327730599465 0.009676859246997713 0.03831150369188637 0.013737839243966515 0.013914691678219808 
0.021335049198758026 0.07409560512822806 0.02133504919875799 0.06469080032981009 0.021335049198758 0.16338797168377336 0.06754129069430839 0.047158944410956374 0.021335049198758043 0.07845871327472373 0.030654360821990308 0.021335049198758057 0.03171257697439815 0.04781707799437843 0.05853977392687444 0.04685234041044764 0.040314841287496295 0.02133504919875805 0.054853357392043896 0.06591205047801803 
0.036934340698119524 0.08368220167193219 0.03693434069811954 0.036934340698119544 0.0369343406981195 0.06480641845378032 0.06972429257449585 0.03693434069811954 0.06619432203180807 0.05490553126798604 0.036934340698119524 0.07449025815960111 0.03693434069811954 0.05764834637351233 0.0681862017706724 0.036934340698119524 0.036934340698119524 0.03693434069811954 0.036934340698119544 0.05408468001689684 
0.09945092922632928 0.05542756578112972 0.040579805866110236 0.08512970081143756 0.05642191965345839 0.021725936235690482 0.021725936235690427 0.02172593623569048 0.03084341849068259 0.032558453834443626 0.030843418490682565 0.021725936235690413 0.021725936235690434 0.04234009446048045 0.2362871294311709 0.038293782589500655 0.021725936235690475 0.02172593623569044 0.07801629147904801 0.02172593623569045 
0.06771658450375055 0.1515407086871855 0.03352508997385328 0.06871582996595618 0.06974524306324725 0.017385809079793604 0.01738580907979343 0.03268329152300915 0.033094775598371824 0.01738580907979362 0.02598204437378689 0.025553272686260824 0.017385809079793563 0.017385809079793604 0.22150175048646134 0.03697193050800705 0.01738580907979362 0.07827167625214775 0.017385809079793542 0.032997138819413116 
0.046908167367316095 0.02005234843293496 0.02005234843293526 0.07102243146624629 0.051063614004002424 0.020052348432935293 0.06777713997251247 0.020052348432935248 0.029663445022491793 0.06711186285007288 0.029681412987438285 0.039084432900713076 0.020052348432935237 0.16043634205003032 0.03787882646505297 0.020052348432935276 0.02005234843293527 0.1718427274433391 0.03106228623121035 0.05610087220900961 
0.05258423560925581 0.04105384628265718 0.1565945267187872 0.020678631648801078 0.28733414377097666 0.02067863164880103 0.03252005061074195 0.020678631648801068 0.020678631648801085 0.020678631648801075 0.029356603224808077 0.020678631648801075 0.0479874908131359 0.04362181965754011 0.040353944319297744 0.029529067357585863 0.020678631648801037 0.03075455801478379 0.042880660430021374 0.020678631648801096 
0.02319823815052801 0.06385322399658624 0.032933584990820344 0.023198238150527895 0.03689386667972687 0.05050492893983118 0.035546622904461284 0.0406234849359773 0.05493591180377457 0.2485758465115248 0.09681081182171206 0.02319823815052795 0.04669000734119179 0.02319823815052799 0.04191955040843083 0.02319823815052798 0.02319823815052799 0.023198238150527968 0.04634301006984036 0.041981482542442224 
0.13282688654013786 0.024932251075080115 0.014669658934381 0.009711098160289417 0.3674956502058475 0.009711098160289363 0.03875573284504538 0.0097110981602894 0.009711098160289384 0.027861047039489262 0.009711098160289366 0.02354374677832297 0.02585842728837791 0.009711098160289377 0.1319029124205744 0.009711098160289396 0.0097110981602894 0.026724874379966523 0.009711098160289377 0.0980289290501619 
0.05293747598164723 0.03593280894086125 0.05175729716632383 0.03593280894086121 0.035932808940861254 0.12244764833804125 0.07225950643970833 0.05866761758567926 0.03593280894086125 0.03593280894086125 0.03593280894086125 0.03593280894086125 0.05436115464503746 0.06543950202983984 0.03593280894086125 0.035932808940861254 0.03593280894086125 0.05335684669823887 0.03593280894086125 0.07351205276601162 
0.013176467696941621 0.09709354932370039 0.029079334793551754 0.02143227239487858 0.01982241488429069 0.030346849870083056 0.013176467696941672 0.013176467696941611 0.013176467696941621 0.02503794149235694 0.013176467696941597 0.013176467696941589 0.013176467696941621 0.09857982118184219 0.08598667355036035 0.028549847260655525 0.04907869071276923 0.35769804573710623 0.013176467696941621 0.05188281722289964 
0.015700246178240004 0.06002752760777594 0.03444111756593569 0.03555545440348914 0.059737330254301106 0.015700246178239948 0.015700246178239962 0.015700246178239913 0.015700246178239986 0.07253191826791977 0.03995703320685838 0.032225597927458424 0.03718273684583653 0.07921438791052345 0.18680776126457252 0.06810062630165198 0.015700246178239965 0.01570024617823993 0.042646395558160535 0.14167038963785608 
0.05054523040365359 0.05630461926617314 0.037179749265566206 0.02506991065249066 0.057205057552490564 0.025069910652490604 0.025069910652490555 0.025069910652490587 0.025069910652490604 0.025069910652490545 0.0355907214948251 0.04943320126573944 0.025069910652490583 0.02506991065249052 0.15145607250244741 0.05062747513569141 0.05216587181144521 0.025069910652490732 0.19415526232650493 0.03970754310304296 
0.018480477118785112 0.060127310201233915 0.04022413013784961 0.11485228970752631 0.03978205437259616 0.11715325315739912 0.04457314972815522 0.018480477118785164 0.018480477118785157 0.10672981670287977 0.01848047711878517 0.0548831599184045 0.03107547849701268 0.018480477118785133 0.027228255198183032 0.03505425338415259 0.018480477118785074 0.018480477118785157 0.018480477118785008 0.18047303204432746 
0.03837136672182898 0.026432932442973633 0.026432932442973622 0.02643293244297363 0.026432932442973633 0.02643293244297363 0.026432932442973612 0.1009344481412805 0.02643293244297361 0.026432932442973556 0.026432932442973636 0.02643293244297358 0.1679608204601207 0.08856109058416352 0.02643293244297363 0.02643293244297363 0.041424484886649966 0.026432932442973612 0.026432932442973633 0.1926867350043233 
0.010783337460788472 0.01078333746078852 0.015308660875243647 0.03427580123607865 0.01851605751885397 0.07612364751356986 0.010783337460788533 0.016257341663886943 0.035504435271804066 0.02186439704598937 0.029874729548098354 0.05592003786382435 0.020297267226813683 0.01963821517029456 0.010783337460786517 0.12422890242794893 0.03041433447320475 0.016249211103357412 0.03435842588910528 0.408035185328722 
0.0176149169829705 0.017614916982970456 0.034732944214376324 0.03963056143241874 0.05567745356197678 0.025007173467253178 0.017614916982970512 0.02600623664958758 0.017614916982970436 0.03527465482581185 0.017614916982970526 0.017614916982970536 0.02729955827808716 0.3739751277301095 0.07328901806370251 0.017614916982970494 0.025721993980826297 0.11547108642319565 0.017614916982970494 0.026994855508908847 
0.06201529567348418 0.02436643404986359 0.03673615792170872 0.024366434049863592 0.037635636727073506 0.19462176120252447 0.02436643404986359 0.04867543956335301 0.02436643404986358 0.024366434049863554 0.02436643404986358 0.03981104134448235 0.024366434049863585 0.024366434049863585 0.03568090735695162 0.024366434049863592 0.16503016193129447 0.036136463389425 0.0999927943910656 0.024366434049863585 
0.03147724013968742 0.062088025324444865 0.031477240139687446 0.031477240139687473 0.06689090688435949 0.16226410830449386 0.031477240139687446 0.03147724013968745 0.03147724013968745 0.06354742856326873 0.04869317954018937 0.03147724013968745 0.03147724013968745 0.06093543119802657 0.03147724013968745 0.05018510109565814 0.04626454236375951 0.031477240139687446 0.06472957586245581 0.05962929946646837 
0.10157251193585584 0.03589157510262739 0.01935738718215516 0.027611154298287078 0.029120866731953705 0.019357387182155194 0.028944311508772847 0.019357387182155118 0.019357387182155118 0.05516120757877872 0.01935738718215515 0.3022038730069236 0.03939497175272534 0.029120866731953687 0.02834592609266051 0.019357387182155114 0.0193573871821551 0.01935738718215513 0.12960843752231999 0.03816520027990428 
0.2736968251965129 0.02756875113132964 0.014439725635463613 0.014439725635463628 0.01443972563546357 0.031038817333833214 0.14202639440195255 0.01443972563546343 0.025943912513541275 0.02122318524172878 0.03226063631253569 0.24306830179746414 0.014439725635463606 0.014439725635463656 0.014439725635463644 0.020499484847682038 0.021223185241728858 0.014439725635463616 0.03149297526252131 0.014439725635463634 
0.024196870448898986 0.03526942003603279 0.03504847277139029 0.1616434731694696 0.02419687044889909 0.024196870448898917 0.06504007137796694 0.024196870448899004 0.024196870448898983 0.02419687044889891 0.02419687044889895 0.024196870448898962 0.024196870448898986 0.024196870448899007 0.12662145040501205 0.03685729594551619 0.024196870448899007 0.02419687044889898 0.11864340368210602 0.13051396722570643 
0.026435850989567904 0.018621269659492116 0.01862126965949211 0.01862126965949213 0.05593748412172078 0.027712259917233688 0.06953936226796797 0.02852983779682416 0.048768945560544376 0.03714062310341759 0.04557357306072926 0.08040640528409218 0.044477839845140824 0.3024744838681438 0.027447758106717523 0.026378823708542404 0.018621269659492137 0.04730344496810137 0.029025469774447803 0.02836275898884377 
0.05444386447207376 0.016614137220779795 0.02231652799088918 0.062304255922181966 0.011702907898445651 0.011702907898445632 0.19439222714550075 0.3335255174809502 0.025676135734945954 0.011702907898445627 0.10300263629168235 0.02330897519617536 0.011702907898445582 0.028914860287547035 0.011702907898445613 0.011702907898445632 0.011702907898445632 0.030174691171290395 0.011702907898445612 0.011702907898445653 
0.11502307607816434 0.017258186131680318 0.019912398482532827 0.04006449215745191 0.04092081052741142 0.29167992956801075 0.1327749510445867 0.007744154518279165 0.010970341472138295 0.02238242765752431 0.011779866852704001 0.00774415451827917 0.03053155350381514 0.03563569783043928 0.04305690690171581 0.007744154518279151 0.04526044640238844 0.04514785255328825 0.06662444476301937 0.00774415451827927 
0.03307089687940559 0.06272496224552858 0.06543608686181508 0.1537576634238012 0.07480565790756699 0.02201709143118719 0.022017091431187148 0.039614308040208934 0.0358075479293967 0.0872708685501368 0.07713261708820177 0.02201709143118718 0.02201709143118721 0.02201709143118719 0.08603538416412541 0.03459050729932427 0.06125413225056491 0.022017091431187165 0.034379727341614985 0.022017091431187016 
0.051897641902368216 0.026629387718749627 0.0266293877187496 0.16255658246984336 0.04388043601990138 0.1943464288381056 0.04214613104213628 0.026629387718749627 0.02662938771874961 0.0555973184515453 0.04611007503631927 0.026629387718749644 0.026629387718749627 0.026629387718749637 0.03816171672762157 0.026629387718749627 0.02662938771874961 0.02662938771874958 0.0609259211880066 0.0380838711366555 
0.05877482048803673 0.023907968291947693 0.047691648063498286 0.023907968291947686 0.023907968291947652 0.040376606559543 0.034665675467848475 0.03714287464969489 0.0457238104431252 0.0482283681652693 0.06385865918769476 0.023907968291947357 0.05714205970424274 0.02390796829194776 0.035388365711128855 0.04119805841387724 0.023907968291947693 0.03906197813703606 0.039490168694311725 0.2678090965630035 
0.01812037784655138 0.018120377846551395 0.0264600877966042 0.0567381891913604 0.05108103203149925 0.018120377846551395 0.018120377846551395 0.2002097322514367 0.018120377846551378 0.03486431221766895 0.0451963027038113 0.285950524369174 0.03582839523340996 0.01812037784655138 0.046889063002869144 0.01812037784655138 0.018120377846551388 0.018120377846551326 0.025724755475087416 0.027974205108102605 
0.047642123180310844 0.02270542102143331 0.0227054210214334 0.06844566289953243 0.02270542102143335 0.09177918902767987 0.02270542102143335 0.07667597427493204 0.055843821289599235 0.13298324088588157 0.04996633633540563 0.02270542102143239 0.04169294960843185 0.02270542102143338 0.022705421021433362 0.04125242018974898 0.10933999736414791 0.022705421021433334 0.03448890751091023 0.06824600926194743 
0.02734268230783093 0.029554745565775357 0.014865665218944614 0.37823115591081674 0.01486566521894464 0.01486566521894465 0.014865665218944649 0.024330965338592574 0.02686247112633487 0.02687065108405131 0.028259544000834 0.014865665218944508 0.014865665218944602 0.021104173763387774 0.05046218907024403 0.06889247956467738 0.11511838634612695 0.02501850309297305 0.06765388775128808 0.02110417376338375 
0.02430906457086669 0.17831305686697632 0.024309064570866675 0.02430906457086666 0.059454335047777945 0.04214880716075737 0.02430906457086671 0.02430906457086666 0.02430906457086665 0.06044443875053803 0.024309064570866623 0.024309064570866602 0.024309064570866644 0.024309064570866633 0.03861643708744605 0.02430906457086667 0.024309064570866592 0.037994078137335845 0.024309064570866536 0.2670110075278964 
0.04238878050036021 0.021048408453050744 0.014373924163279874 0.022391168111003147 0.06891472464500575 0.021336396244117383 0.020698895222636113 0.023429656594300186 0.014373924163279844 0.2956435366312544 0.0329843695120146 0.03790213430856038 0.05035835668405741 0.07209557696465498 0.02655809578999789 0.04320607799345937 0.014373924163279837 0.14197302768876432 0.014373924163279855 0.02157509800364465 
0.0452968908549893 0.028389086155543895 0.028637159744924406 0.042910625384541365 0.030752771915522073 0.019285502300068546 0.036476920511097716 0.27656630026790185 0.047566580935917875 0.01928550230006856 0.059622567052497806 0.05929359200408748 0.07991237433373244 0.01928550230006854 0.04234865523178937 0.019285502300068508 0.07793807902563009 0.01928550230006859 0.019285502300068567 0.028575382781435784 
0.02608880518585517 0.018376812482846658 0.0278792783399941 0.018376812482846658 0.01837681248284665 0.018376812482846658 0.018376812482846627 0.17328333033901822 0.34097375849556943 0.018376812482846658 0.12782265831759537 0.018376812482846637 0.0313090877917104 0.018376812482846637 0.018376812482846654 0.01837681248284666 0.03374451925325097 0.018376812482846644 0.01837681248284671 0.018376812482846658 
0.04870065763180313 0.08149805067837804 0.0630199970954534 0.02196073517418049 0.15694747163666198 0.021960735174180544 0.040266247474088676 0.02196073517418049 0.03303933975332673 0.08356663925207711 0.05855978301136484 0.045208580952761444 0.07469470916409575 0.02196073517418052 0.06127803168841534 0.021960735174180474 0.03252676207253838 0.05744553178243929 0.031483786761499905 0.021960735174180405 
0.10236563578443812 0.0361928866396293 0.011156161109025502 0.011156161109025526 0.03226733731732534 0.01115616110902554 0.041405158384639304 0.4122852776918693 0.018433503138430958 0.03278316905590594 0.1552101307627522 0.011156161109025493 0.011156161109025533 0.011156161109025562 0.01115616110902554 0.011156161109025568 0.02092370150835739 0.03657158862639187 0.011156161109025549 0.01115616110902557 
0.02270482241943777 0.022704822419437696 0.09792359174834453 0.03543535037823234 0.03223310296239101 0.022704822419437734 0.05010023794218751 0.20893645621131668 0.09421828628114662 0.05034557921306997 0.02270482241943783 0.05718118770849777 0.04084645514165301 0.022704822419437717 0.04430021593182432 0.02270482241943771 0.03288650154203341 0.0644261750408303 0.022704822419437762 0.03223310296239098 
0.020626584741980557 0.16348062494515886 0.020626584741980418 0.07152617331449818 0.020626584741980435 0.02062658474198039 0.020626584741980425 0.020626584741980446 0.03380840314516968 0.020626584741980456 0.020626584741980432 0.04658241059337123 0.020626584741980442 0.046472644053280096 0.02062658474198061 0.12922108904394608 0.04613160916540364 0.02927008245199907 0.20661453112538722 0.020626584741980432 
0.02249415970362241 0.04514899329671511 0.09506031715391355 0.0224941597036223 0.042710521926063116 0.053088759720066915 0.03379985906992896 0.022494159703622237 0.05110213312539413 0.02249415970362243 0.03301226491748968 0.1018163505248792 0.042842528970188004 0.033935658505581535 0.04439758295094126 0.022494159703622306 0.022494159703622302 0.02249415970362231 0.06421071419218655 0.20141519772130084 
0.02338215519836252 0.023382155198362564 0.02338215519836246 0.023382155198362477 0.023382155198362474 0.03740840447748382 0.35912050647215854 0.023382155198362474 0.03470722231309908 0.02338215519836256 0.023382155198362498 0.0352277745820915 0.04121550863916267 0.06085681770333082 0.07048391360594254 0.02338215519836248 0.056211463271353325 0.02338215519836254 0.047564681753413676 0.023382155198362467 
0.019842442382265974 0.01984244238226599 0.029056215075559905 0.039204207800478126 0.08945675234598813 0.01984244238226599 0.10479394795124548 0.019842442382265974 0.03778541967534488 0.019842442382265964 0.029653334860298645 0.019842442382266078 0.019842442382265964 0.029464163462747297 0.04188915640901887 0.01984244238226597 0.019842442382266033 0.019842442382265995 0.07876062772793323 0.3215117508687253 
0.03296311311368523 0.01719750833119409 0.017197508331194083 0.02655798218151757 0.024619418750441553 0.025455601526352144 0.017197508331194107 0.017197508331194065 0.0927189213896631 0.0171975083311941 0.03039499840096082 0.02466974005580122 0.017197508331194097 0.017197508331194083 0.017197508331194104 0.04482989879122193 0.0543923470163079 0.35041779940394086 0.1309855171560023 0.024414595564570075 
0.018507488726817786 0.026599283044322748 0.19997335978536798 0.02960773432103233 0.028198189353630648 0.02627432087714067 0.01850748872681767 0.01850748872681764 0.01850748872681768 0.018507488726817747 0.018507488726817695 0.018507488726817675 0.018507488726817675 0.037939129438368455 0.26415539315858527 0.018507488726817675 0.12265872096765106 0.04276217294635454 0.018507488726817685 0.036756808839384286 
0.019872384911436496 0.019872384911436516 0.019872384911436516 0.27533760569147686 0.019872384911436496 0.019872384911436506 0.03450571158416132 0.1546335621078767 0.03962669361222063 0.01987238491143651 0.01987238491143651 0.01987238491143649 0.030595627017867073 0.02821200787768424 0.03834538534788417 0.06298204591676122 0.04783854685680839 0.04470926243620451 0.01987238491143652 0.06436208734814625 
0.0387099728804385 0.06898661970820685 0.02032299322699747 0.06422287000724218 0.02032299322699748 0.03046939872870962 0.04093986928342697 0.020322993226997495 0.04046441729062726 0.25351830868291997 0.03802653057336998 0.020322993226997543 0.13650679325096107 0.020322993226997457 0.04744917871132098 0.020322993226997495 0.02032299322699748 0.04753034297117451 0.02032299322699757 0.030591752095611418 
0.016144596852421828 0.20530331796648202 0.20887364528665067 0.02372896676169985 0.01614459685242195 0.016144596852421787 0.03933045504750472 0.016144596852421752 0.016144596852421828 0.03178300918194629 0.08542363567518042 0.01614459685242174 0.03884023051325741 0.016144596852421814 0.045566506335629454 0.016144596852421807 0.09090648928974737 0.023816345074335003 0.06112602719576185 0.016144596852421846 
0.11504075266505012 0.022200129155891934 0.013248830772217904 0.013248830772217859 0.029183438831794438 0.028769760884101398 0.019845052548284985 0.04884099172088951 0.04535467824145602 0.013248830772217895 0.013248830772217902 0.3543608873403079 0.013248830772217973 0.02655700652214298 0.013248830772217843 0.01324883077221789 0.02848049287145165 0.10590548738453513 0.023118755636339975 0.05960075079220581 
0.0162874369953997 0.016287436995399716 0.016287436995399602 0.024813166306954775 0.016287436995399703 0.01628743699539971 0.016287436995399703 0.21386896974054 0.0162874369953997 0.024813612476917084 0.016287436995399675 0.0162874369953997 0.23778662949098553 0.18171918121891248 0.016287436995399716 0.016287436995399696 0.08897432283009103 0.016287436995399706 0.01628743699539969 0.01628743699539971 
0.014793423848265081 0.014793423848265 0.014793423848264976 0.027176626854036812 0.028436560913517945 0.23675711370280372 0.04018442593694153 0.04454542655411552 0.01479342384826499 0.02219160372923688 0.2647422871590156 0.02160193883109153 0.014793423848265005 0.022012598709452432 0.02310013493174611 0.014793423848265026 0.12101999480723136 0.022108232201752287 0.014793423848264984 0.022569088731219815 
0.0323657329635888 0.021008443637359583 0.021008443637359566 0.02100844363735957 0.021008443637359528 0.03380088811147775 0.029824823745940105 0.021008443637359545 0.030075035362247274 0.021008443637359465 0.206951829957758 0.07948323622644657 0.20316310194625842 0.03326598937491289 0.021008443637359604 0.03292347369423901 0.02100844363735957 0.021008443637359556 0.021008443637359542 0.10806145224353449 
0.02067935611300631 0.2900789866454286 0.1494324939276768 0.020679356113006316 0.02067935611300631 0.020679356113006295 0.034174472525406605 0.020679356113006316 0.048739271733315215 0.030904052016418798 0.0489455033126458 0.02067935611300633 0.02067935611300633 0.047560066364787955 0.02067935611300631 0.04305132057151374 0.05852892569240243 0.020679356113006298 0.03194751785972342 0.030523184333619394 
0.03946356743882446 0.014333309338003962 0.026326502592492706 0.03185083783900775 0.009000682147644252 0.06352826127952259 0.009000682147644512 0.012733532333186167 0.02457915109047787 0.04698148434603015 0.018944744439071244 0.3894830391030051 0.03502695902097258 0.022929273719368048 0.038811611199250494 0.15489371906543042 0.009000682147644328 0.0136466709660072 0.009000682147644268 0.03046460763877909 
0.03905079474631882 0.015597889933791438 0.03258708449965247 0.026101268430032458 0.015597889933791444 0.08297006913666136 0.015597889933791458 0.03040009250214171 0.015597889933791466 0.028262777657440882 0.015597889933791442 0.03481900184664369 0.015597889933791416 0.022804698841695704 0.04588717615043834 0.05463965077611599 0.10093714398377418 0.03700718486350015 0.06472042234684924 0.30622529461595815 
0.026022759387008727 0.15160135547512843 0.03884063617294918 0.156652533450278 0.09816620349730426 0.026022759387008782 0.026022759387008747 0.03694344167029825 0.026022759387008734 0.03694344167029836 0.0401123547176346 0.026022759387008744 0.026022759387008734 0.026022759387008782 0.03773204484263004 0.05083688751890124 0.026022759387008734 0.05780072406360509 0.046517192734840174 0.039671109090045835 
0.0542950159246597 0.06273071611599627 0.06061612920801536 0.020867173749192117 0.18549992277954713 0.07782492453546622 0.05082786016743454 0.029181027753267932 0.007160389311338666 0.07660895681339233 0.021985213914452052 0.034532130503235885 0.02044835649888257 0.01140374705219634 0.04820437084032553 0.018444169650625515 0.13515331672849265 0.040954397426114876 0.03187797929103446 0.011384201736336311 
0.01799869341160883 0.029702323238266545 0.25399273576887377 0.027174740268366786 0.02849643766054584 0.017998693411608792 0.034008800459115446 0.04064952111814146 0.02669995655807828 0.02622287975687251 0.017998693411608795 0.017998693411608823 0.01799869341160872 0.20414402327215042 0.017998693411608792 0.1051616360393971 0.017998693411608778 0.04643771646778478 0.03331968209954013 0.017998693411608785 
0.050310278081026366 0.016402298706387975 0.03394779346719635 0.008932471829062703 0.008932471829062738 0.020246703089597928 0.008932471829062644 0.008932471829062741 0.008932471829062733 0.04380841748511817 0.34424089556308346 0.08713731817867817 0.1927742798861555 0.008932471829062734 0.01772815638862302 0.015240205709998433 0.008932471829062753 0.03505468616981285 0.00893247182906267 0.07164919264185529 
0.03669900639338161 0.060232717377541885 0.0745880570447969 0.054481577163007264 0.019096387831129297 0.04984254692547617 0.027506266526666785 0.019096387831129245 0.019096387831129227 0.01909638783112924 0.019096387831129467 0.019096387831129234 0.07982688989243307 0.019096387831129193 0.2522184422343368 0.01909638783112921 0.10090813198952105 0.028354937094684996 0.02811753316287446 0.05445279154625393 
0.024447124894402664 0.024447124894402653 0.07145296418153547 0.31260850745566554 0.024447124894402646 0.07524705909422272 0.024447124894402653 0.02444712489440263 0.024447124894402754 0.024447124894402664 0.024447124894402646 0.024447124894402653 0.024447124894402705 0.02444712489440268 0.04877200049812383 0.07883426687712757 0.034706578157647015 0.024447124894402664 0.024447124894402653 0.060566000108454005 
0.013944061317645926 0.01394406131764594 0.02444796258964041 0.11430916742287629 0.013944061317645943 0.020494668931909037 0.013944061317645926 0.027392354545551046 0.02064810599012691 0.0269512449058316 0.08231636452556142 0.07961188863092293 0.06602044155791592 0.013944061317645893 0.028628280214869732 0.013944061317645928 0.013944061317645896 0.02100886723429473 0.0487039148795844 0.3418583093474127 
0.02910505508418376 0.16321499420812663 0.03634123487343768 0.07644164829747485 0.020058658442988677 0.020058658442988708 0.08788011003895246 0.03491556525045486 0.07080158316903427 0.054025584906673634 0.02005865844298865 0.020058658442988687 0.02005865844298865 0.029290441290912975 0.02005865844298889 0.031064351341626065 0.16581979404893135 0.0303007624043125 0.04203190093206312 0.02841502349587339 
0.01848061433936815 0.018480614339368134 0.036236116534741465 0.01848061433936787 0.05901086040408988 0.018480614339368113 0.04526996638475399 0.018480614339368102 0.026768639764378307 0.0801952061417648 0.018480614339368148 0.029360277407627672 0.01848061433936814 0.02623616841412159 0.018480614339368085 0.02954911791261892 0.16761241728008755 0.23897268286105253 0.04060763318227156 0.07233599899753324 
0.012303552414352215 0.012303552414352928 0.030943416963730028 0.07316844373394894 0.01965899443110888 0.17122237832693518 0.01960042576757581 0.012303552414352836 0.018708706480810487 0.01230355241435281 0.01746684754669091 0.012303552414352822 0.01928156560533028 0.017933689356794506 0.012303552414352846 0.2097460291971898 0.11276518690748087 0.012303552414352818 0.03253707195166058 0.1708423768302579 
0.09279777547469782 0.04032416716626193 0.03353997737976455 0.06508851917636554 0.021648457027971312 0.021648457027971288 0.02164845702797128 0.19426092112390472 0.1913739798963061 0.030733424444760547 0.051840735434596656 0.03152566359949034 0.021648457027971288 0.021648457027971305 0.021648457027971257 0.03219694314908396 0.02164845702797135 0.031024649661707173 0.021648457027971302 0.03210558726927076 
0.02500388569765451 0.016298094353786513 0.07353669468694096 0.09695834130025983 0.04125400237073113 0.016298094353786565 0.024448758796521794 0.029270485173945454 0.3663071948868773 0.033126871468783285 0.01629809435378653 0.016298094353786676 0.025860502694203393 0.01629809435378657 0.0646029166393035 0.01629809435378658 0.016298094353786548 0.01629809435378655 0.06242362959196253 0.026821961862524075 
0.21243261002980127 0.05200346897643089 0.030490339505614725 0.030422090894786168 0.0342353792760937 0.042094185963595064 0.2071127657713432 0.02117339225366402 0.021173392253664 0.04503589956839802 0.021173392253664172 0.030668321651530654 0.021173392253664002 0.021173392253664047 0.03443290318342719 0.03100179813966128 0.021173392253664006 0.031005187131172066 0.070851304132509 0.02117339225366404 
0.3716088640295744 0.03886551017392537 0.011293330081293735 0.00768369997374275 0.07628614381668046 0.007683699973742748 0.01530038164184844 0.03499517270188111 0.007683699973742788 0.011179158550052751 0.12711890986334462 0.007683699973742742 0.007683699973742739 0.007683699973742829 0.03066720105845772 0.03145885464390167 0.12825206572134284 0.018374352200162217 0.028905739559723295 0.029592116115352687 
0.012683484749658169 0.06557498231082395 0.029972281964356966 0.07023507577241592 0.022923173615209166 0.17219247069405508 0.018223727274969837 0.019695101770434598 0.03141101095401726 0.0824098425282805 0.02487712992602289 0.04239380153835366 0.012683484749658035 0.019433765505614833 0.026668813779184255 0.04180046781547821 0.17505880842738392 0.06241324161092031 0.037695353227333375 0.03165398178584662 
0.05573864250448143 0.010904309906050553 0.02514689675672211 0.017926252997820045 0.056787945292915656 0.026142229928385816 0.027831886305276894 0.010904309906050522 0.010904309906050532 0.017764162016491475 0.010904309906050536 0.016180621669489356 0.010904309906050597 0.022646084014865456 0.016749243203039887 0.5604397474451561 0.05704229890383294 0.010904309906050569 0.02327381961914838 0.01090430990605058 
0.045072711113544536 0.030349755961335767 0.020692908433454216 0.10069510041817605 0.02069290843345417 0.32287170810773713 0.04838651669017833 0.03143195646623067 0.04381804986441989 0.02937687138904187 0.020692908433454147 0.04089305792891751 0.020692908433454203 0.020692908433454126 0.020692908433454105 0.06758299128192097 0.02979842794842843 0.020692908433454147 0.02069290843345423 0.04417958536248122 
0.02982634380665079 0.05660376956859466 0.01080557304782058 0.02276991975766422 0.0298024343986072 0.04849569241034368 0.02768841432202821 0.010805573047820599 0.015336784672176328 0.02154265665281257 0.028743887357584683 0.02685717939366028 0.01080557304782069 0.058299816922497576 0.1585656327284756 0.14092580546793432 0.016364237250053162 0.03689898292939006 0.22215977392664035 0.026701949291461143 
0.06683047530347458 0.09173109640845321 0.066086242643947 0.07928626628114781 0.024664595701833898 0.024664595701833922 0.03584720832573541 0.024664595701833904 0.03699934102957057 0.04429626354716483 0.03688786028329837 0.12292268427502664 0.06777815220559719 0.024664595701833887 0.04732475247739537 0.03501531252243313 0.02466459570183457 0.03808748177799055 0.07255833905728157 0.03502554535231406 
0.04631532554775215 0.15398593928386892 0.023292084674292987 0.023132185713280882 0.029940897720714756 0.10221856656301513 0.023182194222757285 0.016329411528724178 0.016329411528724157 0.23065893126591494 0.03584913177783807 0.0962738942395068 0.01632941152872422 0.034398422583736155 0.051762431318634526 0.02468629297071279 0.016329411528724143 0.016329411528724205 0.02632723294562006 0.0163294115287241 
0.014361859431396073 0.11994052329138383 0.02089662837512643 0.016821677087063117 0.024299006662147248 0.010032251359242288 0.01003225135924225 0.010032251359242322 0.027023388796063863 0.4647121060608489 0.015346777919998682 0.010032251359241809 0.041411485008439 0.010032251359241759 0.07654026613466874 0.04808978029746724 0.01423917807902659 0.014943747468890645 0.015685007245676903 0.0355273113455765 
0.03490699260209757 0.03630155418156462 0.02213901470888661 0.022139014708886674 0.03253942783248568 0.08681888375396668 0.052674801185045556 0.04000551839584599 0.02213901470888665 0.043490897406450554 0.03323527177923225 0.02213901470888661 0.022139014708886646 0.022139014708886597 0.08558078427521426 0.03542215725220965 0.05701936590261844 0.039470921105498595 0.022139014708886635 0.26756032136557245 
0.02464760350806944 0.025406691251920733 0.03401916231631148 0.025598425157137113 0.01711972409051554 0.01711972409051556 0.028124121010941888 0.2907113241733657 0.054949216032291526 0.02568128493223345 0.017119724090515504 0.2155498405097875 0.07071026924688682 0.01711972409051544 0.033367929766403064 0.017119724090515494 0.01711972409051548 0.017119724090515487 0.017119724090515487 0.034276339370518084 
0.04966705000476031 0.03522005212480732 0.17801455474757275 0.023769984166328553 0.04711133835013594 0.023769984166328525 0.039649874200435004 0.023769984166328525 0.02376998416632852 0.034942934627969956 0.02376998416632852 0.041976654991655225 0.04826855026146992 0.052860303678083705 0.08897753519169582 0.07207187521846724 0.0991291226839403 0.02376998416632854 0.023769984166328514 0.04572026475470111 
0.01626945811270878 0.03150920658928028 0.01626945811270878 0.03609029251064127 0.016269458112708815 0.03187141899432278 0.023097080822807703 0.041499392018549 0.03897772675691542 0.046664612280921114 0.016269458112708832 0.02576874797155913 0.016269458112708815 0.023290850884078923 0.06239972941003366 0.07272474969716824 0.1393310873943273 0.016269458112708815 0.14175380943467847 0.18740454655846558 
0.06209634238320195 0.012862704821140793 0.01286270482114079 0.01826065323108314 0.34601114800240024 0.020181977756476528 0.07595287956628452 0.0128627048211408 0.012862704821140852 0.027195324814114703 0.06486677297997051 0.012862704821140889 0.02624181060426735 0.012862704821140847 0.02465991469870883 0.1355595580966616 0.012862704821140825 0.026375154278256593 0.03601610217950961 0.04654342766105763 
0.03688179969395669 0.027163692994608135 0.009299787904584618 0.045397069696173055 0.21977983026798067 0.04960140940369499 0.03952350449918586 0.01023828788075486 0.009237404114842217 0.04929808576026512 0.01758293133459023 0.009503772672377921 0.006443322304259977 0.036616422852098984 0.28069320043887575 0.055269977916232005 0.006443322304259978 0.029221019093548076 0.05203536617863351 0.009769792689071927 
0.029073429112405444 0.17894460860195502 0.04798886780244645 0.027286324017006532 0.04886457885748325 0.011490744323418942 0.021364225149487815 0.021665436249256608 0.016779236405595248 0.06476438075196174 0.034423781313901204 0.04345788964401762 0.011490744323418985 0.2544434634808471 0.016810436858620752 0.01653327301463621 0.016312937315650894 0.029260300550301318 0.011490744323418949 0.09755459790416764 
0.029927263749350883 0.02019199486812916 0.008061845641562657 0.017285532862909868 0.03394681983356322 0.036555351644542905 0.01749770648529774 0.008061845641562626 0.02524727912841128 0.4126662395971694 0.011627088712138267 0.015148564153424818 0.018811762802151775 0.05917981405398897 0.09984886177490039 0.011942037213823843 0.06342020036411412 0.020128495877022343 0.030969094334375537 0.05948220126154243 
0.04067519272139698 0.030069295624151365 0.01630411056626727 0.010896868117764727 0.05048560175400745 0.010896868117764786 0.022740391280998907 0.031168267123184608 0.03606348843865012 0.06724703272797516 0.037184088050722895 0.010896868117766112 0.010896868117764802 0.016867022726475174 0.02159744845425016 0.06186609958078767 0.026257509600522186 0.01673018461703607 0.41055804257912254 0.07059875168339382 
0.023517802836425548 0.01566303713268947 0.03899970272286105 0.023840858901872715 0.01566303713268945 0.015663037132689475 0.01566303713268952 0.13776329383806715 0.06358593284229223 0.02928177541869339 0.01566303713268949 0.015663037132689482 0.16143433442308522 0.01566303713268949 0.04889201111420266 0.04204127485331272 0.168696320442602 0.10233615775910143 0.034306237785970264 0.015663037132689517 
