0.07870453508149035 0.06426813130669291 0.08673786058988074 0.08249196061813957 0.08143277530245763 0.1023550159299617 0.13245218726353983 0.1642126987700181 0.11711291570430898 0.09023191943351035 
0.01873352773922344 0.011668233635920138 0.8813680387777973 0.011668233635919486 0.01822079803153819 0.011668233635920124 0.011668233635920129 0.011668233635920122 0.011668233635920143 0.011668233635920096 
0.42130643696878445 0.038905996230366925 0.2674455931882796 0.03890599623036697 0.038905996230366884 0.038905996230366925 0.03890599623036693 0.038905996230366925 0.038905996230366925 0.03890599623036693 
0.015478089752973741 0.015478089752984358 0.842344764032622 0.01547808975298274 0.033830517943497694 0.015478089752984378 0.015478089752984373 0.015478089752984368 0.015478089752984411 0.015478089752984368 
0.03835362084965126 0.024813673229704968 0.6689514661779955 0.024813673229704795 0.11899920036446242 0.02481367322970495 0.024813673229704944 0.024813673229704975 0.024813673229704934 0.024813673229704944 
0.06690623077701063 0.04525431742973203 0.5384352338861317 0.04525431742973295 0.07787831332875506 0.045254317429732044 0.04525431742973203 0.04525431742973203 0.04525431742973203 0.04525431742973203 
0.936447078494966 0.0022393301508965686 0.044432841676943356 0.002239330150896568 0.0034447687718121957 0.0022393301508965785 0.0022393301508965738 0.0022393301508965694 0.0022393301508965733 0.0022393301508965707 
0.05040706908290513 0.03897783967407894 0.6286937618764659 0.038977839674079105 0.04805429132202467 0.038977839674078966 0.03897783967407895 0.03897783967407891 0.038977839674078946 0.03897783967407894 
0.06430938315770926 0.05328051834658058 0.5094464700696213 0.053280518346580714 0.05328051834658115 0.05328051834658058 0.05328051834658058 0.05328051834658058 0.05328051834658058 0.05328051834658058 
0.026811986979578012 0.02681198697957996 0.7501038731320745 0.026811986979579365 0.035400231031313276 0.026811986979579913 0.026811986979579927 0.026811986979579906 0.026811986979579906 0.026811986979579896 
0.01845330942199663 0.014465385488923573 0.8596757900364549 0.014465385488922691 0.020613202119081107 0.01446538548892329 0.014465385488923321 0.014465385488923281 0.014465385488923285 0.0144653854889233 
0.022447975810678904 0.018481857093363883 0.3799267939544319 0.01848185709336268 0.4682522305813239 0.01848185709336391 0.018481857093363915 0.01848185709336382 0.018481857093363904 0.018481857093363894 
0.06627541008401816 0.06627541008401772 0.3051156095017058 0.06627541008401794 0.164681109826167 0.06627541008401769 0.06627541008401769 0.06627541008401769 0.06627541008401769 0.06627541008401769 
0.027753134493441148 0.027753134493444305 0.7344479605065468 0.02775313449344373 0.02775313449344024 0.027753134493444326 0.04352696354587018 0.027753134493444326 0.027753134493444322 0.027753134493444315 
0.27066501433835866 0.057592000589279255 0.2685989809474116 0.05759200058927919 0.05759200058927877 0.05759200058927926 0.057592000589279255 0.057592000589279255 0.057592000589279255 0.05759200058927924 
0.029509052232426856 0.014353389606942985 0.8517578901926777 0.014353389606943198 0.018259330326295266 0.014353389606942985 0.014353389606943014 0.014353389606943061 0.01435338960694303 0.014353389606943014 
0.03772104107101518 0.02465837397331305 0.7650119671424389 0.024658373973313958 0.02465837397331418 0.02465837397331306 0.02465837397331306 0.024658373973313025 0.0246583739733131 0.024658373973313056 
0.015566299064074127 0.015566299064072158 0.845625495215409 0.015566299064073795 0.029844112271962212 0.015566299064072147 0.01556629906407213 0.015566299064072125 0.015566299064072128 0.015566299064072074 
0.3649497524307665 0.01366694048752874 0.443245986787715 0.013666940487528848 0.09613567736876753 0.013666940487528749 0.0136669404875287 0.013666940487528707 0.013666940487528761 0.013666940487528742 
0.010170027488650221 0.010170027488651444 0.8471479452297975 0.013843576710465324 0.06781828563914663 0.01017002748865135 0.010170027488651354 0.010170027488651418 0.010170027488651423 0.010170027488651324 
0.011431284631458481 0.011431284631460396 0.882338128623685 0.011431284631462906 0.026211594324719475 0.01143128463146036 0.011431284631460327 0.011431284631460405 0.01143128463146037 0.011431284631460393 
0.026489530177870587 0.026489530177871933 0.747202683302541 0.0334040078534556 0.03396659759889965 0.02648953017787194 0.02648953017787196 0.02648953017787195 0.02648953017787194 0.026489530177871926 
0.017839632488964342 0.011503868763026013 0.787642730512381 0.01150386876302602 0.11399055565741861 0.01150386876302609 0.011503868763026077 0.011503868763026047 0.011503868763026042 0.01150386876302609 
0.5575362168142679 0.017918972100125465 0.28183777088677503 0.017918972100125503 0.035193207598024724 0.01791897210012544 0.017918972100125448 0.01791897210012546 0.017918972100125472 0.017918972100125493 
0.09805986295635541 0.018451742835093803 0.46960391084995523 0.018451742835093255 0.3031740263480423 0.018451742835093796 0.018451742835093776 0.0184517428350938 0.018451742835093807 0.01845174283509382 
0.023912625047006926 0.018948929026991333 0.8010399044991684 0.018948929026991607 0.042404967264885275 0.01894892902699134 0.018948929026991388 0.018948929026991364 0.01894892902699137 0.01894892902699138 
0.013149412734056575 0.01314941273406081 0.8639550330475733 0.02533509854156997 0.01866397927236935 0.013149412734060853 0.013149412734060813 0.013149412734060806 0.013149412734060822 0.013149412734060796 
0.07428367104784787 0.06139470543048501 0.3656847963392161 0.061394705430484836 0.07479916893162943 0.06139470543048501 0.11686413109839654 0.06139470543048502 0.06139470543048499 0.06139470543048501 
0.5387228424893445 0.009432995318761763 0.33566843800922885 0.00943299531876183 0.059577752270100794 0.009432995318761753 0.009432995318761767 0.00943299531876185 0.009432995318761753 0.00943299531876178 
0.04329001958750471 0.043290019587504225 0.5598607605118913 0.04329001958750722 0.0938190827881091 0.04329001958750422 0.04329001958750423 0.04329001958750423 0.04329001958750424 0.04329001958750423 
0.04828285840138264 0.048282858401382585 0.2919666854995281 0.048282858401382106 0.32177044728940607 0.048282858401382606 0.048282858401382585 0.048282858401382585 0.048282858401382585 0.048282858401382606 
0.6519112190372917 0.024174019935898686 0.10951583237411538 0.042325101102890686 0.05120372787036334 0.024174019935898697 0.024174019935898714 0.024174019935898697 0.024174019935898683 0.024174019935898697 
0.009812745474374317 0.00981274547438567 0.9116852907304703 0.009812745474382892 0.009812745474378121 0.009812745474385693 0.009812745474385653 0.009812745474385648 0.009812745474385706 0.009812745474385725 
0.05747709700353028 0.057477097003531055 0.4702332553729348 0.05747709700353071 0.0699499685988252 0.057477097003531055 0.05747709700353109 0.05747709700353105 0.057477097003531055 0.057477097003531055 
0.0205224300062401 0.02052243000623454 0.8071317323033131 0.020522430006234525 0.02868882764685777 0.02052243000623452 0.02052243000623454 0.02052243000623454 0.020522430006234542 0.020522430006234518 
0.02662502769191606 0.011921144890311843 0.8098613923976311 0.011921144890313783 0.07756570181503228 0.011921144890311876 0.014421008753638522 0.011921144890311909 0.011921144890311815 0.011921144890311867 
0.03532821458906845 0.021927905321030634 0.7712702595507253 0.021927905321031945 0.039906188612994484 0.02192790532103062 0.021927905321030634 0.021927905321030623 0.021927905321030634 0.021927905321030613 
0.013306544024979265 0.013306544024977458 0.8802411037752612 0.013306544024977792 0.013306544024981725 0.01330654402497742 0.01330654402497745 0.013306544024977447 0.013306544024977494 0.013306544024977442 
0.06651336455330953 0.017697704530910307 0.46917500363370906 0.017697704530909616 0.34042770009658935 0.017697704530910283 0.01769770453091032 0.017697704530910317 0.017697704530910324 0.01769770453091032 
0.01113834618884603 0.006807518565578229 0.9325863347918605 0.006807518565579333 0.00862268906031754 0.006807518565578196 0.006807518565578236 0.006807518565578226 0.0068075185655781904 0.006807518565578284 
0.045404040851211906 0.037438441599900764 0.5350666700760142 0.03743844159990046 0.15746019787345572 0.03743844159990078 0.03743844159990076 0.03743844159990078 0.03743844159990076 0.037438441599900736 
0.023773355133353175 0.023773355133368954 0.7236446324124272 0.028887539456591036 0.08105434219734929 0.02377335513336889 0.023773355133368885 0.023773355133368895 0.02377335513336888 0.023773355133368868 
0.0330434777670253 0.019263445531833276 0.8128489579782764 0.019263445531840204 0.019263445531832325 0.019263445531833272 0.019263445531833304 0.019263445531833276 0.019263445531833248 0.019263445531833297 
0.05612059122870945 0.05612059122870926 0.49491467894161706 0.056120591228709535 0.05612059122870942 0.056120591228709216 0.056120591228709216 0.056120591228709216 0.056120591228709216 0.056120591228709216 
0.023499659096260575 0.023499659096260585 0.7414117379862794 0.023499659096262292 0.03336271798858175 0.023499659096260672 0.06072793035136057 0.023499659096260672 0.023499659096260648 0.02349965909626067 
0.42815140806733154 0.011430841834848653 0.449694437650146 0.011430841834848675 0.042138261438491975 0.011430841834848743 0.011430841834848658 0.011430841834848651 0.011430841834848679 0.011430841834848667 
0.058712472601671464 0.05871247260167118 0.4107474606274413 0.08696484045412042 0.09130039070674972 0.05871247260167117 0.058712472601671194 0.058712472601671194 0.0587124726016712 0.058712472601671194 
0.020465157863455565 0.02046515786345695 0.7507823628931929 0.020465157863456325 0.08549637419912977 0.02046515786345695 0.020465157863456904 0.02046515786345694 0.020465157863456863 0.020465157863456925 
0.07995877612910524 0.05653076040905844 0.40834661619740253 0.056530760409057974 0.11597928481007704 0.05653076040905842 0.05653076040905842 0.05653076040905842 0.05653076040905842 0.05653076040905841 
0.014414632371470002 0.014414632371470077 0.7457803319379364 0.014414632371468188 0.1332539497491328 0.014414632371470082 0.020063291712569653 0.014414632371470061 0.014414632371470056 0.014414632371470067 
0.07523689491150873 0.047525210215627715 0.49308928295918536 0.06612158209301196 0.08040097874252766 0.04752521021562768 0.04752521021562768 0.047525210215627695 0.04752521021562769 0.04752521021562768 
0.01500890774701332 0.015008907747011323 0.8583363206264449 0.015008907747011208 0.021592417397466982 0.015008907747011272 0.0150089077470113 0.0150089077470113 0.015008907747011307 0.015008907747011255 
0.022581609967180394 0.012961846585508049 0.8421037610720131 0.012961846585507994 0.04458170286212944 0.012961846585508089 0.01296184658550809 0.012961846585508077 0.01296184658550809 0.01296184658550812 
0.049657568171355346 0.03461745741187853 0.5706604407069682 0.034617457411878355 0.13735978923851233 0.034617457411878494 0.0346174574118785 0.0346174574118785 0.03461745741187851 0.0346174574118785 
0.03826830322842827 0.029287454770622258 0.5242149410245128 0.029287454770621814 0.2325045723526978 0.0292874547706223 0.029287454770622282 0.02928745477062226 0.02928745477062225 0.02928745477062226 
0.06567653734072375 0.04650816784518565 0.5622581198977907 0.04650816784518542 0.046508167845185695 0.04650816784518565 0.046508167845185626 0.04650816784518563 0.04650816784518561 0.046508167845185626 
0.015312447820365968 0.015312447820366054 0.8515115699895925 0.015312447820368856 0.025988847447432663 0.015312447820365876 0.015312447820365914 0.015312447820365945 0.015312447820365897 0.015312447820365895 
0.07686771507024082 0.06052097454900658 0.42522750929271214 0.06052097454900654 0.0742579537940121 0.06052097454900658 0.06052097454900658 0.06052097454900658 0.06052097454900658 0.06052097454900658 
0.05647196920842652 0.0564719692084269 0.29193635692317066 0.056471969208426974 0.2562878894094126 0.05647196920842691 0.0564719692084269 0.0564719692084269 0.0564719692084269 0.0564719692084269 
0.13613926896287318 0.057011468348604044 0.36376393392677314 0.057011468348604113 0.10101651867012627 0.05701146834860405 0.05701146834860402 0.057011468348604044 0.057011468348604044 0.057011468348604044 
0.2848275435288072 0.014360193881112092 0.5547492134155636 0.01436019388111251 0.059901885887857866 0.014360193881112043 0.014360193881112093 0.014360193881112066 0.014360193881112081 0.01436019388111205 
0.028652030608085844 0.022210799225052476 0.7840783439055327 0.022210799225051783 0.03179403091096396 0.022210799225052518 0.022210799225052508 0.022210799225052508 0.022210799225052542 0.022210799225052497 
0.031338186986091116 0.018872484145991675 0.7340360239539508 0.0816225621860158 0.023940488346920016 0.018872484145991623 0.03470031779704662 0.018872484145991634 0.018872484145991648 0.01887248414599164 
0.932240196936299 0.0022513014165211555 0.04974939173153141 0.002251301416521166 0.00225130141652117 0.002251301416521165 0.0022513014165211624 0.002251301416521162 0.002251301416521163 0.002251301416521162 
0.033376075674490135 0.021769767601825144 0.745624963623057 0.021769767601825835 0.06861058748962118 0.02176976760182513 0.021769767601825134 0.021769767601825134 0.021769767601825116 0.021769767601825182 
0.046204920347669085 0.03203668414935796 0.6832654293723242 0.03203668414935786 0.046272861234455724 0.03203668414935795 0.03203668414935797 0.03203668414935796 0.03203668414935797 0.03203668414935796 
0.010497288972852138 0.006229935889324058 0.35683704375958647 0.006229935889323456 0.5890561160422619 0.006229935889324019 0.006229935889324026 0.006229935889324028 0.006229935889324061 0.006229935889324057 
0.009417288327723747 0.009417288327723502 0.90336325697233 0.009417288327723459 0.018708002002074533 0.009417288327723483 0.012007722731530121 0.009417288327723487 0.009417288327723443 0.009417288327723511 
0.01527575626155841 0.015275756261554843 0.8539690557858616 0.01527575626155644 0.02382489412170086 0.015275756261554838 0.01527575626155486 0.015275756261554828 0.015275756261554871 0.015275756261554837 
0.050704762644913914 0.02804007935985825 0.6584006999631931 0.028040079359851575 0.09461398187278519 0.028040079359858267 0.028040079359858236 0.02804007935985824 0.02804007935985823 0.028040079359858246 
0.04968233121543967 0.04968233121543954 0.4791082097332823 0.04968233121543932 0.12343314054318057 0.04968233121543955 0.049682331215439544 0.049682331215439544 0.049682331215439524 0.049682331215439544 
0.06565550448112362 0.05038059848528296 0.4839765952862794 0.05038059848528292 0.09770371083564347 0.05038059848528296 0.05038059848528294 0.05038059848528295 0.05038059848528296 0.05038059848528296 
0.051270283643213545 0.05127028364321332 0.5385674472110562 0.05127028364321368 0.05127028364321214 0.05127028364321333 0.05127028364321332 0.05127028364321333 0.05127028364321334 0.05127028364321333 
0.011801458919031926 0.011801458919032691 0.3560870405300972 0.011801458919032722 0.5495012881176122 0.011801458919032639 0.011801458919032684 0.011801458919032648 0.011801458919032675 0.011801458919032594 
0.9484725014890178 0.001995485975999069 0.035563610702989246 0.0019954859759990736 0.0019954859759987696 0.001995485975999069 0.0019954859759990745 0.00199548597599907 0.001995485975999068 0.001995485975999067 
0.01184889274400577 0.01184889274400968 0.836827611733494 0.01576786761621333 0.06446227144218884 0.011848892744009694 0.011848892744009706 0.011848892744009677 0.011848892744009663 0.011848892744009692 
0.0825089587536381 0.05146518852581755 0.4116326956445532 0.11187306872375423 0.08519414572314686 0.05146518852581748 0.05146518852581757 0.05146518852581757 0.05146518852581757 0.051465188525817565 
0.028266952884200034 0.015959444292774856 0.8001444078040378 0.01595944429277531 0.05987252926231249 0.015959444292774818 0.015959444292774804 0.015959444292774776 0.015959444292774832 0.015959444292774804 
0.03057938350527417 0.016074024239111393 0.5939637474243564 0.016074024239111383 0.26293869939659203 0.016074024239111345 0.016074024239111362 0.016074024239111345 0.016074024239111386 0.016074024239111362 
0.03972959120096617 0.039729591200965655 0.6424336791912717 0.039729591200966245 0.03972959120096755 0.03972959120096564 0.0397295912009656 0.03972959120096564 0.039729591200965635 0.03972959120096564 
0.01954140388532014 0.01954140388532044 0.8177052451552563 0.019541403885322915 0.025963523762217965 0.01954140388532046 0.019541403885320448 0.019541403885320406 0.019541403885320482 0.019541403885320455 
0.0290924903864213 0.023037875323290796 0.7866045070273014 0.02303787532329146 0.02303787532329369 0.023037875323290827 0.023037875323290817 0.023037875323290827 0.02303787532329084 0.023037875323290852 
0.07905422673215992 0.06250858825219151 0.38745425535972117 0.06250858825219142 0.07756191371037353 0.06250858825219151 0.08087807468460005 0.06250858825219151 0.06250858825219151 0.0625085882521915 
0.13675855137270515 0.07573146773814396 0.20931400589589 0.07573146773814397 0.12380716856439372 0.07573146773814395 0.07573146773814395 0.07573146773814395 0.07573146773814395 0.07573146773814393 
0.019984236588723156 0.019984236588725217 0.7876541268384836 0.0243364039485336 0.048119813091863216 0.01998423658872525 0.019984236588725158 0.0199842365887252 0.019984236588725158 0.01998423658872518 
0.0751967037274871 0.059509850362551554 0.4038169679420727 0.05950985036255139 0.10441737579257884 0.059509850362551533 0.05950985036255153 0.059509850362551533 0.059509850362551533 0.059509850362551533 
0.08123592337088024 0.06560881737082902 0.3938935376624566 0.06560881737082896 0.06560881737082719 0.065608817370829 0.065608817370829 0.065608817370829 0.065608817370829 0.065608817370829 
0.01914223823460663 0.019142238234606607 0.4871306839744781 0.01914223823460626 0.35973141014865745 0.019142238234606618 0.019142238234606597 0.019142238234606607 0.019142238234606604 0.019142238234606597 
0.05720602981031603 0.020874996915002643 0.7592351777778699 0.020874996915002747 0.0374338140067462 0.020874996915002653 0.02087499691500266 0.020874996915002678 0.020874996915002685 0.020874996915002646 
0.03176017462360588 0.031760174623605 0.6705748267780872 0.03176017462360832 0.07534377623304206 0.031760174623605 0.03176017462360497 0.03176017462360499 0.03176017462360498 0.031760174623605 
0.07309624791159416 0.07309624791159423 0.3421337687956391 0.07309624791159412 0.0730962479115936 0.07309624791159423 0.07309624791159423 0.07309624791159423 0.07309624791159423 0.07309624791159423 
0.12083353243462874 0.07932432882949282 0.13556184433176544 0.07932432882949288 0.18833432142715317 0.07932432882949282 0.07932432882949282 0.07932432882949282 0.07932432882949281 0.07932432882949282 
0.03710088700774689 0.02822275225772986 0.7371170949303814 0.028222752257729408 0.028222752257728544 0.02822275225772986 0.028222752257729838 0.028222752257729848 0.028222752257729848 0.028222752257729848 
0.11686222611938481 0.049067757721728424 0.44387415983206896 0.04906775772172826 0.0957893099964456 0.04906775772172845 0.049067757721728424 0.04906775772172843 0.04906775772172844 0.04906775772172844 
0.4308519995121121 0.014573840827554484 0.383649103452646 0.014573840827554432 0.08348201124240959 0.01457384082755449 0.014573840827554453 0.014573840827554495 0.014573840827554505 0.014573840827554474 
0.4885834701152185 0.04075295034166469 0.1183843814735735 0.04075295034166467 0.10776149601953236 0.04075295034166469 0.040752950341664713 0.0407529503416647 0.0407529503416647 0.04075295034166471 
0.02148896331365794 0.021488963313659685 0.8015752093053088 0.021488963313659577 0.026513084185413562 0.021488963313659678 0.021488963313659678 0.021488963313659692 0.021488963313659678 0.021488963313659685 
0.018387421362311775 0.011416464807970303 0.8822529292087373 0.011416464807970143 0.01944439577310078 0.011416464807970378 0.011416464807970332 0.011416464807970398 0.011416464807970428 0.01141646480797035 
0.05740265110412983 0.02295187783682646 0.41336263469710266 0.022951877836827197 0.36857156934099994 0.02295187783682649 0.02295187783682647 0.022951877836826513 0.02295187783682651 0.022951877836826475 
0.08550034650236908 0.06736201062775055 0.34497362366761203 0.06736201062775055 0.09799195543577319 0.06736201062775055 0.06736201062775056 0.06736201062775055 0.06736201062775056 0.06736201062775055 
0.049721428939197454 0.049721428939197364 0.5422348488219313 0.049721428939196996 0.05999371966450554 0.04972142893919734 0.04972142893919735 0.04972142893919735 0.04972142893919735 0.04972142893919735 
0.070566737030565 0.07056673703056357 0.3452125813176439 0.0705667370305637 0.09025352243785476 0.07056673703056357 0.07056673703056357 0.07056673703056357 0.07056673703056357 0.07056673703056357 
0.011652377615077097 0.011652377615077158 0.8871264965408718 0.014138922437029636 0.0171679377165563 0.011652377615077184 0.011652377615077189 0.011652377615077175 0.011652377615077147 0.01165237761507716 
0.036582882514191485 0.027756548940577434 0.7050900935751513 0.027756548940577996 0.06403118132663847 0.02775654894057736 0.027756548940577365 0.027756548940577375 0.027756548940577396 0.027756548940577355 
0.9846597785687016 0.0013220371422072855 0.004763924293640537 0.0013220371422072855 0.0013220371422072875 0.0013220371422072855 0.001322037142207286 0.0013220371422072573 0.0013220371422072868 0.001322037142207285 
0.22889266688913354 0.018848268952381526 0.5445021888808623 0.022629874984741977 0.09088565553093331 0.018848268952381564 0.01884826895238149 0.018848268952381578 0.018848268952381567 0.018848268952381557 
0.025538234182692555 0.01333648798309349 0.4392388099061471 0.013336487983093915 0.4418675400294798 0.013336487983093465 0.013336487983093413 0.01333648798309349 0.013336487983093483 0.01333648798309347 
0.04774874995920132 0.04774874995919999 0.5257177356543419 0.0477487499592 0.09229226467208751 0.04774874995919997 0.04774874995919999 0.047748749959199976 0.04774874995919998 0.04774874995919999 
0.017839711121454535 0.010573088437484992 0.847322957520709 0.010573088437485039 0.06082571229550031 0.010573088437484989 0.010573088437485013 0.010573088437484975 0.010573088437485003 0.010573088437484965 
0.02874104927000447 0.020476162594607265 0.7905090407960125 0.02047616259460679 0.03741677177168878 0.02047616259460724 0.020476162594607255 0.02047616259460724 0.020476162594607234 0.020476162594607245 
0.03125185965073531 0.019454023595251682 0.7172764256912828 0.11529354949118396 0.01945402359525061 0.019454023595251613 0.019454023595251686 0.019454023595251703 0.019454023595251668 0.019454023595251686 
0.034076661752119555 0.03407666175211963 0.6460815111788252 0.03407666175211909 0.08130519480417575 0.034076661752119604 0.03407666175211964 0.03407666175211957 0.034076661752119604 0.034076661752119604 
0.6006648723803476 0.010833981024013355 0.2980805150178437 0.010833981024013365 0.025416745433735344 0.010833981024013385 0.010833981024013355 0.010833981024013352 0.010833981024013372 0.010833981024013364 
0.017237473329389262 0.013535689409990136 0.44660089661606617 0.013535689409989194 0.44141180418461257 0.013535689409990203 0.013535689409990101 0.013535689409990104 0.013535689409990066 0.013535689409990115 
0.07023252702718707 0.07023252702718735 0.28911204248673594 0.07023252702718741 0.14902774129576113 0.07023252702718735 0.07023252702718735 0.07023252702718735 0.07023252702718735 0.07023252702718735 
0.047828013901325066 0.021208117111634783 0.7535095609156423 0.02120811711163428 0.05020560540168727 0.02120811711163473 0.021208117111634738 0.021208117111634724 0.021208117111634648 0.021208117111634714 
0.14255711305619914 0.014219224638500795 0.7093292031644708 0.01421922463849873 0.0485791113096944 0.014219224638500795 0.014219224638500791 0.014219224638500807 0.014219224638500769 0.014219224638500767 
0.06310542831697788 0.06310542831697846 0.36429529233432933 0.06310542831697846 0.13086128112983902 0.06310542831697846 0.06310542831697846 0.06310542831697846 0.06310542831697846 0.06310542831697846 
0.05504907997339389 0.05504907997339359 0.46926649844008483 0.05504907997339407 0.09034086177277628 0.0550490799733936 0.05504907997339359 0.05504907997339359 0.05504907997339359 0.05504907997339359 
0.057246294076646095 0.05724629407664615 0.4847833533101849 0.05724629407664622 0.057246294076645186 0.05724629407664616 0.05724629407664615 0.05724629407664616 0.05724629407664616 0.05724629407664616 
0.01764366553097887 0.01764366553097877 0.8133845312429808 0.03272996253025615 0.030379847509993296 0.017643665530978785 0.017643665530978785 0.01764366553097882 0.017643665530978826 0.017643665530978788 
0.005010252565288655 0.005010252565288598 0.25346198169418876 0.705278973478047 0.00618727687075226 0.005010252565288643 0.005010252565288599 0.005010252565288612 0.0050102525652886065 0.0050102525652886195 
0.013109375181437472 0.01310937518143463 0.8660068457377724 0.018711535714458348 0.02351599227777182 0.013109375181434686 0.013109375181434662 0.013109375181434794 0.013109375181434684 0.013109375181434704 
0.0481505627697984 0.048150562769798316 0.5092777004570058 0.04815056276979864 0.10551779738462917 0.0481505627697983 0.0481505627697983 0.0481505627697983 0.048150562769798316 0.04815056276979832 
0.010636817366717196 0.010636817366717972 0.7783539095897626 0.014965241561523695 0.13222312728174884 0.01063681736671798 0.010636817366718029 0.010636817366717973 0.010636817366718001 0.01063681736671799 
0.14862484636650405 0.06243835117964037 0.24769087883790641 0.06243835117964036 0.16661581653810653 0.06243835117964036 0.06243835117964036 0.06243835117964037 0.06243835117964037 0.06243835117964037 
0.15160009138213282 0.016988372739994546 0.5331496117356259 0.016988372739992035 0.1922389065386883 0.0169883727399945 0.021081153903464843 0.016988372739994536 0.016988372739994546 0.016988372739994536 
0.465275124528755 0.016518971544312908 0.29465088745215107 0.016518971544312852 0.12444118720895284 0.01651897154431284 0.016518971544312817 0.016518971544312838 0.01651897154431286 0.016518971544312835 
0.02310285878988917 0.018710291256772576 0.5792378676847069 0.25824671598404814 0.02715081000070887 0.018710291256772597 0.018710291256772604 0.018710291256772583 0.0187102912567726 0.01871029125677261 
0.06351960930027872 0.0635196093002794 0.38044163934677 0.06351960930027922 0.11140148625097453 0.0635196093002794 0.0635196093002794 0.0635196093002794 0.06351960930027938 0.0635196093002794 
0.01755798982495084 0.01755798982495118 0.8134572977711788 0.01755798982495137 0.046078783629211306 0.017557989824951197 0.017557989824951204 0.017557989824951215 0.017557989824951208 0.017557989824951218 
0.08609147282774338 0.06334166007910702 0.1663394455588267 0.06334166007910695 0.30417746105966503 0.06334166007910702 0.06334166007910702 0.06334166007910702 0.06334166007910703 0.06334166007910702 
0.0721344994728023 0.07213449947280241 0.3336343474724169 0.07213449947280244 0.08928965674516436 0.07213449947280241 0.07213449947280241 0.07213449947280241 0.07213449947280241 0.07213449947280241 
0.03226869122585923 0.032268691225859174 0.7095817789673026 0.03226869122585977 0.03226869122586174 0.032268691225859174 0.03226869122585919 0.032268691225859174 0.03226869122585919 0.03226869122585915 
0.022066680186555485 0.02206668018655873 0.7957206976178522 0.022066680186557535 0.027745860889642922 0.022066680186558735 0.022066680186558718 0.022066680186558718 0.022066680186558742 0.022066680186558735 
0.04935806360372542 0.014358179751311996 0.8322479621648098 0.014358179751311888 0.017886715972294544 0.014358179751312032 0.014358179751311975 0.01435817975131199 0.01435817975131195 0.01435817975131198 
0.021410925857278093 0.02141092585727806 0.7323859300162082 0.02141092585727811 0.09632666312554224 0.02141092585727811 0.021410925857278065 0.021410925857278072 0.02141092585727808 0.02141092585727806 
0.03083331224424504 0.03083331224424474 0.7125687964800702 0.030833312244245327 0.04076470556595045 0.030833312244244796 0.03083331224424475 0.03083331224424471 0.03083331224424474 0.030833312244244748 
0.014358068104213997 0.0114411566467909 0.8738767556200648 0.011441156646791944 0.031677079748238975 0.011441156646790868 0.011441156646790853 0.011441156646790825 0.01144115664679087 0.011441156646790846 
0.03632562916531228 0.01633385363823739 0.26285339541602304 0.016333853638236688 0.5864839999509421 0.016333853638237403 0.01633385363823742 0.01633385363823741 0.01633385363823741 0.01633385363823742 
0.04329196169409087 0.043291961694091066 0.5627318316111116 0.043291961694090615 0.0909324748361246 0.04329196169409109 0.04329196169409108 0.043291961694091066 0.043291961694091066 0.043291961694091094 
0.014977272207710241 0.014977272207710238 0.794280048486052 0.014977272207705731 0.08590177385220986 0.014977272207710233 0.014977272207710227 0.014977272207710222 0.014977272207710243 0.014977272207710248 
0.031229980489129033 0.012383318144532472 0.8697034743545832 0.012383318144532387 0.01238331814453102 0.012383318144532434 0.012383318144532423 0.012383318144532382 0.012383318144532451 0.012383318144532375 
0.021001229578346246 0.021001229578346086 0.7194249010418812 0.021001229578346024 0.11256526233134818 0.021001229578346124 0.021001229578346124 0.02100122957834613 0.021001229578346117 0.021001229578346124 
0.021191481629217426 0.016384525196404896 0.07140164750375326 0.016384525196404875 0.7927151944923109 0.01638452519640492 0.016384525196404813 0.01638452519640493 0.016384525196404903 0.01638452519640492 
0.016357848804900255 0.016357848804899777 0.6980083640539417 0.016357848804900012 0.17112884550686497 0.016357848804899742 0.016357848804899756 0.01635784880489974 0.016357848804899714 0.01635784880489974 
0.019517921549395266 0.015805637701576117 0.8497243943456628 0.015805637701576135 0.02011822019394986 0.015805637701576128 0.015805637701576104 0.015805637701576135 0.015805637701576114 0.01580563770157615 
0.050632319842880615 0.028825369977908515 0.7187647203338904 0.028825369977909066 0.02882536997791006 0.028825369977908508 0.028825369977908563 0.028825369977908515 0.028825369977908473 0.028825369977908515 
0.015254982415702684 0.015254982415703803 0.4872626715398921 0.015254982415703763 0.38751539935942864 0.015254982415703566 0.018437052190751643 0.015254982415703585 0.01525498241570357 0.015254982415703567 
0.47734773235574485 0.015351054826579004 0.35128902590616995 0.020327453380275036 0.05892945939830566 0.015351054826578978 0.01535105482657891 0.015351054826578985 0.015351054826578992 0.015351054826578947 
0.026406520533251716 0.0264065205332522 0.5753471980351036 0.026406520533250984 0.21340063769881049 0.026406520533252213 0.026406520533252185 0.026406520533252178 0.0264065205332522 0.026406520533252174 
0.021300931779583743 0.017095236858446085 0.8165145433739527 0.01709523685844572 0.04251786683732216 0.017095236858445988 0.017095236858446 0.017095236858446 0.01709523685844604 0.017095236858446022 
0.014958654840017209 0.011992587211226584 0.8668323119814682 0.011992587211224181 0.03426092269982151 0.011992587211226603 0.011992587211226572 0.01199258721122659 0.011992587211226669 0.01199258721122656 
0.014275718422841784 0.01427571842283582 0.5076110388520751 0.014275718422835693 0.37818321376533787 0.01427571842283576 0.014275718422835749 0.014275718422835749 0.01427571842283577 0.014275718422835783 
0.04283563416094556 0.01680878690567629 0.8040207011502567 0.01680878690567784 0.03548215634907015 0.016808786905676318 0.01680878690567632 0.01680878690567631 0.016808786905676318 0.016808786905676294 
0.06258468836124789 0.06258468836124807 0.42022045914975453 0.06258468836124825 0.07910203396026702 0.06258468836124807 0.06258468836124807 0.06258468836124807 0.06258468836124807 0.06258468836124807 
0.0161147003730522 0.016114700373051856 0.20712678849077748 0.0161147003730519 0.6639556085248137 0.01611470037305187 0.01611470037305179 0.01611470037305187 0.01611470037305186 0.016114700373051894 
0.028861346033806416 0.01613267753762614 0.8385944475989879 0.016132677537625612 0.01613267753762538 0.01613267753762619 0.01961546360382471 0.016132677537626084 0.0161326775376261 0.016132677537626094 
0.43754004480609604 0.03503628563929412 0.2019932220097264 0.03503628563929399 0.11521273370912277 0.03503628563929406 0.03503628563929404 0.035036285639294076 0.03503628563929407 0.03503628563929405 
0.059731151162807986 0.05973115116280819 0.38970115945221195 0.059731151162808194 0.13244963124531248 0.05973115116280817 0.05973115116280817 0.05973115116280817 0.05973115116280817 0.05973115116280817 
0.027779384808973732 0.027779384808974204 0.6563120849205479 0.027779384808974187 0.12145283660763775 0.02777938480897422 0.027779384808974225 0.027779384808974215 0.027779384808974225 0.02777938480897422 
0.11830500526605596 0.07058948816954097 0.28609303881157566 0.07058948816954096 0.101475538735587 0.07058948816954094 0.07058948816954096 0.07058948816954096 0.07058948816954096 0.07058948816954096 
0.03143831363054424 0.02056828653054372 0.7387661837884192 0.020568286530543854 0.08581749686722742 0.020568286530543795 0.0205682865305438 0.020568286530543784 0.020568286530543812 0.0205682865305438 
0.05281973812743247 0.04198816679995118 0.4010524602114669 0.17574937599574178 0.11844942486563462 0.0419881667999512 0.041988166799951196 0.0419881667999512 0.0419881667999512 0.041988166799951196 
0.2706391627454552 0.012047563002369439 0.6304708764084742 0.0145570198295068 0.012047563002368004 0.012047563002369404 0.012047563002369385 0.012047563002369394 0.012047563002369423 0.012047563002369425 
0.9547407467579828 0.0023328559720108277 0.015568983656886302 0.0023328559720108976 0.013360277781053408 0.002332855972010824 0.0023328559720108347 0.0023328559720108277 0.002332855972010829 0.002332855972010828 
0.022929489762585995 0.012319209331690787 0.8754488444433832 0.012319209331690657 0.01538720047214245 0.012319209331690737 0.012319209331690773 0.012319209331690792 0.012319209331690784 0.012319209331690763 
0.07141657711006676 0.057719019734843426 0.44969051776936664 0.05771901973484344 0.07485976697667403 0.05771901973484342 0.057719019734843426 0.0577190197348434 0.057719019734843426 0.057719019734843426 
0.019163526423330784 0.014745376459972844 0.8412381637890024 0.014745376459971211 0.03638067456777842 0.014745376459972906 0.01474537645997288 0.014745376459972892 0.014745376459972887 0.014745376459972885 
0.1297381148160057 0.011856431713732057 0.5634446528209687 0.0118564317137312 0.22382221036685673 0.011856431713732112 0.011856431713732078 0.011856431713732131 0.011856431713732081 0.011856431713732088 
0.029199888994746657 0.029199888994746768 0.710245045837308 0.02919988899474716 0.056155842204770365 0.02919988899474676 0.029199888994746737 0.02919988899474674 0.02919988899474676 0.02919988899474675 
0.015677166009627437 0.011237225571462475 0.8630335547022536 0.011237225571464315 0.042628700287866826 0.011237225571462447 0.011237225571462471 0.01123722557146245 0.011237225571462471 0.011237225571462468 
0.02325438560354745 0.023254385603545962 0.7311328204281314 0.0335986517397126 0.07248782860739192 0.023254385603545966 0.02325438560354593 0.023254385603546004 0.023254385603545955 0.023254385603545962 
0.013411899632239424 0.013411899632239162 0.6364482776089715 0.013411899632239972 0.2562565253331194 0.013411899632239151 0.013411899632239105 0.013411899632239068 0.013411899632239113 0.01341189963223915 
0.023877402238590025 0.02387740223858971 0.75998051924338 0.0238774022385899 0.04900026284790376 0.02387740223858973 0.023877402238589716 0.023877402238589716 0.02387740223858973 0.02387740223858974 
0.03873448011950852 0.014647824570565448 0.8233329366713367 0.014647824570565562 0.03539781121519714 0.014647824570565435 0.014647824570565484 0.014647824570565406 0.014647824570565349 0.01464782457056539 
0.055313611936131414 0.05531361193613189 0.5021774925748279 0.055313611936131934 0.0553136119361323 0.05531361193613192 0.055313611936131934 0.055313611936131934 0.055313611936131934 0.055313611936131934 
0.44857711500183733 0.01896810136629451 0.3420408168560291 0.0189681013662946 0.07660535857807438 0.01896810136629458 0.0189681013662946 0.018968101366294586 0.018968101366294586 0.01896810136629459 
0.030824157098232247 0.012426664709696573 0.5583963572471782 0.012426664709696918 0.32379283268673836 0.012426664709696446 0.012426664709696496 0.01242666470969646 0.012426664709696495 0.01242666470969648 
0.022279068805834475 0.015165506368385954 0.7988212660825338 0.03688094392597282 0.0471184617818641 0.015165506368385985 0.0190727275618047 0.015165506368385972 0.015165506368385954 0.01516550636838599 
0.03533338073766868 0.02234037632898594 0.38661294708040667 0.02234037632898581 0.4216710378790288 0.022340376328985924 0.022340376328985955 0.022340376328985924 0.0223403763289859 0.0223403763289859 
0.3775860969859952 0.05731565783308079 0.13964132090657722 0.0573156578330808 0.08156297727585013 0.05731565783308079 0.05731565783308079 0.05731565783308079 0.05731565783308079 0.05731565783308077 
0.01838497858402834 0.018384978584028537 0.8255758715259625 0.018384978584029526 0.022746832657956975 0.018384978584028495 0.022982445727883643 0.01838497858402857 0.018384978584028547 0.01838497858402852 
0.03930318705555734 0.0249482037460375 0.6962557048411023 0.024948203746029046 0.0898036818810741 0.02494820374603757 0.024948203746037484 0.024948203746037498 0.02494820374603751 0.024948203746037498 
0.07633266399557134 0.07633266399557122 0.31300602403986155 0.07633266399557129 0.07633266399557159 0.07633266399557122 0.07633266399557122 0.07633266399557125 0.07633266399557122 0.07633266399557122 
0.017417642772866265 0.01118955925532426 0.8610586458092744 0.011189559255323915 0.0431967966306467 0.011189559255324253 0.01118955925532418 0.01118955925532424 0.011189559255324171 0.011189559255324171 
0.03072470182337379 0.016257033508863174 0.8301381520352641 0.016257033508862963 0.025337911579288802 0.016257033508863164 0.016257033508863226 0.016257033508863206 0.016257033508863112 0.016257033508863237 
0.04293864851448978 0.04293864851448905 0.6135521633696118 0.042938648514489 0.04293864851449036 0.04293864851448905 0.04293864851448907 0.04293864851448905 0.04293864851448905 0.04293864851448905 
0.05201560974480649 0.05201560974480655 0.15426664694145953 0.0520156097448066 0.42960847510008854 0.05201560974480657 0.05201560974480657 0.05201560974480657 0.05201560974480657 0.05201560974480657 
0.010191552812633108 0.010191552812622212 0.9082760246864441 0.010191552812622292 0.010191552812634041 0.010191552812622205 0.01019155281262218 0.010191552812622169 0.010191552812622172 0.010191552812622205 
0.02336812061851074 0.01779769294861979 0.6862655692357945 0.017797692948619843 0.16578245950535123 0.01779769294861983 0.017797692948619808 0.017797692948619777 0.017797692948619822 0.01779769294861978 
0.964486357118037 0.00248098545776174 0.015665759219869513 0.0024809854577617376 0.002480985457761746 0.002480985457761739 0.0024809854577617398 0.0024809854577617385 0.0024809854577617393 0.00248098545776174 
0.016546967859404745 0.016546967859404328 0.8472719251834206 0.016546967859399457 0.020352331941345354 0.016546967859404325 0.016546967859404356 0.01654696785940434 0.016546967859404283 0.016546967859404363 
0.0178986226467787 0.017898622646778592 0.8217304683117417 0.017898622646777437 0.03508055051395763 0.01789862264677862 0.017898622646778613 0.01789862264677866 0.017898622646778602 0.017898622646778613 
0.9627559628355435 0.001208232905666521 0.025456567005793736 0.0014660248501937305 0.00307204787447455 0.0012082329056665208 0.0012082329056665193 0.001208232905666521 0.0012082329056665208 0.0012082329056665204 
