0.015723270440251572 0.02830188679245283 0.02830188679245283 0.015723270440251572 0.015723270440251572 0.015723270440251572 0.04716981132075472 0.015723270440251572 0.0220125786163522 0.0220125786163522 0.11006289308176101 0.040880503144654086 0.03459119496855346 0.4559748427672956 0.015723270440251572 0.03459119496855346 0.0220125786163522 0.0220125786163522 0.015723270440251572 0.0220125786163522 
0.013888888888888888 0.2757936507936508 0.037698412698412696 0.013888888888888888 0.12896825396825398 0.017857142857142856 0.00992063492063492 0.10515873015873016 0.08531746031746032 0.017857142857142856 0.021825396825396824 0.025793650793650792 0.021825396825396824 0.00992063492063492 0.00992063492063492 0.02976190476190476 0.017857142857142856 0.00992063492063492 0.013888888888888888 0.13293650793650794 
0.04666666666666667 0.03333333333333333 0.03333333333333333 0.15333333333333332 0.03333333333333333 0.03333333333333333 0.14 0.03333333333333333 0.03333333333333333 0.03333333333333333 0.04666666666666667 0.03333333333333333 0.06 0.04666666666666667 0.03333333333333333 0.03333333333333333 0.04666666666666667 0.06 0.03333333333333333 0.03333333333333333 
0.025821596244131457 0.01643192488262911 0.03051643192488263 0.02112676056338028 0.19014084507042253 0.011737089201877934 0.05868544600938967 0.15258215962441316 0.08685446009389672 0.03051643192488263 0.011737089201877934 0.19014084507042253 0.011737089201877934 0.02112676056338028 0.02112676056338028 0.025821596244131457 0.03051643192488263 0.01643192488262911 0.01643192488262911 0.03051643192488263 
0.05985915492957746 0.0528169014084507 0.045774647887323945 0.02464788732394366 0.02464788732394366 0.03169014084507042 0.08098591549295775 0.017605633802816902 0.017605633802816902 0.017605633802816902 0.045774647887323945 0.09507042253521127 0.03169014084507042 0.017605633802816902 0.03169014084507042 0.15140845070422534 0.03169014084507042 0.17253521126760563 0.02464788732394366 0.02464788732394366 
0.04216867469879518 0.06626506024096386 0.030120481927710843 0.030120481927710843 0.030120481927710843 0.04216867469879518 0.05421686746987952 0.030120481927710843 0.030120481927710843 0.030120481927710843 0.030120481927710843 0.04216867469879518 0.030120481927710843 0.04216867469879518 0.06626506024096386 0.030120481927710843 0.05421686746987952 0.23493975903614459 0.05421686746987952 0.030120481927710843 
0.043209876543209874 0.026748971193415638 0.08024691358024691 0.0720164609053498 0.018518518518518517 0.0102880658436214 0.23251028806584362 0.09670781893004116 0.16666666666666666 0.018518518518518517 0.03909465020576132 0.0102880658436214 0.03497942386831276 0.02263374485596708 0.018518518518518517 0.026748971193415638 0.047325102880658436 0.01440329218106996 0.0102880658436214 0.0102880658436214 
0.027472527472527472 0.027472527472527472 0.11538461538461539 0.06043956043956044 0.04945054945054945 0.23626373626373626 0.027472527472527472 0.027472527472527472 0.038461538461538464 0.027472527472527472 0.027472527472527472 0.04945054945054945 0.07142857142857142 0.027472527472527472 0.027472527472527472 0.038461538461538464 0.038461538461538464 0.027472527472527472 0.027472527472527472 0.027472527472527472 
0.032467532467532464 0.032467532467532464 0.045454545454545456 0.07142857142857142 0.032467532467532464 0.032467532467532464 0.032467532467532464 0.045454545454545456 0.11038961038961038 0.032467532467532464 0.045454545454545456 0.032467532467532464 0.045454545454545456 0.032467532467532464 0.032467532467532464 0.07142857142857142 0.16233766233766234 0.032467532467532464 0.045454545454545456 0.032467532467532464 
0.4829059829059829 0.021367521367521368 0.021367521367521368 0.021367521367521368 0.021367521367521368 0.0641025641025641 0.021367521367521368 0.021367521367521368 0.04700854700854701 0.029914529914529916 0.021367521367521368 0.029914529914529916 0.021367521367521368 0.021367521367521368 0.021367521367521368 0.021367521367521368 0.029914529914529916 0.021367521367521368 0.038461538461538464 0.021367521367521368 
0.011848341232227487 0.19194312796208532 0.02132701421800948 0.011848341232227487 0.030805687203791468 0.011848341232227487 0.045023696682464455 0.016587677725118485 0.04028436018957346 0.011848341232227487 0.05924170616113744 0.16824644549763032 0.06398104265402843 0.19194312796208532 0.026066350710900472 0.026066350710900472 0.011848341232227487 0.011848341232227487 0.035545023696682464 0.011848341232227487 
0.08238636363636363 0.07670454545454546 0.02556818181818182 0.036931818181818184 0.03125 0.019886363636363636 0.03125 0.014204545454545454 0.036931818181818184 0.05965909090909091 0.014204545454545454 0.048295454545454544 0.03125 0.03125 0.019886363636363636 0.014204545454545454 0.11647727272727272 0.2471590909090909 0.036931818181818184 0.02556818181818182 
0.0390625 0.0390625 0.0546875 0.0390625 0.0390625 0.0390625 0.0390625 0.0390625 0.0390625 0.0390625 0.0390625 0.0546875 0.0390625 0.0546875 0.0546875 0.0390625 0.1328125 0.1015625 0.0390625 0.0390625 
0.02 0.02 0.02 0.02 0.036 0.196 0.02 0.132 0.02 0.02 0.236 0.028 0.028 0.028 0.02 0.028 0.036 0.02 0.028 0.044 
0.034722222222222224 0.04861111111111111 0.034722222222222224 0.04861111111111111 0.034722222222222224 0.04861111111111111 0.04861111111111111 0.0625 0.04861111111111111 0.2152777777777778 0.034722222222222224 0.04861111111111111 0.034722222222222224 0.034722222222222224 0.034722222222222224 0.034722222222222224 0.034722222222222224 0.034722222222222224 0.04861111111111111 0.034722222222222224 
0.03712871287128713 0.15594059405940594 0.04702970297029703 0.022277227722772276 0.04207920792079208 0.03712871287128713 0.28465346534653463 0.07673267326732673 0.03712871287128713 0.012376237623762377 0.017326732673267328 0.022277227722772276 0.017326732673267328 0.017326732673267328 0.03217821782178218 0.017326732673267328 0.017326732673267328 0.027227722772277228 0.03712871287128713 0.04207920792079208 
0.018115942028985508 0.03260869565217391 0.03260869565217391 0.03260869565217391 0.018115942028985508 0.3079710144927536 0.03985507246376811 0.025362318840579712 0.14855072463768115 0.018115942028985508 0.018115942028985508 0.025362318840579712 0.06159420289855073 0.05434782608695652 0.025362318840579712 0.018115942028985508 0.03985507246376811 0.03260869565217391 0.03260869565217391 0.018115942028985508 
0.013297872340425532 0.22074468085106383 0.02925531914893617 0.018617021276595744 0.018617021276595744 0.02925531914893617 0.02925531914893617 0.013297872340425532 0.018617021276595744 0.018617021276595744 0.023936170212765957 0.04521276595744681 0.018617021276595744 0.013297872340425532 0.018617021276595744 0.05585106382978723 0.0398936170212766 0.013297872340425532 0.018617021276595744 0.34308510638297873 
0.0234375 0.013020833333333334 0.013020833333333334 0.1796875 0.028645833333333332 0.0234375 0.15885416666666666 0.0234375 0.013020833333333334 0.018229166666666668 0.013020833333333334 0.0546875 0.018229166666666668 0.0234375 0.018229166666666668 0.0390625 0.028645833333333332 0.2630208333333333 0.028645833333333332 0.018229166666666668 
0.044642857142857144 0.08392857142857142 0.019642857142857142 0.019642857142857142 0.11607142857142858 0.026785714285714284 0.026785714285714284 0.05178571428571429 0.0125 0.026785714285714284 0.008928571428571428 0.1125 0.0125 0.023214285714285715 0.01607142857142857 0.033928571428571426 0.0125 0.21964285714285714 0.10535714285714286 0.026785714285714284 
0.010040160642570281 0.030120481927710843 0.178714859437751 0.010040160642570281 0.20682730923694778 0.010040160642570281 0.030120481927710843 0.018072289156626505 0.018072289156626505 0.02208835341365462 0.010040160642570281 0.010040160642570281 0.04216867469879518 0.018072289156626505 0.04618473895582329 0.02208835341365462 0.23092369477911648 0.010040160642570281 0.014056224899598393 0.06224899598393574 
0.027131782945736434 0.2441860465116279 0.027131782945736434 0.01937984496124031 0.027131782945736434 0.01937984496124031 0.15891472868217055 0.01937984496124031 0.01937984496124031 0.03488372093023256 0.03488372093023256 0.050387596899224806 0.05813953488372093 0.13565891472868216 0.027131782945736434 0.01937984496124031 0.01937984496124031 0.01937984496124031 0.01937984496124031 0.01937984496124031 
0.29182156133828996 0.09107806691449814 0.05390334572490706 0.00929368029739777 0.013011152416356878 0.00929368029739777 0.020446096654275093 0.09479553903345725 0.00929368029739777 0.013011152416356878 0.013011152416356878 0.046468401486988845 0.013011152416356878 0.05018587360594796 0.06133828996282528 0.05762081784386617 0.00929368029739777 0.09107806691449814 0.04275092936802974 0.00929368029739777 
0.03939393939393939 0.03333333333333333 0.02727272727272727 0.11818181818181818 0.015151515151515152 0.021212121212121213 0.021212121212121213 0.015151515151515152 0.015151515151515152 0.42727272727272725 0.021212121212121213 0.045454545454545456 0.015151515151515152 0.021212121212121213 0.02727272727272727 0.021212121212121213 0.051515151515151514 0.02727272727272727 0.021212121212121213 0.015151515151515152 
0.030555555555555555 0.013888888888888888 0.08055555555555556 0.030555555555555555 0.3194444444444444 0.041666666666666664 0.019444444444444445 0.019444444444444445 0.20277777777777778 0.025 0.013888888888888888 0.013888888888888888 0.03611111111111111 0.013888888888888888 0.019444444444444445 0.025 0.030555555555555555 0.019444444444444445 0.019444444444444445 0.025 
0.3055555555555556 0.027777777777777776 0.033950617283950615 0.033950617283950615 0.07098765432098765 0.021604938271604937 0.015432098765432098 0.05246913580246913 0.021604938271604937 0.015432098765432098 0.021604938271604937 0.10802469135802469 0.027777777777777776 0.040123456790123455 0.021604938271604937 0.06481481481481481 0.021604938271604937 0.046296296296296294 0.027777777777777776 0.021604938271604937 
0.0389908256880734 0.02522935779816514 0.011467889908256881 0.02522935779816514 0.05733944954128441 0.26376146788990823 0.016055045871559634 0.05733944954128441 0.011467889908256881 0.011467889908256881 0.0389908256880734 0.02981651376146789 0.14908256880733944 0.09403669724770643 0.020642201834862386 0.016055045871559634 0.034403669724770644 0.02981651376146789 0.016055045871559634 0.052752293577981654 
0.03424657534246575 0.06164383561643835 0.04794520547945205 0.06164383561643835 0.04794520547945205 0.04794520547945205 0.04794520547945205 0.03424657534246575 0.03424657534246575 0.03424657534246575 0.18493150684931506 0.04794520547945205 0.04794520547945205 0.04794520547945205 0.03424657534246575 0.03424657534246575 0.04794520547945205 0.03424657534246575 0.03424657534246575 0.03424657534246575 
0.02976190476190476 0.017857142857142856 0.037698412698412696 0.2996031746031746 0.017857142857142856 0.03373015873015873 0.19246031746031747 0.017857142857142856 0.02976190476190476 0.013888888888888888 0.017857142857142856 0.025793650793650792 0.017857142857142856 0.025793650793650792 0.02976190476190476 0.013888888888888888 0.025793650793650792 0.13293650793650794 0.00992063492063492 0.00992063492063492 
0.042682926829268296 0.03048780487804878 0.042682926829268296 0.042682926829268296 0.03048780487804878 0.03048780487804878 0.06707317073170732 0.03048780487804878 0.03048780487804878 0.042682926829268296 0.042682926829268296 0.03048780487804878 0.03048780487804878 0.22560975609756098 0.06707317073170732 0.03048780487804878 0.03048780487804878 0.06707317073170732 0.054878048780487805 0.03048780487804878 
0.05555555555555555 0.030864197530864196 0.030864197530864196 0.030864197530864196 0.030864197530864196 0.05555555555555555 0.043209876543209874 0.030864197530864196 0.030864197530864196 0.030864197530864196 0.043209876543209874 0.05555555555555555 0.030864197530864196 0.030864197530864196 0.030864197530864196 0.030864197530864196 0.10493827160493827 0.24074074074074073 0.030864197530864196 0.030864197530864196 
0.019083969465648856 0.019083969465648856 0.019083969465648856 0.04198473282442748 0.026717557251908396 0.019083969465648856 0.019083969465648856 0.019083969465648856 0.019083969465648856 0.5458015267175572 0.019083969465648856 0.05725190839694656 0.019083969465648856 0.019083969465648856 0.019083969465648856 0.019083969465648856 0.03435114503816794 0.019083969465648856 0.026717557251908396 0.019083969465648856 
0.018211920529801324 0.19370860927152317 0.018211920529801324 0.008278145695364239 0.008278145695364239 0.011589403973509934 0.028145695364238412 0.014900662251655629 0.0347682119205298 0.011589403973509934 0.1605960264900662 0.041390728476821195 0.028145695364238412 0.13741721854304637 0.014900662251655629 0.11423841059602649 0.018211920529801324 0.008278145695364239 0.014900662251655629 0.11423841059602649 
0.03571428571428571 0.03571428571428571 0.03571428571428571 0.03571428571428571 0.03571428571428571 0.09285714285714286 0.03571428571428571 0.03571428571428571 0.05 0.05 0.03571428571428571 0.05 0.03571428571428571 0.17857142857142858 0.03571428571428571 0.05 0.03571428571428571 0.05 0.05 0.03571428571428571 
0.045180722891566265 0.02710843373493976 0.015060240963855422 0.015060240963855422 0.015060240963855422 0.02710843373493976 0.02710843373493976 0.14759036144578314 0.2921686746987952 0.015060240963855422 0.0391566265060241 0.03313253012048193 0.02710843373493976 0.0391566265060241 0.045180722891566265 0.0391566265060241 0.02108433734939759 0.0391566265060241 0.03313253012048193 0.0572289156626506 
0.01882845188284519 0.06485355648535565 0.014644351464435146 0.010460251046025104 0.0899581589958159 0.03138075313807531 0.027196652719665274 0.04811715481171548 0.043933054393305436 0.01882845188284519 0.03556485355648536 0.01882845188284519 0.02301255230125523 0.01882845188284519 0.03138075313807531 0.05230125523012552 0.3786610878661088 0.01882845188284519 0.02301255230125523 0.03138075313807531 
0.03741496598639456 0.05102040816326531 0.017006802721088437 0.03741496598639456 0.017006802721088437 0.017006802721088437 0.03741496598639456 0.030612244897959183 0.1326530612244898 0.023809523809523808 0.017006802721088437 0.017006802721088437 0.3299319727891156 0.017006802721088437 0.06462585034013606 0.023809523809523808 0.03741496598639456 0.017006802721088437 0.05102040816326531 0.023809523809523808 
0.016203703703703703 0.03935185185185185 0.07175925925925926 0.016203703703703703 0.03009259259259259 0.02546296296296296 0.41435185185185186 0.03009259259259259 0.03935185185185185 0.020833333333333332 0.011574074074074073 0.08564814814814815 0.016203703703703703 0.016203703703703703 0.034722222222222224 0.020833333333333332 0.04861111111111111 0.016203703703703703 0.034722222222222224 0.011574074074074073 
0.03672316384180791 0.014124293785310734 0.014124293785310734 0.025423728813559324 0.01977401129943503 0.014124293785310734 0.031073446327683617 0.0423728813559322 0.014124293785310734 0.0423728813559322 0.014124293785310734 0.09322033898305085 0.03672316384180791 0.01977401129943503 0.014124293785310734 0.01977401129943503 0.031073446327683617 0.4661016949152542 0.025423728813559324 0.025423728813559324 
0.008838383838383838 0.14772727272727273 0.023989898989898988 0.011363636363636364 0.008838383838383838 0.03156565656565657 0.1275252525252525 0.011363636363636364 0.016414141414141416 0.011363636363636364 0.09722222222222222 0.24368686868686867 0.016414141414141416 0.11994949494949494 0.008838383838383838 0.059343434343434344 0.016414141414141416 0.006313131313131313 0.006313131313131313 0.026515151515151516 
0.04455445544554455 0.024752475247524754 0.024752475247524754 0.07425742574257425 0.15346534653465346 0.024752475247524754 0.024752475247524754 0.024752475247524754 0.024752475247524754 0.024752475247524754 0.034653465346534656 0.024752475247524754 0.06435643564356436 0.2524752475247525 0.024752475247524754 0.024752475247524754 0.024752475247524754 0.04455445544554455 0.034653465346534656 0.024752475247524754 
0.024822695035460994 0.01773049645390071 0.08865248226950355 0.08156028368794327 0.01773049645390071 0.33687943262411346 0.031914893617021274 0.04609929078014184 0.08865248226950355 0.01773049645390071 0.01773049645390071 0.01773049645390071 0.01773049645390071 0.01773049645390071 0.031914893617021274 0.01773049645390071 0.03900709219858156 0.024822695035460994 0.04609929078014184 0.01773049645390071 
0.025 0.025 0.025 0.017857142857142856 0.017857142857142856 0.017857142857142856 0.03214285714285714 0.017857142857142856 0.03214285714285714 0.017857142857142856 0.06785714285714285 0.05357142857142857 0.11071428571428571 0.375 0.03214285714285714 0.017857142857142856 0.05357142857142857 0.025 0.017857142857142856 0.017857142857142856 
0.036231884057971016 0.036231884057971016 0.036231884057971016 0.036231884057971016 0.036231884057971016 0.036231884057971016 0.036231884057971016 0.036231884057971016 0.036231884057971016 0.036231884057971016 0.036231884057971016 0.16666666666666666 0.050724637681159424 0.06521739130434782 0.10869565217391304 0.050724637681159424 0.036231884057971016 0.036231884057971016 0.036231884057971016 0.050724637681159424 
0.018656716417910446 0.018656716417910446 0.018656716417910446 0.018656716417910446 0.048507462686567165 0.026119402985074626 0.018656716417910446 0.055970149253731345 0.026119402985074626 0.033582089552238806 0.3694029850746269 0.033582089552238806 0.13059701492537312 0.033582089552238806 0.033582089552238806 0.041044776119402986 0.018656716417910446 0.018656716417910446 0.018656716417910446 0.018656716417910446 
0.046370967741935484 0.018145161290322582 0.038306451612903226 0.32056451612903225 0.010080645161290322 0.034274193548387094 0.16733870967741934 0.010080645161290322 0.018145161290322582 0.010080645161290322 0.010080645161290322 0.03024193548387097 0.034274193548387094 0.018145161290322582 0.02620967741935484 0.018145161290322582 0.05443548387096774 0.11088709677419355 0.014112903225806451 0.010080645161290322 
0.04929577464788732 0.13380281690140844 0.1056338028169014 0.035211267605633804 0.04929577464788732 0.035211267605633804 0.035211267605633804 0.04929577464788732 0.035211267605633804 0.035211267605633804 0.035211267605633804 0.04929577464788732 0.04929577464788732 0.035211267605633804 0.06338028169014084 0.035211267605633804 0.04929577464788732 0.04929577464788732 0.035211267605633804 0.035211267605633804 
0.020588235294117647 0.020588235294117647 0.020588235294117647 0.03235294117647059 0.21470588235294116 0.026470588235294117 0.014705882352941176 0.03823529411764706 0.16176470588235295 0.020588235294117647 0.014705882352941176 0.14411764705882352 0.014705882352941176 0.014705882352941176 0.03823529411764706 0.08529411764705883 0.03235294117647059 0.03235294117647059 0.020588235294117647 0.03235294117647059 
0.04861111111111111 0.034722222222222224 0.034722222222222224 0.04861111111111111 0.034722222222222224 0.04861111111111111 0.034722222222222224 0.034722222222222224 0.034722222222222224 0.034722222222222224 0.034722222222222224 0.04861111111111111 0.0763888888888889 0.13194444444444445 0.034722222222222224 0.034722222222222224 0.04861111111111111 0.04861111111111111 0.034722222222222224 0.11805555555555555 
0.0225 0.0175 0.0125 0.0125 0.4475 0.0475 0.0125 0.0225 0.0275 0.0425 0.1075 0.0125 0.0425 0.0125 0.0325 0.0125 0.0225 0.0125 0.0175 0.0625 
0.04375 0.04375 0.14375 0.04375 0.10625 0.03125 0.04375 0.06875 0.05625 0.03125 0.05625 0.03125 0.06875 0.03125 0.03125 0.03125 0.03125 0.03125 0.04375 0.03125 
0.26869158878504673 0.02570093457943925 0.12850467289719625 0.016355140186915886 0.030373831775700934 0.016355140186915886 0.030373831775700934 0.011682242990654205 0.2780373831775701 0.016355140186915886 0.016355140186915886 0.02102803738317757 0.016355140186915886 0.011682242990654205 0.011682242990654205 0.016355140186915886 0.02102803738317757 0.02570093457943925 0.02570093457943925 0.011682242990654205 
0.01569506726457399 0.1591928251121076 0.033632286995515695 0.033632286995515695 0.01569506726457399 0.01569506726457399 0.3430493273542601 0.020179372197309416 0.03811659192825112 0.011210762331838564 0.01569506726457399 0.042600896860986545 0.033632286995515695 0.01569506726457399 0.01569506726457399 0.06502242152466367 0.020179372197309416 0.06053811659192825 0.02914798206278027 0.01569506726457399 
0.25728155339805825 0.03398058252427184 0.024271844660194174 0.03398058252427184 0.024271844660194174 0.043689320388349516 0.03398058252427184 0.03398058252427184 0.03398058252427184 0.024271844660194174 0.043689320388349516 0.10194174757281553 0.07281553398058252 0.024271844660194174 0.03398058252427184 0.024271844660194174 0.024271844660194174 0.03398058252427184 0.06310679611650485 0.03398058252427184 
0.021551724137931036 0.021551724137931036 0.2543103448275862 0.021551724137931036 0.021551724137931036 0.05603448275862069 0.03879310344827586 0.03017241379310345 0.021551724137931036 0.05603448275862069 0.021551724137931036 0.03017241379310345 0.021551724137931036 0.021551724137931036 0.05603448275862069 0.03017241379310345 0.1336206896551724 0.08189655172413793 0.03017241379310345 0.03017241379310345 
0.05625 0.03125 0.09375 0.03125 0.03125 0.10625 0.03125 0.03125 0.03125 0.04375 0.06875 0.10625 0.05625 0.03125 0.03125 0.03125 0.03125 0.03125 0.04375 0.08125 
0.019021739130434784 0.035326086956521736 0.019021739130434784 0.01358695652173913 0.01358695652173913 0.01358695652173913 0.01358695652173913 0.019021739130434784 0.019021739130434784 0.019021739130434784 0.11141304347826086 0.17119565217391305 0.035326086956521736 0.3016304347826087 0.04619565217391304 0.057065217391304345 0.024456521739130436 0.019021739130434784 0.024456521739130436 0.024456521739130436 
0.03676470588235294 0.051470588235294115 0.03676470588235294 0.051470588235294115 0.03676470588235294 0.0661764705882353 0.03676470588235294 0.051470588235294115 0.15441176470588236 0.03676470588235294 0.051470588235294115 0.051470588235294115 0.051470588235294115 0.0661764705882353 0.03676470588235294 0.03676470588235294 0.03676470588235294 0.03676470588235294 0.03676470588235294 0.03676470588235294 
0.035211267605633804 0.035211267605633804 0.07746478873239436 0.035211267605633804 0.035211267605633804 0.06338028169014084 0.035211267605633804 0.035211267605633804 0.06338028169014084 0.04929577464788732 0.035211267605633804 0.04929577464788732 0.04929577464788732 0.04929577464788732 0.06338028169014084 0.035211267605633804 0.035211267605633804 0.14788732394366197 0.035211267605633804 0.035211267605633804 
0.036231884057971016 0.036231884057971016 0.15217391304347827 0.036231884057971016 0.036231884057971016 0.036231884057971016 0.036231884057971016 0.12318840579710146 0.036231884057971016 0.06521739130434782 0.036231884057971016 0.036231884057971016 0.036231884057971016 0.036231884057971016 0.06521739130434782 0.036231884057971016 0.036231884057971016 0.036231884057971016 0.036231884057971016 0.050724637681159424 
0.025943396226415096 0.1391509433962264 0.025943396226415096 0.10613207547169812 0.01179245283018868 0.02122641509433962 0.01650943396226415 0.01179245283018868 0.01179245283018868 0.20047169811320756 0.025943396226415096 0.06839622641509434 0.04481132075471698 0.030660377358490566 0.01179245283018868 0.15330188679245282 0.01650943396226415 0.025943396226415096 0.04009433962264151 0.01179245283018868 
0.041935483870967745 0.016129032258064516 0.02258064516129032 0.041935483870967745 0.14516129032258066 0.02903225806451613 0.016129032258064516 0.02258064516129032 0.13225806451612904 0.04838709677419355 0.016129032258064516 0.1967741935483871 0.02258064516129032 0.02903225806451613 0.02258064516129032 0.02903225806451613 0.02258064516129032 0.054838709677419356 0.016129032258064516 0.07419354838709677 
0.015625 0.021875 0.015625 0.015625 0.034375 0.015625 0.034375 0.053125 0.028125 0.015625 0.159375 0.021875 0.021875 0.371875 0.053125 0.040625 0.015625 0.021875 0.028125 0.015625 
0.08811475409836066 0.02663934426229508 0.030737704918032786 0.03483606557377049 0.014344262295081968 0.018442622950819672 0.1987704918032787 0.2069672131147541 0.14549180327868852 0.010245901639344262 0.02663934426229508 0.018442622950819672 0.018442622950819672 0.014344262295081968 0.022540983606557378 0.02663934426229508 0.014344262295081968 0.0471311475409836 0.010245901639344262 0.02663934426229508 
0.12091503267973856 0.03594771241830065 0.06209150326797386 0.016339869281045753 0.016339869281045753 0.08823529411764706 0.029411764705882353 0.08823529411764706 0.029411764705882353 0.016339869281045753 0.02287581699346405 0.029411764705882353 0.049019607843137254 0.042483660130718956 0.11437908496732026 0.05555555555555555 0.049019607843137254 0.08823529411764706 0.029411764705882353 0.016339869281045753 
0.02252252252252252 0.02252252252252252 0.07657657657657657 0.03153153153153153 0.04054054054054054 0.03153153153153153 0.02252252252252252 0.02252252252252252 0.02252252252252252 0.02252252252252252 0.02252252252252252 0.13963963963963963 0.23873873873873874 0.03153153153153153 0.04954954954954955 0.03153153153153153 0.02252252252252252 0.0945945945945946 0.03153153153153153 0.02252252252252252 
0.005707762557077625 0.11529680365296803 0.014840182648401826 0.019406392694063926 0.07420091324200913 0.010273972602739725 0.026255707762557076 0.010273972602739725 0.06278538812785388 0.026255707762557076 0.014840182648401826 0.030821917808219176 0.007990867579908675 0.028538812785388126 0.012557077625570776 0.012557077625570776 0.17922374429223745 0.295662100456621 0.012557077625570776 0.03995433789954338 
0.02388535031847134 0.06528662420382166 0.05573248407643312 0.007961783439490446 0.01751592356687898 0.3232484076433121 0.04936305732484077 0.14171974522292993 0.020700636942675158 0.011146496815286623 0.042993630573248405 0.03343949044585987 0.011146496815286623 0.04936305732484077 0.052547770700636945 0.007961783439490446 0.03343949044585987 0.014331210191082803 0.02388535031847134 0.014331210191082803 
0.011737089201877934 0.2887323943661972 0.01643192488262911 0.011737089201877934 0.01643192488262911 0.011737089201877934 0.035211267605633804 0.025821596244131457 0.01643192488262911 0.011737089201877934 0.035211267605633804 0.3544600938967136 0.025821596244131457 0.01643192488262911 0.035211267605633804 0.03051643192488263 0.01643192488262911 0.011737089201877934 0.011737089201877934 0.01643192488262911 
0.023148148148148147 0.023148148148148147 0.032407407407407406 0.032407407407407406 0.05092592592592592 0.041666666666666664 0.032407407407407406 0.041666666666666664 0.032407407407407406 0.032407407407407406 0.023148148148148147 0.032407407407407406 0.041666666666666664 0.023148148148148147 0.023148148148148147 0.05092592592592592 0.35648148148148145 0.032407407407407406 0.05092592592592592 0.023148148148148147 
0.06875 0.04375 0.11875 0.03125 0.04375 0.04375 0.03125 0.06875 0.04375 0.08125 0.04375 0.05625 0.06875 0.03125 0.03125 0.03125 0.03125 0.04375 0.05625 0.03125 
0.03125 0.10625 0.06875 0.05625 0.03125 0.03125 0.05625 0.05625 0.09375 0.08125 0.03125 0.03125 0.03125 0.04375 0.04375 0.03125 0.03125 0.04375 0.03125 0.06875 
0.032467532467532464 0.032467532467532464 0.14935064935064934 0.032467532467532464 0.045454545454545456 0.032467532467532464 0.032467532467532464 0.032467532467532464 0.032467532467532464 0.045454545454545456 0.05844155844155844 0.032467532467532464 0.14935064935064934 0.032467532467532464 0.032467532467532464 0.08441558441558442 0.032467532467532464 0.032467532467532464 0.045454545454545456 0.032467532467532464 
0.018 0.042 0.05 0.01 0.034 0.014 0.014 0.014 0.142 0.014 0.018 0.026 0.014 0.018 0.03 0.01 0.034 0.47 0.014 0.014 
0.10227272727272728 0.011363636363636364 0.075 0.038636363636363635 0.011363636363636364 0.025 0.26590909090909093 0.15227272727272728 0.0659090909090909 0.011363636363636364 0.011363636363636364 0.011363636363636364 0.029545454545454545 0.011363636363636364 0.05227272727272727 0.025 0.04772727272727273 0.015909090909090907 0.011363636363636364 0.025 
0.029296875 0.212890625 0.021484375 0.013671875 0.037109375 0.037109375 0.033203125 0.107421875 0.021484375 0.021484375 0.021484375 0.009765625 0.041015625 0.142578125 0.130859375 0.033203125 0.021484375 0.017578125 0.029296875 0.017578125 
0.03125 0.04375 0.03125 0.03125 0.03125 0.03125 0.10625 0.03125 0.03125 0.03125 0.03125 0.04375 0.03125 0.03125 0.29375 0.03125 0.03125 0.04375 0.03125 0.03125 
0.018617021276595744 0.0398936170212766 0.013297872340425532 0.013297872340425532 0.023936170212765957 0.05053191489361702 0.013297872340425532 0.2154255319148936 0.013297872340425532 0.023936170212765957 0.04521276595744681 0.013297872340425532 0.19946808510638298 0.17819148936170212 0.023936170212765957 0.023936170212765957 0.018617021276595744 0.013297872340425532 0.04521276595744681 0.013297872340425532 
0.017948717948717947 0.03333333333333333 0.19743589743589743 0.09487179487179487 0.07435897435897436 0.01282051282051282 0.023076923076923078 0.07948717948717948 0.01282051282051282 0.017948717948717947 0.023076923076923078 0.023076923076923078 0.01282051282051282 0.03333333333333333 0.01282051282051282 0.028205128205128206 0.017948717948717947 0.25384615384615383 0.017948717948717947 0.01282051282051282 
0.02717391304347826 0.08152173913043478 0.10326086956521739 0.02717391304347826 0.03804347826086957 0.059782608695652176 0.1358695652173913 0.02717391304347826 0.02717391304347826 0.02717391304347826 0.02717391304347826 0.03804347826086957 0.02717391304347826 0.02717391304347826 0.07065217391304347 0.11413043478260869 0.02717391304347826 0.02717391304347826 0.02717391304347826 0.059782608695652176 
0.02364864864864865 0.016891891891891893 0.016891891891891893 0.02364864864864865 0.016891891891891893 0.037162162162162164 0.04391891891891892 0.02364864864864865 0.016891891891891893 0.030405405405405407 0.09121621621621621 0.09121621621621621 0.02364864864864865 0.3885135135135135 0.030405405405405407 0.030405405405405407 0.04391891891891892 0.016891891891891893 0.016891891891891893 0.016891891891891893 
0.025547445255474453 0.16423357664233576 0.032846715328467155 0.01824817518248175 0.01824817518248175 0.06204379562043796 0.28832116788321166 0.025547445255474453 0.032846715328467155 0.01824817518248175 0.01824817518248175 0.01824817518248175 0.032846715328467155 0.01824817518248175 0.09124087591240876 0.040145985401459854 0.01824817518248175 0.01824817518248175 0.01824817518248175 0.040145985401459854 
0.06521739130434782 0.036231884057971016 0.09420289855072464 0.06521739130434782 0.050724637681159424 0.050724637681159424 0.036231884057971016 0.036231884057971016 0.036231884057971016 0.036231884057971016 0.07971014492753623 0.036231884057971016 0.050724637681159424 0.050724637681159424 0.036231884057971016 0.036231884057971016 0.036231884057971016 0.06521739130434782 0.036231884057971016 0.06521739130434782 
0.0423728813559322 0.059322033898305086 0.0423728813559322 0.0423728813559322 0.0423728813559322 0.0423728813559322 0.059322033898305086 0.0423728813559322 0.0423728813559322 0.1271186440677966 0.0423728813559322 0.07627118644067797 0.0423728813559322 0.0423728813559322 0.0423728813559322 0.0423728813559322 0.0423728813559322 0.0423728813559322 0.0423728813559322 0.0423728813559322 
0.014285714285714285 0.02 0.02 0.014285714285714285 0.07714285714285714 0.025714285714285714 0.02 0.014285714285714285 0.1 0.06571428571428571 0.02 0.3342857142857143 0.02 0.014285714285714285 0.06 0.02 0.02 0.037142857142857144 0.08857142857142856 0.014285714285714285 
0.04929577464788732 0.035211267605633804 0.035211267605633804 0.035211267605633804 0.04929577464788732 0.035211267605633804 0.09154929577464789 0.04929577464788732 0.035211267605633804 0.035211267605633804 0.07746478873239436 0.06338028169014084 0.035211267605633804 0.035211267605633804 0.04929577464788732 0.035211267605633804 0.04929577464788732 0.1056338028169014 0.06338028169014084 0.035211267605633804 
0.06716417910447761 0.03731343283582089 0.05223880597014925 0.03731343283582089 0.03731343283582089 0.03731343283582089 0.03731343283582089 0.05223880597014925 0.03731343283582089 0.05223880597014925 0.03731343283582089 0.11194029850746269 0.03731343283582089 0.05223880597014925 0.05223880597014925 0.06716417910447761 0.03731343283582089 0.06716417910447761 0.05223880597014925 0.03731343283582089 
0.015527950310559006 0.021739130434782608 0.046583850931677016 0.08385093167701864 0.021739130434782608 0.027950310559006212 0.021739130434782608 0.015527950310559006 0.046583850931677016 0.027950310559006212 0.021739130434782608 0.040372670807453416 0.015527950310559006 0.015527950310559006 0.027950310559006212 0.027950310559006212 0.021739130434782608 0.33229813664596275 0.12732919254658384 0.040372670807453416 
0.027439024390243903 0.027439024390243903 0.08231707317073171 0.051829268292682924 0.021341463414634148 0.2225609756097561 0.039634146341463415 0.04573170731707317 0.10670731707317073 0.021341463414634148 0.021341463414634148 0.10670731707317073 0.021341463414634148 0.021341463414634148 0.039634146341463415 0.01524390243902439 0.04573170731707317 0.027439024390243903 0.03353658536585366 0.021341463414634148 
0.021929824561403508 0.03070175438596491 0.021929824561403508 0.021929824561403508 0.05701754385964912 0.03070175438596491 0.03070175438596491 0.039473684210526314 0.04824561403508772 0.07456140350877193 0.021929824561403508 0.03070175438596491 0.03070175438596491 0.03070175438596491 0.03070175438596491 0.021929824561403508 0.33771929824561403 0.039473684210526314 0.05701754385964912 0.021929824561403508 
0.058333333333333334 0.10833333333333334 0.041666666666666664 0.041666666666666664 0.041666666666666664 0.041666666666666664 0.058333333333333334 0.041666666666666664 0.041666666666666664 0.041666666666666664 0.041666666666666664 0.041666666666666664 0.058333333333333334 0.058333333333333334 0.058333333333333334 0.041666666666666664 0.058333333333333334 0.041666666666666664 0.041666666666666664 0.041666666666666664 
0.041666666666666664 0.041666666666666664 0.041666666666666664 0.041666666666666664 0.041666666666666664 0.058333333333333334 0.041666666666666664 0.058333333333333334 0.125 0.058333333333333334 0.041666666666666664 0.041666666666666664 0.041666666666666664 0.041666666666666664 0.041666666666666664 0.041666666666666664 0.058333333333333334 0.041666666666666664 0.058333333333333334 0.041666666666666664 
0.020833333333333332 0.0625 0.0875 0.05416666666666667 0.020833333333333332 0.0375 0.09583333333333334 0.029166666666666667 0.029166666666666667 0.020833333333333332 0.020833333333333332 0.0625 0.0375 0.05416666666666667 0.029166666666666667 0.0625 0.020833333333333332 0.0375 0.020833333333333332 0.19583333333333333 
0.04375 0.04375 0.03125 0.06875 0.05625 0.04375 0.04375 0.03125 0.03125 0.03125 0.05625 0.14375 0.04375 0.03125 0.03125 0.06875 0.05625 0.06875 0.04375 0.03125 
0.018134715025906734 0.018134715025906734 0.023316062176165803 0.25129533678756477 0.018134715025906734 0.02849740932642487 0.17875647668393782 0.02849740932642487 0.08549222797927461 0.023316062176165803 0.02849740932642487 0.012953367875647668 0.018134715025906734 0.02849740932642487 0.012953367875647668 0.038860103626943004 0.018134715025906734 0.12176165803108809 0.023316062176165803 0.023316062176165803 
0.041666666666666664 0.02976190476190476 0.02976190476190476 0.10119047619047619 0.05357142857142857 0.05357142857142857 0.02976190476190476 0.02976190476190476 0.05357142857142857 0.25595238095238093 0.02976190476190476 0.02976190476190476 0.02976190476190476 0.041666666666666664 0.02976190476190476 0.02976190476190476 0.02976190476190476 0.02976190476190476 0.041666666666666664 0.02976190476190476 
0.015625 0.034375 0.015625 0.028125 0.053125 0.034375 0.046875 0.015625 0.353125 0.015625 0.015625 0.021875 0.053125 0.015625 0.021875 0.015625 0.015625 0.015625 0.028125 0.184375 
0.013307984790874524 0.08555133079847908 0.028517110266159697 0.024714828897338403 0.013307984790874524 0.14258555133079848 0.051330798479087454 0.009505703422053232 0.14258555133079848 0.009505703422053232 0.017110266159695818 0.028517110266159697 0.02091254752851711 0.013307984790874524 0.055133079847908745 0.017110266159695818 0.03231939163498099 0.009505703422053232 0.009505703422053232 0.27566539923954375 
0.031914893617021274 0.024822695035460994 0.05319148936170213 0.01773049645390071 0.30141843971631205 0.06028368794326241 0.031914893617021274 0.031914893617021274 0.03900709219858156 0.01773049645390071 0.01773049645390071 0.04609929078014184 0.0673758865248227 0.031914893617021274 0.05319148936170213 0.024822695035460994 0.01773049645390071 0.06028368794326241 0.03900709219858156 0.031914893617021274 
0.0390625 0.1015625 0.0390625 0.0390625 0.0390625 0.0546875 0.1328125 0.0390625 0.0390625 0.0390625 0.0546875 0.0546875 0.0390625 0.0390625 0.0390625 0.0390625 0.0546875 0.0390625 0.0390625 0.0390625 
0.04430379746835443 0.03164556962025317 0.04430379746835443 0.04430379746835443 0.13291139240506328 0.03164556962025317 0.04430379746835443 0.056962025316455694 0.0949367088607595 0.04430379746835443 0.03164556962025317 0.10759493670886076 0.03164556962025317 0.03164556962025317 0.03164556962025317 0.04430379746835443 0.03164556962025317 0.04430379746835443 0.03164556962025317 0.04430379746835443 
0.04032258064516129 0.04032258064516129 0.056451612903225805 0.056451612903225805 0.04032258064516129 0.07258064516129033 0.04032258064516129 0.04032258064516129 0.10483870967741936 0.04032258064516129 0.04032258064516129 0.04032258064516129 0.04032258064516129 0.04032258064516129 0.056451612903225805 0.056451612903225805 0.04032258064516129 0.04032258064516129 0.04032258064516129 0.07258064516129033 
0.009433962264150943 0.14150943396226415 0.009433962264150943 0.009433962264150943 0.016981132075471698 0.009433962264150943 0.04339622641509434 0.03207547169811321 0.013207547169811321 0.013207547169811321 0.03207547169811321 0.024528301886792454 0.013207547169811321 0.19433962264150945 0.009433962264150943 0.035849056603773584 0.009433962264150943 0.009433962264150943 0.009433962264150943 0.3641509433962264 
0.2827868852459016 0.020491803278688523 0.020491803278688523 0.028688524590163935 0.020491803278688523 0.020491803278688523 0.020491803278688523 0.20901639344262296 0.020491803278688523 0.020491803278688523 0.020491803278688523 0.020491803278688523 0.020491803278688523 0.06147540983606557 0.028688524590163935 0.020491803278688523 0.028688524590163935 0.06967213114754098 0.028688524590163935 0.036885245901639344 
0.03435114503816794 0.03435114503816794 0.12595419847328243 0.0648854961832061 0.026717557251908396 0.026717557251908396 0.14885496183206107 0.15648854961832062 0.11068702290076336 0.026717557251908396 0.026717557251908396 0.019083969465648856 0.019083969465648856 0.019083969465648856 0.026717557251908396 0.026717557251908396 0.04198473282442748 0.026717557251908396 0.019083969465648856 0.019083969465648856 
0.023333333333333334 0.016666666666666666 0.06333333333333334 0.03 0.023333333333333334 0.2633333333333333 0.016666666666666666 0.16333333333333333 0.11 0.023333333333333334 0.016666666666666666 0.03 0.023333333333333334 0.016666666666666666 0.06333333333333334 0.023333333333333334 0.03 0.023333333333333334 0.023333333333333334 0.016666666666666666 
0.027196652719665274 0.12761506276150628 0.01882845188284519 0.02301255230125523 0.09832635983263599 0.010460251046025104 0.03138075313807531 0.014644351464435146 0.14435146443514643 0.014644351464435146 0.014644351464435146 0.03556485355648536 0.01882845188284519 0.010460251046025104 0.0397489539748954 0.01882845188284519 0.014644351464435146 0.3117154811715481 0.010460251046025104 0.014644351464435146 
